# M(M_sol)                 Lambda          n_Bc(fm^-3)         R(km)            m_B(M_sol)        m_Bquar/M_B
0.1543419257     15782827.5708194841      0.1560000000      18.2640806333      0.1545840116      0.0000000000
0.1590501729     13468180.9214787111      0.1580000000      17.7565581724      0.1593612175      0.0000000000
0.1639390933     11509220.7915821690      0.1600000000      17.2944648466      0.1643256267      0.0000000000
0.1690086481      9849135.2617598716      0.1620000000      16.8731478500      0.1694776141      0.0000000000
0.1742587044      8440556.7217280325      0.1640000000      16.4885066803      0.1748174721      0.0000000000
0.1796890994      7243899.4367305031      0.1660000000      16.1369208003      0.1803454750      0.0000000000
0.1852995469      6226014.9502309300      0.1680000000      15.8151865055      0.1860617839      0.0000000000
0.1910896455      5359103.5813467503      0.1700000000      15.5204587790      0.1919664541      0.0000000000
0.1970589537      4619828.0320540518      0.1720000000      15.2502126658      0.1980595116      0.0000000000
0.2032068811      3988571.2850663685      0.1740000000      15.0021946544      0.2043408409      0.0000000000
0.2095327958      3448830.7451821505      0.1760000000      14.7743958560      0.2108102947      0.0000000000
0.2160359452      2986715.9282616130      0.1780000000      14.5650216051      0.2174676121      0.0000000000
0.2227154823      2590515.0007293671      0.1800000000      14.3724596597      0.2243124449      0.0000000000
0.2295704745      2250351.9745284715      0.1820000000      14.1952652806      0.2313443661      0.0000000000
0.2365998714      1957887.1130745967      0.1840000000      14.0321368269      0.2385628355      0.0000000000
0.2438025495      1706072.1830281084      0.1860000000      13.8819031542      0.2459672460      0.0000000000
0.2511772361      1488944.6210826316      0.1880000000      13.7435033662      0.2535568438      0.0000000000
0.2587226001      1301455.0913487514      0.1900000000      13.6159808461      0.2613308210      0.0000000000
0.2664371875      1139322.1379330305      0.1920000000      13.4984673226      0.2692882489      0.0000000000
0.2743194587       998912.4567778680      0.1940000000      13.3901760997      0.2774281151      0.0000000000
0.2823677397       877137.6345930728      0.1960000000      13.2903891553      0.2857492726      0.0000000000
0.2905802795       771370.8632442682      0.1980000000      13.1984548055      0.2942504983      0.0000000000
0.2989552174       679374.0249426401      0.2000000000      13.1137777320      0.3029304575      0.0000000000
0.3074905927       599238.6222882577      0.2020000000      13.0358145355      0.3117877143      0.0000000000
0.3161843203       529334.2660611559      0.2040000000      12.9640654144      0.3208207040      0.0000000000
0.3250342593       468267.5118556370      0.2060000000      12.8980764924      0.3300278043      0.0000000000
0.3340381347       414844.8236051074      0.2080000000      12.8374278488      0.3394072526      0.0000000000
0.3431936017       368043.2319415933      0.2100000000      12.7817358144      0.3489572121      0.0000000000
0.3524982160       326984.5126152417      0.2120000000      12.7306468609      0.3586757394      0.0000000000
0.3619494282       290913.6648315905      0.2140000000      12.6838339478      0.3685607784      0.0000000000
0.3715446054       259180.9211478539      0.2160000000      12.6409957670      0.3786101812      0.0000000000
0.3812810437       231226.3635166474      0.2180000000      12.6018552339      0.3888217205      0.0000000000
0.3911559553       206566.7327793617      0.2200000000      12.5661559024      0.3991930753      0.0000000000
0.4011664631       184784.4200714256      0.2220000000      12.5336595755      0.4097218238      0.0000000000
0.4113096127       165518.0870168768      0.2240000000      12.5041452396      0.4204054554      0.0000000000
0.4215823879       148454.6942205166      0.2260000000      12.4774087432      0.4312413858      0.0000000000
0.4319817006       133322.6777084668      0.2280000000      12.4532601641      0.4422269457      0.0000000000
0.4425044068       119886.1544301479      0.2300000000      12.4315237382      0.4533593965      0.0000000000
0.4531472729       107939.9125441923      0.2320000000      12.4120334546      0.4646358937      0.0000000000
0.4639070485        97305.3199467984      0.2340000000      12.3946380840      0.4760535635      0.0000000000
0.4747804093        87826.5549737624      0.2360000000      12.3791948710      0.4876094411      0.0000000000
0.4857639668        79367.5800851331      0.2380000000      12.3655694064      0.4993004801      0.0000000000
0.4968543221        71809.5171790578      0.2400000000      12.3536390714      0.5111236091      0.0000000000
0.5080480172        65048.2931124467      0.2420000000      12.3432877524      0.5230756787      0.0000000000
0.5193415457        58992.6957835103      0.2440000000      12.3344058918      0.5351534728      0.0000000000
0.5307313996        53562.7317089425      0.2460000000      12.3268936036      0.5473537574      0.0000000000
0.5422140125        48688.1057242769      0.2480000000      12.3206548015      0.5596732186      0.0000000000
0.5537858137        44307.0112398167      0.2500000000      12.3156012149      0.5721085216      0.0000000000
0.5654432047        40365.0228908652      0.2520000000      12.3116494633      0.5846562828      0.0000000000
0.5771825709        36814.1638270050      0.2540000000      12.3087213857      0.5973130836      0.0000000000
0.5890002862        33612.0909901148      0.2560000000      12.3067436426      0.6100754733      0.0000000000
0.6008927170        30721.3940340720      0.2580000000      12.3056475170      0.6229399743      0.0000000000
0.6128562238        28108.9818758930      0.2600000000      12.3053683894      0.6359030819      0.0000000000
0.6248871689        25745.5526979490      0.2620000000      12.3058457475      0.6489612736      0.0000000000
0.6369819163        23605.1278128982      0.2640000000      12.3070226211      0.6621110077      0.0000000000
0.6491368349        21664.6532325330      0.2660000000      12.3088453214      0.6753487269      0.0000000000
0.6613483055        19903.6457428177      0.2680000000      12.3112635626      0.6886708650      0.0000000000
0.6736127273        18303.8889747115      0.2700000000      12.3142298731      0.7020738545      0.0000000000
0.6859265001        16849.1657201790      0.2720000000      12.3176999272      0.7155541064      0.0000000000
0.6982860634        15525.0208589768      0.2740000000      12.3216320666      0.7291080529      0.0000000000
0.7106878646        14318.5575911543      0.2760000000      12.3259863329      0.7427321123      0.0000000000
0.7231283814        13218.2576594358      0.2780000000      12.3307254299      0.7564227136      0.0000000000
0.7356041295        12213.8255769977      0.2800000000      12.3358151760      0.7701763051      0.0000000000
0.7481116472        11296.0486408485      0.2820000000      12.3412226414      0.7839893370      0.0000000000
0.7606475008        10456.6714570843      0.2840000000      12.3469161769      0.7978582674      0.0000000000
0.7732083049         9688.2952276935      0.2860000000      12.3528671530      0.8117795850      0.0000000000
0.7857907097         8984.2776279991      0.2880000000      12.3590482618      0.8257497950      0.0000000000
0.7983913986         8338.6511478722      0.2900000000      12.3654330882      0.8397654162      0.0000000000
0.8110071136         7746.0526785678      0.2920000000      12.3719982876      0.8538230101      0.0000000000
0.8236346224         7201.6517613173      0.2940000000      12.3787199825      0.8679191438      0.0000000000
0.8362707542         6701.0992062378      0.2960000000      12.3855771192      0.8820504300      0.0000000000
0.8489123869         6240.4723213843      0.2980000000      12.3925498527      0.8962135139      0.0000000000
0.8615564436         5816.2312583218      0.3000000000      12.3996191255      0.9104050683      0.0000000000
0.8741998886         5425.1782234138      0.3020000000      12.4067659710      0.9246217903      0.0000000000
0.8868397667         5064.4226643163      0.3040000000      12.4139750973      0.9388604451      0.0000000000
0.8994731500         4731.3481976243      0.3060000000      12.4212296393      0.9531178071      0.0000000000
0.9120971810         4423.5860188381      0.3080000000      12.4285151356      0.9673907080      0.0000000000
0.9247090543         4138.9886607518      0.3100000000      12.4358175992      0.9816760176      0.0000000000
0.9373060256         3875.6081536061      0.3120000000      12.4431242452      0.9959706537      0.0000000000
0.9498854036         3631.6753964092      0.3140000000      12.4504225187      1.0102715730      0.0000000000
0.9624445583         3405.5835281032      0.3160000000      12.4577009735      1.0245757818      0.0000000000
0.9749809215         3195.8704844484      0.3180000000      12.4649489427      1.0388803364      0.0000000000
0.9874919831         3001.2063380103      0.3200000000      12.4721563738      1.0531823396      0.0000000000
0.9999752947         2820.3792211118      0.3220000000      12.4793139120      1.0674789455      0.0000000000
1.0124284679         2652.2846152155      0.3240000000      12.4864127353      1.0817673575      0.0000000000
1.0248491756         2495.9146116786      0.3260000000      12.4934445375      1.0960448306      0.0000000000
1.0372351536         2350.3494144255      0.3280000000      12.5004018476      1.1103086740      0.0000000000
1.0495841980         2214.7482051911      0.3300000000      12.5072774672      1.1245562482      0.0000000000
1.0618941669         2088.3425646818      0.3320000000      12.5140648439      1.1387849678      0.0000000000
1.0741629795         1970.4290766331      0.3340000000      12.5207577693      1.1529923009      0.0000000000
1.0863886178         1860.3637613292      0.3360000000      12.5273506981      1.1671757717      0.0000000000
1.0985691212         1757.5563828272      0.3380000000      12.5338380757      1.1813329546      0.0000000000
1.1107025959         1661.4658032897      0.3400000000      12.5402153864      1.1954614860      0.0000000000
1.1227872038         1571.5953041031      0.3420000000      12.5464778520      1.2095590514      0.0000000000
1.1348211685         1487.4889093106      0.3440000000      12.5526215543      1.2236233938      0.0000000000
1.1468027746         1408.7274777517      0.3460000000      12.5586427298      1.2376523128      0.0000000000
1.1587303646         1334.9256044307      0.3480000000      12.5645378838      1.2516436616      0.0000000000
1.1706023383         1265.7286163284      0.3500000000      12.5703036567      1.2655953473      0.0000000000
1.1824171582         1200.8099670222      0.3520000000      12.5759375049      1.2795053373      0.0000000000
1.1941733388         1139.8687545817      0.3540000000      12.5814365347      1.2933716477      0.0000000000
1.2058694586         1082.6275582407      0.3560000000      12.5867988787      1.3071923577      0.0000000000
1.2175041437         1028.8303659913      0.3580000000      12.5920219897      1.3209655909      0.0000000000
1.2290760822          978.2409058884      0.3600000000      12.5971042868      1.3346895333      0.0000000000
1.2405840140          930.6408440028      0.3620000000      12.6020440384      1.3483624208      0.0000000000
1.2520267329          885.8283933749      0.3640000000      12.6068397493      1.3619825435      0.0000000000
1.2634030894          843.6169088643      0.3660000000      12.6114905501      1.3755482484      0.0000000000
1.2747119814          803.8336507373      0.3680000000      12.6159951714      1.3890579299      0.0000000000
1.2859523608          766.3186463663      0.3700000000      12.6203528281      1.4025100374      0.0000000000
1.2971232285          730.9236690216      0.3720000000      12.6245627429      1.4159030703      0.0000000000
1.3082236360          697.5112503198      0.3740000000      12.6286243879      1.4292355804      0.0000000000
1.3192526843          665.9539362719      0.3760000000      12.6325374858      1.4425061708      0.0000000000
1.3302095219          636.1333675799      0.3780000000      12.6363018786      1.4557134944      0.0000000000
1.3410933401          607.9396035462      0.3800000000      12.6399170241      1.4688562486      0.0000000000
1.3519033830          581.2705146569      0.3820000000      12.6433833822      1.4819331878      0.0000000000
1.3626389350          556.0311238932      0.3840000000      12.6467009506      1.4949431088      0.0000000000
1.3732993254          532.1330471060      0.3860000000      12.6498699233      1.5078848568      0.0000000000
1.3838839259          509.4940495810      0.3880000000      12.6528905638      1.5207573231      0.0000000000
1.3943921547          488.0375392061      0.3900000000      12.6557637660      1.5335594500      0.0000000000
1.4048234626          467.6921138456      0.3920000000      12.6584894743      1.5462902150      0.0000000000
1.4151773471          448.3912277937      0.3940000000      12.6610685089      1.5589486479      0.0000000000
1.4254533423          430.0727995943      0.3960000000      12.6635015180      1.5715338191      0.0000000000
1.4356510242          412.6788947146      0.3980000000      12.6657896354      1.5840448466      0.0000000000
1.4457699987          396.1553987577      0.4000000000      12.6679331516      1.5964808814      0.0000000000
1.4558099149          380.4517774203      0.4020000000      12.6699333376      1.6088411246      0.0000000000
1.4657704537          365.5207748191      0.4040000000      12.6717910615      1.6211248134      0.0000000000
1.4756513319          351.3182110018      0.4060000000      12.6735074531      1.6333312270      0.0000000000
1.4854522963          337.8027418458      0.4080000000      12.6750832473      1.6454596791      0.0000000000
1.4951731311          324.9356635792      0.4100000000      12.6765198810      1.6575095280      0.0000000000
1.5048136500          312.6807390091      0.4120000000      12.6778185566      1.6694801665      0.0000000000
1.5143736950          301.0039927159      0.4140000000      12.6789802174      1.6813710214      0.0000000000
1.5238531401          289.8736063580      0.4160000000      12.6800061431      1.6931815581      0.0000000000
1.5332518903          279.2597168277      0.4180000000      12.6808979496      1.7049112796      0.0000000000
1.5425698735          269.1343112300      0.4200000000      12.6816565921      1.7165597171      0.0000000000
1.5518070499          259.4710825764      0.4220000000      12.6822837564      1.7281264415      0.0000000000
1.5609634001          250.2453316101      0.4240000000      12.6827803727      1.7396110490      0.0000000000
1.5700389359          241.4338540645      0.4260000000      12.6831481775      1.7510131753      0.0000000000
1.5790336891          233.0148395183      0.4280000000      12.6833883155      1.7623324813      0.0000000000
1.5879477192          224.9677732202      0.4300000000      12.6835024813      1.7735686631      0.0000000000
1.5967811064          217.2733590992      0.4320000000      12.6834920946      1.7847214438      0.0000000000
1.6055339526          209.9134237805      0.4340000000      12.6833584885      1.7957905747      0.0000000000
1.6142063821          202.8708711616      0.4360000000      12.6831032015      1.8067758363      0.0000000000
1.6227985401          196.1295852712      0.4380000000      12.6827277705      1.8176770371      0.0000000000
1.6313105910          189.6743863209      0.4400000000      12.6822336926      1.8284940111      0.0000000000
1.6397427180          183.4909592248      0.4420000000      12.6816224058      1.8392266181      0.0000000000
1.6480951237          177.5658012281      0.4440000000      12.6808954736      1.8498747438      0.0000000000
1.6563680282          171.8861769733      0.4460000000      12.6800544526      1.8604382987      0.0000000000
1.6645616690          166.4400629661      0.4480000000      12.6791009501      1.8709172170      0.0000000000
1.6726762977          161.2161022881      0.4500000000      12.6780362170      1.8813114535      0.0000000000
1.6807121848          156.2035718428      0.4520000000      12.6768620196      1.8916209893      0.0000000000
1.6886696143          151.3923361659      0.4540000000      12.6755798634      1.9018458253      0.0000000000
1.6965488835          146.7728145941      0.4560000000      12.6741910866      1.9119859823      0.0000000000
1.7043503071          142.3359420954      0.4580000000      12.6726975325      1.9220415056      0.0000000000
1.7120742092          138.0731483450      0.4600000000      12.6711004820      1.9320124558      0.0000000000
1.7197209296          133.9763205124      0.4620000000      12.6694017135      1.9418989166      0.0000000000
1.7272908167          130.0377736417      0.4640000000      12.6676023716      1.9517009857      0.0000000000
1.7347842339          126.2502330842      0.4660000000      12.6657042213      1.9614187835      0.0000000000
1.7422015542          122.6068056662      0.4680000000      12.6637087455      1.9710524457      0.0000000000
1.7495431611          119.1009582876      0.4700000000      12.6616174614      1.9806021252      0.0000000000
1.7568094469          115.7264969083      0.4720000000      12.6594316414      1.9900679893      0.0000000000
1.7640008162          112.4775435819      0.4740000000      12.6571530661      1.9994502252      0.0000000000
1.7711176801          109.3485257073      0.4760000000      12.6547830370      2.0087490315      0.0000000000
1.7781604595          106.3341542228      0.4780000000      12.6523231663      2.0179646236      0.0000000000
1.7851295817          103.4294029867      0.4800000000      12.6497746466      2.0270972287      0.0000000000
1.7920254839          100.6295020170      0.4820000000      12.6471391183      2.0361470905      0.0000000000
1.7988486092           97.9299178989      0.4840000000      12.6444180010      2.0451144642      0.0000000000
1.8055994077           95.3263435883      0.4860000000      12.6416127107      2.0539996180      0.0000000000
1.8122783358           92.8146857787      0.4880000000      12.6387246808      2.0628028322      0.0000000000
1.8188858547           90.3910500100      0.4900000000      12.6357551120      2.0715243973      0.0000000000
1.8254224338           88.0517283177      0.4920000000      12.6327056337      2.0801646181      0.0000000000
1.8318885455           85.7931982210      0.4940000000      12.6295775077      2.0887238078      0.0000000000
1.8382846684           83.6121047889      0.4960000000      12.6263721988      2.0972022913      0.0000000000
1.8446112834           81.5052485971      0.4980000000      12.6230908133      2.1056004009      0.0000000000
1.8508688784           79.4695896465      0.5000000000      12.6197348876      2.1139184818      0.0000000000
1.8570579438           77.5022277840      0.5020000000      12.6163057385      2.1221568868      0.0000000000
1.8631789731           75.6003995322      0.5040000000      12.6128046296      2.1303159766      0.0000000000
1.8692324638           73.7614674817      0.5060000000      12.6092328914      2.1383961214      0.0000000000
1.8752189159           71.9829235128      0.5080000000      12.6055918107      2.1463976987      0.0000000000
1.8811388310           70.2623709770      0.5100000000      12.6018824726      2.1543210922      0.0000000000
1.8869927153           68.5975191162      0.5120000000      12.5981063245      2.1621666961      0.0000000000
1.8927810755           66.9861896689      0.5140000000      12.5942645723      2.1699349089      0.0000000000
1.8985044207           65.4262964960      0.5160000000      12.5903584257      2.1776261364      0.0000000000
1.9041632604           63.9158517893      0.5180000000      12.5863889730      2.1852407895      0.0000000000
1.9097581078           62.4529535672      0.5200000000      12.5823576315      2.1927792876      0.0000000000
1.9152894752           61.0357858894      0.5220000000      12.5782654600      2.2002420531      0.0000000000
1.9207578762           59.6626134701      0.5240000000      12.5741136187      2.2076295143      0.0000000000
1.9261638252           58.3317758745      0.5260000000      12.5699032558      2.2149421046      0.0000000000
1.9315078372           57.0416875795      0.5280000000      12.5656355165      2.2221802622      0.0000000000
1.9367904276           55.7908290878      0.5300000000      12.5613115607      2.2293444298      0.0000000000
1.9420121119           54.5777491938      0.5320000000      12.5569325648      2.2364350544      0.0000000000
1.9471734037           53.4010581100      0.5340000000      12.5524993371      2.2434525844      0.0000000000
1.9522748197           52.2594230740      0.5360000000      12.5480132816      2.2503974760      0.0000000000
1.9573168728           51.1515731382      0.5380000000      12.5434752351      2.2572701848      0.0000000000
1.9623000778           50.0762864874      0.5400000000      12.5388864566      2.2640711726      0.0000000000
1.9672249467           49.0323933615      0.5420000000      12.5342477658      2.2708009012      0.0000000000
1.9720919919           48.0187755380      0.5440000000      12.5295602761      2.2774598370      0.0000000000
1.9769017248           47.0343577520      0.5460000000      12.5248251059      2.2840484490      0.0000000000
1.9816546546           46.0781111554      0.5480000000      12.5200431256      2.2905672069      0.0000000000
1.9863512896           45.1490485835      0.5500000000      12.5152153387      2.2970165830      0.0000000000
1.9909921370           44.2462234647      0.5520000000      12.5103427126      2.3033970519      0.0000000000
1.9955777018           43.3687275299      0.5540000000      12.5054262066      2.3097090890      0.0000000000
2.0001084883           42.5156879002      0.5560000000      12.5004668502      2.3159531724      0.0000000000
2.0045849971           41.6862693026      0.5580000000      12.4954653885      2.3221297791      0.0000000000
2.0090077285           40.8796684993      0.5600000000      12.4904227869      2.3282393890      0.0000000000
2.0133771816           40.0951124034      0.5620000000      12.4853401799      2.3342824841      0.0000000000
2.0176938499           39.3318618389      0.5640000000      12.4802180419      2.3402595424      0.0000000000
2.0219582288           38.5892037242      0.5660000000      12.4750576344      2.3461710484      0.0000000000
2.0261708084           37.8664548128      0.5680000000      12.4698595652      2.3520174821      0.0000000000
2.0303320780           37.1629575213      0.5700000000      12.4646247916      2.3577993268      0.0000000000
2.0344425240           36.4780795340      0.5720000000      12.4593541683      2.3635170647      0.0000000000
2.0385026302           35.8112132032      0.5740000000      12.4540484778      2.3691711779      0.0000000000
2.0425128780           35.1617734432      0.5760000000      12.4487085522      2.3747621487      0.0000000000
2.0464737458           34.5291984916      0.5780000000      12.4433351513      2.3802904589      0.0000000000
2.0503857092           33.9129470515      0.5800000000      12.4379290579      2.3857565895      0.0000000000
2.0542492416           33.3124981609      0.5820000000      12.4324910513      2.3911610217      0.0000000000
2.0580648135           32.7273510785      0.5840000000      12.4270219328      2.3965042360      0.0000000000
2.0618328921           32.1570230502      0.5860000000      12.4215224393      2.4017867118      0.0000000000
2.0655539420           31.6010494224      0.5880000000      12.4159933584      2.4070089279      0.0000000000
2.0692284244           31.0589814368      0.5900000000      12.4104353556      2.4121713616      0.0000000000
2.0728567975           30.5303896090      0.5920000000      12.4048490996      2.4172744891      0.0000000000
2.0764395177           30.0148569103      0.5940000000      12.3992355008      2.4223187872      0.0000000000
2.0799770358           29.5119840394      0.5960000000      12.3935949372      2.4273047281      0.0000000000
2.0834698022           29.0213839813      0.5980000000      12.3879283966      2.4322327863      0.0000000000
2.0869182618           28.5426852004      0.6000000000      12.3822363032      2.4371034317      0.0000000000
2.0903228583           28.0755283931      0.6020000000      12.3765195263      2.4419171355      0.0000000000
2.0936840311           27.6195674551      0.6040000000      12.3707786325      2.4466743656      0.0000000000
2.0970022159           27.1744688460      0.6060000000      12.3650142432      2.4513755881      0.0000000000
2.1002778460           26.7399097440      0.6080000000      12.3592269422      2.4560212681      0.0000000000
2.1035113514           26.3155795784      0.6100000000      12.3534174341      2.4606118688      0.0000000000
2.1067031584           25.9011781943      0.6120000000      12.3475863408      2.4651478516      0.0000000000
2.1098536901           25.4964157245      0.6140000000      12.3417342287      2.4696296757      0.0000000000
2.1129633664           25.1010124448      0.6160000000      12.3358616850      2.4740577984      0.0000000000
2.1160326037           24.7146979879      0.6180000000      12.3299693311      2.4784326752      0.0000000000
2.1190618150           24.3372116223      0.6200000000      12.3240577216      2.4827547591      0.0000000000
2.1220514099           23.9683014810      0.6220000000      12.3181273678      2.4870245008      0.0000000000
2.1250017946           23.6077228435      0.6240000000      12.3121788075      2.4912423493      0.0000000000
2.1279133723           23.2552414445      0.6260000000      12.3062126225      2.4954087512      0.0000000000
2.1307865431           22.9106292334      0.6280000000      12.3002295208      2.4995241520      0.0000000000
2.1336217021           22.5736658948      0.6300000000      12.2942296961      2.5035889918      0.0000000000
2.1364192429           22.2441392723      0.6320000000      12.2882139037      2.5076037116      0.0000000000
2.1391795547           21.9218430397      0.6340000000      12.2821825846      2.5115687483      0.0000000000
2.1419030235           21.6065789267      0.6360000000      12.2761362467      2.5154845366      0.0000000000
2.1445900320           21.2981533913      0.6380000000      12.2700753594      2.5193515090      0.0000000000
2.1472409596           20.9963809268      0.6400000000      12.2640005027      2.5231700956      0.0000000000
2.1498561815           20.7010815497      0.6420000000      12.2579119101      2.5269407226      0.0000000000
2.1524360714           20.4120796663      0.6440000000      12.2518103404      2.5306638165      0.0000000000
2.1549809978           20.1292073782      0.6460000000      12.2456961128      2.5343397984      0.0000000000
2.1574913266           19.8523007410      0.6480000000      12.2395697063      2.5379690884      0.0000000000
2.1599674201           19.5812016703      0.6500000000      12.2334314710      2.5415521027      0.0000000000
2.1624096377           19.3157566830      0.6520000000      12.2272819410      2.5450892563      0.0000000000
2.1648183354           19.0558170473      0.6540000000      12.2211215682      2.5485809609      0.0000000000
2.1671938656           18.8012389457      0.6560000000      12.2149507444      2.5520276256      0.0000000000
2.1695365775           18.5518829904      0.6580000000      12.2087698578      2.5554296563      0.0000000000
2.1718468170           18.3076140805      0.6600000000      12.2025793177      2.5587874567      0.0000000000
2.1741249269           18.0683012019      0.6620000000      12.1963795625      2.5621014277      0.0000000000
2.1763712468           17.8338174278      0.6640000000      12.1901709965      2.5653719677      0.0000000000
2.1785861127           17.6040395528      0.6660000000      12.1839539906      2.5685994718      0.0000000000
2.1807698572           17.3788485377      0.6680000000      12.1777288131      2.5717843321      0.0000000000
2.1829228106           17.1581282797      0.6700000000      12.1714959666      2.5749269392      0.0000000000
2.1850452993           16.9417666767      0.6720000000      12.1652557612      2.5780276799      0.0000000000
2.1871376472           16.7296546776      0.6740000000      12.1590087094      2.5810869393      0.0000000000
2.1892001734           16.5216868193      0.6760000000      12.1527548818      2.5841050971      0.0000000000
2.1912331959           16.3177604092      0.6780000000      12.1464948263      2.5870825336      0.0000000000
2.1932370287           16.1177761114      0.6800000000      12.1402288857      2.5900196243      0.0000000000
2.1952119822           15.9216370310      0.6820000000      12.1339572646      2.5929167420      0.0000000000
2.1971583649           15.7292496858      0.6840000000      12.1276804992      2.5957742580      0.0000000000
2.1990764809           15.5405227714      0.6860000000      12.1213986812      2.5985925387      0.0000000000
2.2009666325           15.3553681070      0.6880000000      12.1151123386      2.6013719498      0.0000000000
2.2028291180           15.1736998218      0.6900000000      12.1088216517      2.6041128528      0.0000000000
2.2046642332           14.9954345505      0.6920000000      12.1025269437      2.6068156069      0.0000000000
2.2064722709           14.8204911809      0.6940000000      12.0962285644      2.6094805686      0.0000000000
2.2082535209           14.6487911225      0.6960000000      12.0899267786      2.6121080917      0.0000000000
2.2100082698           14.4802578287      0.6980000000      12.0836218179      2.6146985266      0.0000000000
2.2117368020           14.3148170008      0.7000000000      12.0773141274      2.6172522220      0.0000000000
2.2134393982           14.1523964392      0.7020000000      12.0710038631      2.6197695227      0.0000000000
2.2151163367           13.9929259694      0.7040000000      12.0646913725      2.6222507716      0.0000000000
2.2167678925           13.8363374235      0.7060000000      12.0583768058      2.6246963079      0.0000000000
2.2183943384           13.6825643609      0.7080000000      12.0520605078      2.6271064691      0.0000000000
2.2199959440           13.5315421079      0.7100000000      12.0457427497      2.6294815893      0.0000000000
2.2215729764           13.3832080473      0.7120000000      12.0394237887      2.6318220004      0.0000000000
2.2231256998           13.2375011409      0.7140000000      12.0331038756      2.6341280312      0.0000000000
2.2246543753           13.0943620088      0.7160000000      12.0267832567      2.6364000076      0.0000000000
2.2261592619           12.9537327414      0.7180000000      12.0204621738      2.6386382533      0.0000000000
2.2276406157           12.8155572814      0.7200000000      12.0141408650      2.6408430889      0.0000000000
2.2290986898           12.6797809431      0.7220000000      12.0078195672      2.6430148326      0.0000000000
2.2305337348           12.5463505464      0.7240000000      12.0014984458      2.6451537993      0.0000000000
2.2319459992           12.4152141338      0.7260000000      11.9951777777      2.6472603023      0.0000000000
2.2333357281           12.2863214898      0.7280000000      11.9888578041      2.6493346510      0.0000000000
2.2347031647           12.1596232388      0.7300000000      11.9825386981      2.6513771536      0.0000000000
2.2360485498           12.0350715502      0.7320000000      11.9762208010      2.6533881152      0.0000000000
2.2373721203           11.9126200546      0.7340000000      11.9699041035      2.6553678368      0.0000000000
2.2386741120           11.7922235323      0.7360000000      11.9635889488      2.6573166188      0.0000000000
2.2399547582           11.6738373358      0.7380000000      11.9572755773      2.6592347586      0.0000000000
2.2412142886           11.5574188120      0.7400000000      11.9509640589      2.6611225499      0.0000000000
2.2424529314           11.4429260771      0.7420000000      11.9446546353      2.6629802848      0.0000000000
2.2436709127           11.3303179357      0.7440000000      11.9383476246      2.6648082535      0.0000000000
2.2448684547           11.2195549962      0.7460000000      11.9320429994      2.6666067415      0.0000000000
2.2460457792           11.1105981311      0.7480000000      11.9257411469      2.6683760346      0.0000000000
2.2472031037           11.0034098329      0.7500000000      11.9194420280      2.6701164131      0.0000000000
2.2483406449           10.8979529912      0.7520000000      11.9131460375      2.6718281576      0.0000000000
2.2494586163           10.7941919267      0.7540000000      11.9068531318      2.6735115439      0.0000000000
2.2505572299           10.6920914055      0.7560000000      11.9005637002      2.6751668479      0.0000000000
2.2516366946           10.5916173866      0.7580000000      11.8942777533      2.6767943403      0.0000000000
2.2526972176           10.4927364567      0.7600000000      11.8879955416      2.6783942915      0.0000000000
2.2537390039           10.3954162219      0.7620000000      11.8817172133      2.6799669685      0.0000000000
2.2547622555           10.2996251005      0.7640000000      11.8754427928      2.6815126351      0.0000000000
2.2557671736           10.2053319174      0.7660000000      11.8691726384      2.6830315552      0.0000000000
2.2567539563           10.1125068215      0.7680000000      11.8629067868      2.6845239882      0.0000000000
2.2577227997           10.0211200958      0.7700000000      11.8566454032      2.6859901918      0.0000000000
2.2586738976            9.9311433429      0.7720000000      11.8503885600      2.6874304209      0.0000000000
2.2596074429            9.8425482287      0.7740000000      11.8441365782      2.6888449299      0.0000000000
2.2605236247            9.7553076925      0.7760000000      11.8378894507      2.6902339684      0.0000000000
2.2614226314            9.6693949876      0.7780000000      11.8316473703      2.6915977854      0.0000000000
2.2623046486            9.5847838560      0.7800000000      11.8254104562      2.6929366270      0.0000000000
2.2631698602            9.5014490906      0.7820000000      11.8191787817      2.6942507372      0.0000000000
2.2640184482            9.4193658158      0.7840000000      11.8129525393      2.6955403577      0.0000000000
2.2648505926            9.3385097714      0.7860000000      11.8067318537      2.6968057283      0.0000000000
2.2656664712            9.2588572855      0.7880000000      11.8005168563      2.6980470862      0.0000000000
2.2664662605            9.1803852089      0.7900000000      11.7943076648      2.6992646669      0.0000000000
2.2672501343            9.1030709771      0.7920000000      11.7881043792      2.7004587032      0.0000000000
2.2680182649            9.0268925362      0.7940000000      11.7819071153      2.7016294257      0.0000000000
2.2687708231            8.9518283360      0.7960000000      11.7757159878      2.7027770638      0.0000000000
2.2695079771            8.8778572942      0.7980000000      11.7695311350      2.7039018436      0.0000000000
2.2702298940            8.8049588708      0.8000000000      11.7633526518      2.7050039900      0.0000000000
2.2709367387            8.7331129914      0.8020000000      11.7571806460      2.7060837256      0.0000000000
2.2716286743            8.6622999125      0.8040000000      11.7510152193      2.7071412703      0.0000000000
2.2723058621            8.5925005237      0.8060000000      11.7448563877      2.7081768424      0.0000000000
2.2729684622            8.5236960370      0.8080000000      11.7387043659      2.7091906589      0.0000000000
2.2736166323            8.4558681138      0.8100000000      11.7325592271      2.7101829336      0.0000000000
2.2742505286            8.3889988687      0.8120000000      11.7264210171      2.7111538790      0.0000000000
2.2748703061            8.3230706173      0.8140000000      11.7202899727      2.7121037060      0.0000000000
2.2754761172            8.2580663070      0.8160000000      11.7141660140      2.7130326220      0.0000000000
2.2760681133            8.1939692278      0.8180000000      11.7080492928      2.7139408338      0.0000000000
2.2766464440            8.1307630030      0.8200000000      11.7019398786      2.7148285461      0.0000000000
2.2772112577            8.0684313644      0.8220000000      11.6958380002      2.7156959619      0.0000000000
2.2777627001            8.0069589325      0.8240000000      11.6897435132      2.7165432807      0.0000000000
2.2783009164            7.9463302272      0.8260000000      11.6836566234      2.7173707022      0.0000000000
2.2788260498            7.8865301478      0.8280000000      11.6775774769      2.7181784234      0.0000000000
2.2793382420            7.8275442167      0.8300000000      11.6715059897      2.7189666388      0.0000000000
2.2798376331            7.7693580464      0.8320000000      11.6654423200      2.7197355423      0.0000000000
2.2803243620            7.7119572589      0.8340000000      11.6593866430      2.7204853252      0.0000000000
2.2807985654            7.6553285323      0.8360000000      11.6533388516      2.7212161767      0.0000000000
2.2812603793            7.5994581129      0.8380000000      11.6472991598      2.7219282852      0.0000000000
2.2817099377            7.5443330148      0.8400000000      11.6412675149      2.7226218363      0.0000000000
2.2821473735            7.4899402197      0.8420000000      11.6352440970      2.7232970145      0.0000000000
2.2825728179            7.4362671502      0.8440000000      11.6292289020      2.7239540024      0.0000000000
2.2829864010            7.3833014370      0.8460000000      11.6232220450      2.7245929812      0.0000000000
2.2833882510            7.3310309953      0.8480000000      11.6172235441      2.7252141296      0.0000000000
2.2837784952            7.2794439337      0.8500000000      11.6112335210      2.7258176251      0.0000000000
2.2841572592            7.2285287824      0.8520000000      11.6052519470      2.7264036434      0.0000000000
2.2845246676            7.1782739514      0.8540000000      11.5992789933      2.7269723590      0.0000000000
2.2848808429            7.1286686140      0.8560000000      11.5933145579      2.7275239436      0.0000000000
2.2852259076            7.0797015137      0.8580000000      11.5873588973      2.7280585693      0.0000000000
2.2855599814            7.0313622760      0.8600000000      11.5814119440      2.7285764038      0.0000000000
2.2858831837            6.9836404288      0.8620000000      11.5754737606      2.7290776157      0.0000000000
2.2861956324            6.9365254675      0.8640000000      11.5695444247      2.7295623707      0.0000000000
2.2864974438            6.8900076475      0.8660000000      11.5636239655      2.7300308332      0.0000000000
2.2867887333            6.8440770990      0.8680000000      11.5577124604      2.7304831661      0.0000000000
2.2870696149            6.7987239278      0.8700000000      11.5518099333      2.7309195304      0.0000000000
2.2873402015            6.7539389951      0.8720000000      11.5459164663      2.7313400865      0.0000000000
2.2876006043            6.7097130050      0.8740000000      11.5400320038      2.7317449916      0.0000000000
2.2878509345            6.6660367326      0.8760000000      11.5341567562      2.7321344039      0.0000000000
2.2880913006            6.6229013697      0.8780000000      11.5282906539      2.7325084777      0.0000000000
2.2883218109            6.5802982690      0.8800000000      11.5224337709      2.7328673668      0.0000000000
2.2885425721            6.5382188803      0.8820000000      11.5165860729      2.7332112234      0.0000000000
2.2887536902            6.4966547711      0.8840000000      11.5107477609      2.7335401991      0.0000000000
2.2889552698            6.4555977264      0.8860000000      11.5049187448      2.7338544428      0.0000000000
2.2891474141            6.4150397413      0.8880000000      11.4990991103      2.7341541024      0.0000000000
2.2893302256            6.3749729261      0.8900000000      11.4932889191      2.7344393247      0.0000000000
2.2895038054            6.3353895775      0.8920000000      11.4874880953      2.7347102546      0.0000000000
2.2896682538            6.2962820752      0.8940000000      11.4816967587      2.7349670360      0.0000000000
2.2898236701            6.2576429552      0.8960000000      11.4759149718      2.7352098118      0.0000000000
2.2899701521            6.2194649205      0.8980000000      11.4701427573      2.7354387225      0.0000000000
2.2901077969            6.1817408431      0.9000000000      11.4643800999      2.7356539082      0.0000000000
2.2902367003            6.1444636907      0.9020000000      11.4586270516      2.7358555068      0.0000000000
2.2903569573            6.1076265730      0.9040000000      11.4528836438      2.7360436558      0.0000000000
2.2904686618            6.0712227148      0.9060000000      11.4471499073      2.7362184907      0.0000000000
2.2905719069            6.0352455046      0.9080000000      11.4414258710      2.7363801463      0.0000000000
2.2906667842            5.9996884369      0.9100000000      11.4357115612      2.7365287554      0.0000000000
2.2907533848            5.9645451254      0.9120000000      11.4300070048      2.7366644500      0.0000000000
2.2908317986            5.9298093058      0.9140000000      11.4243122274      2.7367873610      0.0000000000
2.2909021146            5.8954748319      0.9160000000      11.4186272533      2.7368976173      0.0000000000
2.2909644209            5.8615356702      0.9180000000      11.4129521075      2.7369953475      0.0000000000
2.2910188047            5.8279858671      0.9200000000      11.4072868128      2.7370806784      0.0000000000
2.2910653522            5.7948196341      0.9220000000      11.4016313901      2.7371537360      0.0000000000
2.2911041482            5.7620312720      0.9240000000      11.3959858619      2.7372146439      0.0000000000
2.2911352776            5.7296151876      0.9260000000      11.3903502510      2.7372635263      0.0000000000
2.2911588236            5.6975658860      0.9280000000      11.3847245542      2.7373005050      0.0000000000
2.2911748689            5.6658779526      0.9300000000      11.3791088160      2.7373257013      0.0000000000
2.2911834953            5.6345460263      0.9320000000      11.3735030960      2.7373392347      0.0000000000
2.2911847835            5.6035649852      0.9340000000      11.3679073725      2.7373412243      0.0000000000
2.2911788134            5.5729297240      0.9360000000      11.3623216229      2.7373317872      0.0000000000
2.2911656641            5.5426351773      0.9380000000      11.3567458742      2.7373110396      0.0000000000
2.2911454141            5.5126763863      0.9400000000      11.3511801882      2.7372790977      0.0000000000
2.2911181408            5.4830485907      0.9420000000      11.3456245450      2.7372360750      0.0000000000
2.2910839207            5.4537469747      0.9440000000      11.3400789784      2.7371820848      0.0000000000
2.2910428299            5.4247668847      0.9460000000      11.3345435523      2.7371172395      0.0000000000
2.2909949431            5.3961037729      0.9480000000      11.3290181476      2.7370416494      0.0000000000
2.2909403346            5.3677530147      0.9500000000      11.3235028678      2.7369554248      0.0000000000
2.2908790781            5.3397103249      0.9520000000      11.3179976920      2.7368586746      0.0000000000
2.2908112462            5.3119712263      0.9540000000      11.3125026997      2.7367515067      0.0000000000
2.2907369106            5.2845315726      0.9560000000      11.3070178344      2.7366340277      0.0000000000
2.2906561426            5.2573869997      0.9580000000      11.3015430872      2.7365063434      0.0000000000
2.2905690127            5.2305335365      0.9600000000      11.2960784900      2.7363685586      0.0000000000
2.2904755905            5.2039670303      0.9620000000      11.2906241506      2.7362207774      0.0000000000
2.2903759447            5.1776835285      0.9640000000      11.2851799067      2.7360631018      0.0000000000
2.2902701439            5.1516791163      0.9660000000      11.2797458677      2.7358956345      0.0000000000
2.2901582553            5.1259499134      0.9680000000      11.2743220388      2.7357184756      0.0000000000
2.2900403458            5.1004921758      0.9700000000      11.2689083952      2.7355317255      0.0000000000
2.2899164814            5.0753021508      0.9720000000      11.2635049575      2.7353354827      0.0000000000
2.2897867275            5.0503761776      0.9740000000      11.2581117444      2.7351298455      0.0000000000
2.2896511489            5.0257106759      0.9760000000      11.2527287291      2.7349149107      0.0000000000
2.2895098095            5.0013021139      0.9780000000      11.2473559240      2.7346907746      0.0000000000
2.2893627728            4.9771470268      0.9800000000      11.2419934191      2.7344575325      0.0000000000
2.2892101012            4.9532419212      0.9820000000      11.2366410478      2.7342152781      0.0000000000
2.2890518571            4.9295835259      0.9840000000      11.2312989291      2.7339641056      0.0000000000
2.2888881019            4.9061684979      0.9860000000      11.2259670852      2.7337041073      0.0000000000
2.2887188959            4.8829935921      0.9880000000      11.2206454350      2.7334353743      0.0000000000
2.2885442997            4.8600556272      0.9900000000      11.2153341034      2.7331579981      0.0000000000
2.2883643723            4.8373514151      0.9920000000      11.2100329090      2.7328720677      0.0000000000
2.2881791729            4.8148779112      0.9940000000      11.2047420128      2.7325776730      0.0000000000
2.2879887598            4.7926320240      0.9960000000      11.1994613261      2.7322749018      0.0000000000
2.2877931905            4.7706108250      0.9980000000      11.1941908935      2.7319638415      0.0000000000
2.2875925221            4.7488113156      1.0000000000      11.1889307098      2.7316445788      0.0000000000
2.2873868109            4.7272306510      1.0020000000      11.1836807481      2.7313171990      0.0000000000
2.2871761131            4.7058659349      1.0040000000      11.1784410543      2.7309817874      0.0000000000
2.2869604837            4.6847144128      1.0060000000      11.1732115685      2.7306384279      0.0000000000
2.2867399775            4.6637732802      1.0080000000      11.1679923494      2.7302872038      0.0000000000
2.2865146486            4.6430398758      1.0100000000      11.1627833409      2.7299281976      0.0000000000
2.2862845508            4.6225114746      1.0120000000      11.1575845797      2.7295614912      0.0000000000
2.2860497368            4.6021855154      1.0140000000      11.1523960470      2.7291871651      0.0000000000
2.2858102593            4.5820593323      1.0160000000      11.1472177230      2.7288052998      0.0000000000
2.2855661702            4.5621304446      1.0180000000      11.1420496611      2.7284159746      0.0000000000
2.2853175210            4.5423963216      1.0200000000      11.1368917453      2.7280192684      0.0000000000
2.2850643625            4.5228545109      1.0220000000      11.1317441031      2.7276152590      0.0000000000
2.2848067447            4.5035026162      1.0240000000      11.1266065914      2.7272040230      0.0000000000
2.2845447181            4.4843381754      1.0260000000      11.1214793727      2.7267856380      0.0000000000
2.2842783314            4.4653589300      1.0280000000      11.1163623284      2.7263601785      0.0000000000
2.2840076337            4.4465624679      1.0300000000      11.1112554579      2.7259277203      0.0000000000
2.2837326734            4.4279465767      1.0320000000      11.1061588029      2.7254883375      0.0000000000
2.2834534980            4.4095090450      1.0340000000      11.1010722552      2.7250421035      0.0000000000
2.2831701552            4.3912475775      1.0360000000      11.0959959646      2.7245890915      0.0000000000
2.2828826916            4.3731600476      1.0380000000      11.0909298482      2.7241293738      0.0000000000
2.2825911534            4.3552443428      1.0400000000      11.0858737961      2.7236630212      0.0000000000
2.2822955868            4.3374983071      1.0420000000      11.0808279791      2.7231901055      0.0000000000
2.2819960371            4.3199198845      1.0440000000      11.0757923134      2.7227106964      0.0000000000
2.2816925490            4.3025070537      1.0460000000      11.0707667108      2.7222248630      0.0000000000
2.2813851673            4.2852577693      1.0480000000      11.0657513046      2.7217326750      0.0000000000
2.2810739361            4.2681700477      1.0500000000      11.0607460368      2.7212342006      0.0000000000
2.2807588983            4.2512420051      1.0520000000      11.0557507799      2.7207295062      0.0000000000
2.2804400979            4.2344716091      1.0540000000      11.0507657242      2.7202186602      0.0000000000
2.2801175771            4.2178570361      1.0560000000      11.0457907577      2.7197017281      0.0000000000
2.2797913781            4.2013964605      1.0580000000      11.0408258201      2.7191787755      0.0000000000
2.2794615429            4.1850879358      1.0600000000      11.0358709996      2.7186498678      0.0000000000
2.2791281128            4.1689297383      1.0620000000      11.0309262367      2.7181150692      0.0000000000
2.2787911290            4.1529200317      1.0640000000      11.0259915699      2.7175744439      0.0000000000
2.2784506316            4.1370571630      1.0660000000      11.0210668513      2.7170280546      0.0000000000
2.2781066614            4.1213392312      1.0680000000      11.0161522555      2.7164759648      0.0000000000
2.2777592575            4.1057646688      1.0700000000      11.0112476569      2.7159182356      0.0000000000
2.2774084596            4.0903317246      1.0720000000      11.0063531159      2.7153549291      0.0000000000
2.2770543065            4.0750388299      1.0740000000      11.0014684907      2.7147861059      0.0000000000
2.2766968367            4.0598842538      1.0760000000      10.9965939065      2.7142118264      0.0000000000
2.2763360885            4.0448664246      1.0780000000      10.9917293154      2.7136321506      0.0000000000
2.2759720997            4.0299837704      1.0800000000      10.9868746914      2.7130471374      0.0000000000
2.2756049073            4.0152347128      1.0820000000      10.9820300406      2.7124568453      0.0000000000
2.2752345485            4.0006177755      1.0840000000      10.9771952701      2.7118613326      0.0000000000
2.2748610602            3.9861313531      1.0860000000      10.9723704806      2.7112606570      0.0000000000
2.2744844783            3.9717739738      1.0880000000      10.9675556240      2.7106548753      0.0000000000
2.2741048389            3.9575441919      1.0900000000      10.9627506637      2.7100440441      0.0000000000
2.2737221774            3.9434405346      1.0920000000      10.9579556269      2.7094282193      0.0000000000
2.2733365291            3.9294615916      1.0940000000      10.9531704441      2.7088074564      0.0000000000
2.2729479285            3.9156059657      1.0960000000      10.9483951037      2.7081818098      0.0000000000
2.2725564103            3.9018722310      1.0980000000      10.9436296526      2.7075513344      0.0000000000
2.2721620088            3.8882589793      1.1000000000      10.9388740733      2.7069160842      0.0000000000
2.2717647575            3.8747649260      1.1020000000      10.9341283015      2.7062761123      0.0000000000
2.2713646899            3.8613887168      1.1040000000      10.9293923510      2.7056314715      0.0000000000
2.2709618392            3.8481290397      1.1060000000      10.9246662222      2.7049822144      0.0000000000
2.2705562380            3.8349845821      1.1080000000      10.9199498930      2.7043283928      0.0000000000
2.2701479187            3.8219541049      1.1100000000      10.9152432914      2.7036700578      0.0000000000
2.2697369135            3.8090363268      1.1120000000      10.9105464562      2.7030072607      0.0000000000
2.2693232543            3.7962300086      1.1140000000      10.9058593737      2.7023400520      0.0000000000
2.2689069724            3.7835339136      1.1160000000      10.9011820556      2.7016684814      0.0000000000
2.2684880991            3.7709468044      1.1180000000      10.8965144632      2.7009925988      0.0000000000
2.2680666651            3.7584675307      1.1200000000      10.8918565681      2.7003124527      0.0000000000
2.2676427011            3.7460949136      1.1220000000      10.8872083572      2.6996280922      0.0000000000
2.2672162372            3.7338277891      1.1240000000      10.8825698240      2.6989395653      0.0000000000
2.2667873033            3.7216650150      1.1260000000      10.8779409535      2.6982469195      0.0000000000
2.2663559290            3.7096054636      1.1280000000      10.8733217306      2.6975502022      0.0000000000
2.2659221438            3.6976480236      1.1300000000      10.8687121405      2.6968494602      0.0000000000
2.2654859766            3.6857915917      1.1320000000      10.8641121742      2.6961447397      0.0000000000
2.2650474562            3.6740350893      1.1340000000      10.8595218089      2.6954360869      0.0000000000
2.2646066112            3.6623774485      1.1360000000      10.8549410287      2.6947235474      0.0000000000
2.2641634694            3.6508176157      1.1380000000      10.8503698174      2.6940071658      0.0000000000
2.2637180590            3.6393545458      1.1400000000      10.8458081603      2.6932869872      0.0000000000
2.2632704077            3.6279872192      1.1420000000      10.8412560421      2.6925630558      0.0000000000
2.2628205425            3.6167146229      1.1440000000      10.8367134461      2.6918354152      0.0000000000
2.2623684908            3.6055357577      1.1460000000      10.8321803571      2.6911041091      0.0000000000
2.2619142792            3.5944496373      1.1480000000      10.8276567589      2.6903691803      0.0000000000
2.2614579344            3.5834552866      1.1500000000      10.8231426362      2.6896306718      0.0000000000
2.2609994825            3.5725517532      1.1520000000      10.8186379718      2.6888886254      0.0000000000
2.2605389497            3.5617380866      1.1540000000      10.8141427501      2.6881430832      0.0000000000
2.2600763617            3.5510133538      1.1560000000      10.8096569554      2.6873940868      0.0000000000
2.2596117438            3.5403766333      1.1580000000      10.8051805707      2.6866416767      0.0000000000
2.2591451215            3.5298270127      1.1600000000      10.8007135849      2.6858858940      0.0000000000
2.2586765199            3.5193635961      1.1620000000      10.7962559820      2.6851267794      0.0000000000
2.2582059634            3.5089854959      1.1640000000      10.7918077405      2.6843643720      0.0000000000
2.2577334767            3.4986918398      1.1660000000      10.7873688456      2.6835987119      0.0000000000
2.2572590840            3.4884817607      1.1680000000      10.7829392808      2.6828298382      0.0000000000
2.2567828095            3.4783544104      1.1700000000      10.7785190293      2.6820577898      0.0000000000
2.2563046767            3.4683089196      1.1720000000      10.7741080565      2.6812826048      0.0000000000
2.2558247096            3.4583444861      1.1740000000      10.7697063607      2.6805043222      0.0000000000
2.2553429309            3.4484602869      1.1760000000      10.7653139398      2.6797229786      0.0000000000
2.2548593644            3.4386555073      1.1780000000      10.7609307848      2.6789386125      0.0000000000
2.2543740325            3.4289293545      1.1800000000      10.7565568598      2.6781512605      0.0000000000
2.2538869579            3.4192810358      1.1820000000      10.7521921467      2.6773609592      0.0000000000
2.2533981630            3.4097097731      1.1840000000      10.7478365819      2.6765677450      0.0000000000
2.2529076700            3.4002148094      1.1860000000      10.7434901986      2.6757716540      0.0000000000
2.2524155012            3.3907953769      1.1880000000      10.7391529935      2.6749727224      0.0000000000
2.2519216778            3.3814507222      1.1900000000      10.7348249330      2.6741709848      0.0000000000
2.2514262219            3.3721800741      1.1920000000      10.7305059835      2.6733664771      0.0000000000
2.2509291544            3.3629827404      1.1940000000      10.7261961273      2.6725592333      0.0000000000
2.2504304967            3.3538579822      1.1960000000      10.7218954131      2.6717492881      0.0000000000
2.2499302699            3.3448050988      1.1980000000      10.7176037777      2.6709366762      0.0000000000
2.2494284941            3.3358233760      1.2000000000      10.7133211520      2.6701214302      0.0000000000
