# M(M_sol)                 Lambda          n_Bc(fm^-3)         R(km)            m_B(M_sol)        m_Bquar/M_B
0.1567218212     49511410.8051356748      0.0760000000      24.1385548005      0.1570491400      0.0000000000
0.1648058244     39922978.5003224686      0.0780000000      23.0443046361      0.1652582532      0.0000000000
0.1728428543     32678015.9715010226      0.0800000000      22.1569093143      0.1734287344      0.0000000000
0.1808361388     27074594.3973886669      0.0820000000      21.4228981315      0.1815635530      0.0000000000
0.1887898961     22659532.8589354753      0.0840000000      20.8056768440      0.1896667331      0.0000000000
0.1967090283     19127276.4087522216      0.0860000000      20.2793665726      0.1977430393      0.0000000000
0.2045989138     16264742.2438929584      0.0880000000      19.8251581666      0.2057977626      0.0000000000
0.2124652605     13919253.8177599385      0.0900000000      19.4290607162      0.2138365688      0.0000000000
0.2203140017     11978935.3883695360      0.0920000000      19.0804566770      0.2218653900      0.0000000000
0.2281512228     10360247.7011943776      0.0940000000      18.7711495002      0.2298903486      0.0000000000
0.2359830957      8999783.7702384777      0.0960000000      18.4947137037      0.2379176888      0.0000000000
0.2438158389      7848729.4153775414      0.0980000000      18.2460449501      0.2459537340      0.0000000000
0.2516556797      6869030.0993440347      0.1000000000      18.0210398706      0.2540048474      0.0000000000
0.2595088290      6030686.0981421145      0.1020000000      17.8163643481      0.2620774054      0.0000000000
0.2673814523      5309807.0889741573      0.1040000000      17.6292831792      0.2701777660      0.0000000000
0.2752796583      4687193.8324771775      0.1060000000      17.4575332167      0.2783122574      0.0000000000
0.2832094775      4147288.5372035187      0.1080000000      17.2992268545      0.2864871545      0.0000000000
0.2911768554      3677387.1150227641      0.1100000000      17.1527783440      0.2947086720      0.0000000000
0.2991876386      3267042.8104502005      0.1120000000      17.0168469825      0.3029829484      0.0000000000
0.3071215108      2912852.6731944550      0.1140000000      16.8921922145      0.3111856486      0.0000000000
0.3149405380      2607202.7740857378      0.1160000000      16.7780089215      0.3192772646      0.0000000000
0.3227205845      2339786.4400419192      0.1180000000      16.6720426137      0.3273360784      0.0000000000
0.3304865228      2104350.9863263397      0.1200000000      16.5731165994      0.3353877764      0.0000000000
0.3382543317      1896110.8060075052      0.1220000000      16.4803536174      0.3434489083      0.0000000000
0.3460363447      1711226.7263682270      0.1240000000      16.3930510620      0.3515322989      0.0000000000
0.3538429423      1546548.9006826852      0.1260000000      16.3106284979      0.3596487899      0.0000000000
0.3616832920      1399456.0756093261      0.1280000000      16.2325980327      0.3678080024      0.0000000000
0.3695657214      1267744.0666609120      0.1300000000      16.1585437984      0.3760187190      0.0000000000
0.3774979362      1149544.9872631694      0.1320000000      16.0881097385      0.3842891079      0.0000000000
0.3854871499      1043263.8610317296      0.1340000000      16.0209877793      0.3926268559      0.0000000000
0.3935401697       947531.4527004277      0.1360000000      15.9569107205      0.4010392565      0.0000000000
0.4016634497       861165.3973649869      0.1380000000      15.8956452284      0.4095332635      0.0000000000
0.4098631386       783140.0168050355      0.1400000000      15.8369872148      0.4181155399      0.0000000000
0.4181451011       712561.4326398344      0.1420000000      15.7807572753      0.4267924802      0.0000000000
0.4265149395       648647.5589183167      0.1440000000      15.7267972028      0.4355702310      0.0000000000
0.4349780106       590711.3839913412      0.1460000000      15.6749671084      0.4444547092      0.0000000000
0.4435394349       538147.3526704389      0.1480000000      15.6251430238      0.4534516110      0.0000000000
0.4522041013       490419.9343941383      0.1500000000      15.5772145871      0.4625664152      0.0000000000
0.4609766766       447054.0884851157      0.1520000000      15.5310834174      0.4718043941      0.0000000000
0.4698616077       407627.1856540006      0.1540000000      15.4866615201      0.4811706147      0.0000000000
0.4788631190       371762.2815895374      0.1560000000      15.4438699351      0.4906699356      0.0000000000
0.4879852185       339122.3256987992      0.1580000000      15.4026375288      0.5003070126      0.0000000000
0.4972316932       309405.2805198918      0.1600000000      15.3629001089      0.5100862942      0.0000000000
0.5066061094       282339.8795518536      0.1620000000      15.3245992921      0.5200120204      0.0000000000
0.5161118203       257682.0328874151      0.1640000000      15.2876820775      0.5300882309      0.0000000000
0.5257519324       235211.7975338268      0.1660000000      15.2520999094      0.5403187288      0.0000000000
0.5355293460       214730.5619283571      0.1680000000      15.2178082286      0.5507071222      0.0000000000
0.5454467274       196058.7542708752      0.1700000000      15.1847657397      0.5612567949      0.0000000000
0.5555065094       179033.8332036673      0.1720000000      15.1529342571      0.5719709055      0.0000000000
0.5657108903       163508.4657821523      0.1740000000      15.1222779056      0.5828523861      0.0000000000
0.5760618347       149348.9913457441      0.1760000000      15.0927632461      0.5939039413      0.0000000000
0.5865610647       136434.0055274594      0.1780000000      15.0643584692      0.6051280388      0.0000000000
0.5972100616       124653.1935213240      0.1800000000      15.0370334498      0.6165269093      0.0000000000
0.6080100666       113906.2037901052      0.1820000000      15.0107594644      0.6281025469      0.0000000000
0.6189620723       104101.7144720787      0.1840000000      14.9855088031      0.6398566979      0.0000000000
0.6300668262        95156.5683337444      0.1860000000      14.9612546548      0.6517908640      0.0000000000
0.6413248307        86995.0142970378      0.1880000000      14.9379711216      0.6639063003      0.0000000000
0.6527363542        79548.0189370583      0.1900000000      14.9156328016      0.6762040262      0.0000000000
0.6643013698        72752.6866028300      0.1920000000      14.8942150363      0.6886847575      0.0000000000
0.6760196361        66551.6421304548      0.1940000000      14.8736934137      0.7013489918      0.0000000000
0.6878907130        60892.5420073759      0.1960000000      14.8540437862      0.7141970245      0.0000000000
0.6999138209        55727.7039890168      0.1980000000      14.8352425841      0.7272287940      0.0000000000
0.7120879989        51013.5967283244      0.2000000000      14.8172660838      0.7404440513      0.0000000000
0.7244120297        46710.5298314775      0.2020000000      14.8000909821      0.7538422768      0.0000000000
0.7368844594        42782.2963717211      0.2040000000      14.7836940402      0.7674226997      0.0000000000
0.7495035978        39195.8722471172      0.2060000000      14.7680520960      0.7811842966      0.0000000000
0.7622675270        35921.1285181462      0.2080000000      14.7531420696      0.7951257981      0.0000000000
0.7751741006        32930.6014395586      0.2100000000      14.7389410769      0.8092456859      0.0000000000
0.7882209523        30199.2315221014      0.2120000000      14.7254261718      0.8235422007      0.0000000000
0.8014055008        27704.1753638522      0.2140000000      14.7125745907      0.8380133445      0.0000000000
0.8147249528        25424.6007335005      0.2160000000      14.7003635547      0.8526568821      0.0000000000
0.8281763138        23341.5151165265      0.2180000000      14.6887704338      0.8674703504      0.0000000000
0.8417563930        21437.6043927507      0.2200000000      14.6777727592      0.8824510615      0.0000000000
0.8554618087        19697.0859664519      0.2220000000      14.6673480676      0.8975961068      0.0000000000
0.8692889989        18105.5742970985      0.2240000000      14.6574741377      0.9129023659      0.0000000000
0.8832342262        16649.9603756056      0.2260000000      14.6481288104      0.9283665096      0.0000000000
0.8972935896        15318.2970483376      0.2280000000      14.6392902270      0.9439850116      0.0000000000
0.9114630303        14099.6955936070      0.2300000000      14.6309365713      0.9597541515      0.0000000000
0.9257383320        12984.2389449843      0.2320000000      14.6230464219      0.9756700138      0.0000000000
0.9401151686        11962.8868876710      0.2340000000      14.6155984721      0.9917285388      0.0000000000
0.9545890547        11027.4056867352      0.2360000000      14.6085716739      1.0079254647      0.0000000000
0.9691553967        10170.2930933391      0.2380000000      14.6019454224      1.0242563832      0.0000000000
0.9838094879         9384.7142989653      0.2400000000      14.5956992272      1.0407167316      0.0000000000
0.9985465233         8664.4421038126      0.2420000000      14.5898130724      1.0573018082      0.0000000000
1.0133616047         8003.8035026027      0.2440000000      14.5842671386      1.0740067753      0.0000000000
1.0282497558         7397.6293543614      0.2460000000      14.5790421418      1.0908266750      0.0000000000
1.0432059276         6841.2096929542      0.2480000000      14.5741190745      1.1077564336      0.0000000000
1.0582250100         6330.2535547766      0.2500000000      14.5694793160      1.1247908730      0.0000000000
1.0733018424         5860.8498081830      0.2520000000      14.5651047248      1.1419247211      0.0000000000
1.0884312215         5429.4346650713      0.2540000000      14.5609775241      1.1591526199      0.0000000000
1.1036079140         5032.7592027575      0.2560000000      14.5570804243      1.1764691380      0.0000000000
1.1188266618         4667.8621898469      0.2580000000      14.5533965292      1.1938687756      0.0000000000
1.1340821950         4332.0436340880      0.2600000000      14.5499094370      1.2113459785      0.0000000000
1.1493692404         4022.8415072588      0.2620000000      14.5466031918      1.2288951466      0.0000000000
1.1646825286         3738.0104704041      0.2640000000      14.5434623661      1.2465106420      0.0000000000
1.1800168044         3475.5021846925      0.2660000000      14.5404719164      1.2641867989      0.0000000000
1.1953668339         3233.4480391982      0.2680000000      14.5376173485      1.2819179326      0.0000000000
1.2107274146         3010.1423101934      0.2700000000      14.5348845773      1.2996983498      0.0000000000
1.2260933818         2804.0283850408      0.2720000000      14.5322601363      1.3175223561      0.0000000000
1.2414596153         2613.6849976794      0.2740000000      14.5297309100      1.3353842634      0.0000000000
1.2568210489         2437.8139104599      0.2760000000      14.5272843002      1.3532784012      0.0000000000
1.2721726762         2275.2294414540      0.2780000000      14.5249082606      1.3711991227      0.0000000000
1.2875095557         2124.8480196611      0.2800000000      14.5225911379      1.3891408115      0.0000000000
1.3028268196         1985.6792649240      0.2820000000      14.5203217965      1.4070978916      0.0000000000
1.3181196820         1856.8174902127      0.2840000000      14.5180895706      1.4250648380      0.0000000000
1.3333834284         1737.4345529583      0.2860000000      14.5158842371      1.4430361643      0.0000000000
1.3486134459         1626.7725867285      0.2880000000      14.5136960801      1.4610064590      0.0000000000
1.3638052102         1524.1380518530      0.2900000000      14.5115157922      1.4789703709      0.0000000000
1.3789542955         1428.8959847488      0.2920000000      14.5093345221      1.4969226212      0.0000000000
1.3940563778         1340.4646476439      0.2940000000      14.5071438584      1.5148580084      0.0000000000
1.4091072387         1258.3112699263      0.2960000000      14.5049358175      1.5327714140      0.0000000000
1.4241027683         1181.9473998309      0.2980000000      14.5027028755      1.5506578069      0.0000000000
1.4390389683         1110.9252137294      0.3000000000      14.5004378251      1.5685122475      0.0000000000
1.4539119558         1044.8338198977      0.3020000000      14.4981339631      1.5863298940      0.0000000000
1.4687179628          983.2963386963      0.3040000000      14.4957848979      1.6041060029      0.0000000000
1.4834533411          925.9666006041      0.3060000000      14.4933846856      1.6218359361      0.0000000000
1.4981145619          872.5267830104      0.3080000000      14.4909276981      1.6395151615      0.0000000000
1.5126982179          822.6848545776      0.3100000000      14.4884086907      1.6571392570      0.0000000000
1.5272010239          776.1723052281      0.3120000000      14.4858227705      1.6747039129      0.0000000000
1.5416198178          732.7423321468      0.3140000000      14.4831653610      1.6922049341      0.0000000000
1.5559515608          692.1678002618      0.3160000000      14.4804322390      1.7096382418      0.0000000000
1.5701933376          654.2396981781      0.3180000000      14.4776194730      1.7269998758      0.0000000000
1.5843423566          618.7655049070      0.3200000000      14.4747234606      1.7442859956      0.0000000000
1.5983959487          585.5679364896      0.3220000000      14.4717408603      1.7614928806      0.0000000000
1.6123515678          554.4835501009      0.3240000000      14.4686686428      1.7786169326      0.0000000000
1.6262067893          525.3616732419      0.3260000000      14.4655040486      1.7956546752      0.0000000000
1.6399593093          498.0633000408      0.3280000000      14.4622445393      1.8126027540      0.0000000000
1.6536069434          472.4601153955      0.3300000000      14.4588878892      1.8294579380      0.0000000000
1.6671476257          448.4337029403      0.3320000000      14.4554320815      1.8462171179      0.0000000000
1.6805794066          425.8745821693      0.3340000000      14.4518753040      1.8628773070      0.0000000000
1.6939004517          404.6816691545      0.3360000000      14.4482160067      1.8794356396      0.0000000000
1.7071090397          384.7614419208      0.3380000000      14.4444528220      1.8958893713      0.0000000000
1.7202035611          366.0273802892      0.3400000000      14.4405846014      1.9122358780      0.0000000000
1.7331825149          348.3994414023      0.3420000000      14.4366103692      1.9284726536      0.0000000000
1.7460445078          331.8034830999      0.3440000000      14.4325293543      1.9445973105      0.0000000000
1.7587882511          316.1708367836      0.3460000000      14.4283409266      1.9606075771      0.0000000000
1.7714125590          301.4378456275      0.3480000000      14.4240446497      1.9765012969      0.0000000000
1.7839163457          287.5454922748      0.3500000000      14.4196402271      1.9922764263      0.0000000000
1.7962986231          274.4390187249      0.3520000000      14.4151275174      2.0079310339      0.0000000000
1.8085584988          262.0676103469      0.3540000000      14.4105065041      2.0234632976      0.0000000000
1.8206951721          250.3840744092      0.3560000000      14.4057773106      2.0388715026      0.0000000000
1.8327079336          239.3445678143      0.3580000000      14.4009401885      2.0541540408      0.0000000000
1.8445961609          228.9083509429      0.3600000000      14.3959954995      2.0693094076      0.0000000000
1.8563593168          219.0375050314      0.3620000000      14.3909437115      2.0843362000      0.0000000000
1.8679969462          209.6968034030      0.3640000000      14.3857854073      2.0992331143      0.0000000000
1.8795086738          200.8534199938      0.3660000000      14.3805212625      2.1139989441      0.0000000000
1.8908942012          192.4768029844      0.3680000000      14.3751520345      2.1286325777      0.0000000000
1.9021533048          184.5384700831      0.3700000000      14.3696785675      2.1431329966      0.0000000000
1.9132858324          177.0119028965      0.3720000000      14.3641017790      2.1574992717      0.0000000000
1.9242917012          169.8723449891      0.3740000000      14.3584226796      2.1717305622      0.0000000000
1.9351708950          163.0967154833      0.3760000000      14.3526423225      2.1858261127      0.0000000000
1.9459234617          156.6634667458      0.3780000000      14.3467618393      2.1997852509      0.0000000000
1.9565495107          150.5524720000      0.3800000000      14.3407824097      2.2136073852      0.0000000000
1.9670492110          144.7449353799      0.3820000000      14.3347052821      2.2272920024      0.0000000000
1.9774227873          139.2232814410      0.3840000000      14.3285317058      2.2408386645      0.0000000000
1.9876705193          133.9710854520      0.3860000000      14.3222630431      2.2542470079      0.0000000000
1.9977927385          128.9729692990      0.3880000000      14.3159006569      2.2675167398      0.0000000000
2.0077898255          124.2145492373      0.3900000000      14.3094459393      2.2806476359      0.0000000000
2.0176622086          119.6823578536      0.3920000000      14.3029003332      2.2936395386      0.0000000000
2.0274103611          115.3637730209      0.3940000000      14.2962653097      2.3064923544      0.0000000000
2.0370347989          111.2469665395      0.3960000000      14.2895423438      2.3192060515      0.0000000000
2.0465360789          107.3208477792      0.3980000000      14.2827329487      2.3317806578      0.0000000000
2.0559147967          103.5750212882      0.4000000000      14.2758386697      2.3442162586      0.0000000000
2.0651715844           99.9997233779      0.4020000000      14.2688610610      2.3565129945      0.0000000000
2.0743071088           96.5857878170      0.4040000000      14.2618016577      2.3686710588      0.0000000000
2.0833220696           93.3246118492      0.4060000000      14.2546620620      2.3806906960      0.0000000000
2.0922171974           90.2081062807      0.4080000000      14.2474438475      2.3925721993      0.0000000000
2.1009932517           87.2286699216      0.4100000000      14.2401486048      2.4043159088      0.0000000000
2.1096510196           84.3791516697      0.4120000000      14.2327779244      2.4159222095      0.0000000000
2.1181913138           81.6528283345      0.4140000000      14.2253334109      2.4273915289      0.0000000000
2.1266149710           79.0433661104      0.4160000000      14.2178166667      2.4387243361      0.0000000000
2.1349228502           76.5448062189      0.4180000000      14.2102292723      2.4499211386      0.0000000000
2.1431158316           74.1515336524      0.4200000000      14.2025728358      2.4609824819      0.0000000000
2.1511948146           71.8582558329      0.4220000000      14.1948489554      2.4719089466      0.0000000000
2.1591607182           69.6599852196      0.4240000000      14.1870591964      2.4827011493      0.0000000000
2.1670144716           67.5520195937      0.4260000000      14.1792051632      2.4933597300      0.0000000000
2.1747570288           65.5299151418      0.4280000000      14.1712883951      2.5038853723      0.0000000000
2.1823893517           63.5894872429      0.4300000000      14.1633104838      2.5142787804      0.0000000000
2.1899124163           61.7267765182      0.4320000000      14.1552729609      2.5245406875      0.0000000000
2.1973272102           59.9380479358      0.4340000000      14.1471773787      2.5346718527      0.0000000000
2.2046347314           58.2197707203      0.4360000000      14.1390252546      2.5446730596      0.0000000000
2.2118359875           56.5686072385      0.4380000000      14.1308181116      2.5545451150      0.0000000000
2.2189319939           54.9814006197      0.4400000000      14.1225574550      2.5642888471      0.0000000000
2.2259237740           53.4551621820      0.4420000000      14.1142447525      2.5739051046      0.0000000000
2.2328123568           51.9870696074      0.4440000000      14.1058814863      2.5833947548      0.0000000000
2.2395987772           50.5744441297      0.4460000000      14.0974691161      2.5927586834      0.0000000000
2.2462840747           49.2147532654      0.4480000000      14.0890090744      2.6019977923      0.0000000000
2.2528692920           47.9055959287      0.4500000000      14.0805027899      2.6111129990      0.0000000000
2.2593554751           46.6446967526      0.4520000000      14.0719516555      2.6201052350      0.0000000000
2.2657436721           45.4298977482      0.4540000000      14.0633570661      2.6289754455      0.0000000000
2.2720349324           44.2591532320      0.4560000000      14.0547203965      2.6377245879      0.0000000000
2.2782303062           43.1305217642      0.4580000000      14.0460429943      2.6463536306      0.0000000000
2.2843308433           42.0421607357      0.4600000000      14.0373261775      2.6548635517      0.0000000000
2.2903375938           40.9923212988      0.4620000000      14.0285712768      2.6632553399      0.0000000000
2.2962516059           39.9793406817      0.4640000000      14.0197795835      2.6715299913      0.0000000000
2.3020739263           39.0016414135      0.4660000000      14.0109523688      2.6796885101      0.0000000000
2.3078055995           38.0577228938      0.4680000000      14.0020908919      2.6877319070      0.0000000000
2.3134476669           37.1461584998      0.4700000000      13.9931963878      2.6956611986      0.0000000000
2.3190011672           36.2655917870      0.4720000000      13.9842700725      2.7034774072      0.0000000000
2.3244671347           35.4147326658      0.4740000000      13.9753131489      2.7111815587      0.0000000000
2.3298466000           34.5923522445      0.4760000000      13.9663267899      2.7187746836      0.0000000000
2.3351405890           33.7972818063      0.4780000000      13.9573121630      2.7262578151      0.0000000000
2.3403501228           33.0284077449      0.4800000000      13.9482703940      2.7336319889      0.0000000000
2.3454762170           32.2846695374      0.4820000000      13.9392026140      2.7408982427      0.0000000000
2.3505198818           31.5650572004      0.4840000000      13.9301099201      2.7480576152      0.0000000000
2.3554821213           30.8686061791      0.4860000000      13.9209933929      2.7551111463      0.0000000000
2.3603639333           30.1943991417      0.4880000000      13.9118540927      2.7620598753      0.0000000000
2.3651663094           29.5415598269      0.4900000000      13.9026930692      2.7689048419      0.0000000000
2.3698902341           28.9092522277      0.4920000000      13.8935113393      2.7756470847      0.0000000000
2.3745366851           28.2966791374      0.4940000000      13.8843099093      2.7822876408      0.0000000000
2.3791066328           27.7030794212      0.4960000000      13.8750897672      2.7888275460      0.0000000000
2.3836010402           27.1277250896      0.4980000000      13.8658518864      2.7952678337      0.0000000000
2.3880208627           26.5699226327      0.5000000000      13.8565972077      2.8016095347      0.0000000000
2.3923670477           26.0290088466      0.5020000000      13.8473266596      2.8078536766      0.0000000000
2.3966405351           25.5043481676      0.5040000000      13.8380411650      2.8140012849      0.0000000000
2.4008422562           24.9953358028      0.5060000000      13.8287416118      2.8200533798      0.0000000000
2.4049731345           24.5013917043      0.5080000000      13.8194288915      2.8260109788      0.0000000000
2.4090340848           24.0219607355      0.5100000000      13.8101038363      2.8318750947      0.0000000000
2.4130260136           23.5565128743      0.5120000000      13.8007673156      2.8376467357      0.0000000000
2.4169498188           23.1045402396      0.5140000000      13.7914201436      2.8433269053      0.0000000000
2.4208063898           22.6655570477      0.5160000000      13.7820631320      2.8489166019      0.0000000000
2.4245966071           22.2390973988      0.5180000000      13.7726970725      2.8544168186      0.0000000000
2.4283213425           21.8247157310      0.5200000000      13.7633227441      2.8598285428      0.0000000000
2.4319814589           21.4219841763      0.5220000000      13.7539408988      2.8651527563      0.0000000000
2.4355778102           21.0304942949      0.5240000000      13.7445522848      2.8703904348      0.0000000000
2.4391112418           20.6498534093      0.5260000000      13.7351576350      2.8755425481      0.0000000000
2.4425825896           20.2796844867      0.5280000000      13.7257576512      2.8806100595      0.0000000000
2.4459926809           19.9196279162      0.5300000000      13.7163530454      2.8855939257      0.0000000000
2.4493423336           19.5693363058      0.5320000000      13.7069444789      2.8904950967      0.0000000000
2.4526323572           19.2284781112      0.5340000000      13.6975326390      2.8953145163      0.0000000000
2.4558635515           18.8967349523      0.5360000000      13.6881181671      2.9000531207      0.0000000000
2.4590367079           18.5737993383      0.5380000000      13.6787017048      2.9047118395      0.0000000000
2.4621526082           18.2593784842      0.5400000000      13.6692838786      2.9092915948      0.0000000000
2.4652120256           17.9531896718      0.5420000000      13.6598652976      2.9137933016      0.0000000000
2.4682157242           17.6549616877      0.5440000000      13.6504465581      2.9182178677      0.0000000000
2.4711644593           17.3644337301      0.5460000000      13.6410282420      2.9225661933      0.0000000000
2.4740589770           17.0813555813      0.5480000000      13.6316109199      2.9268391711      0.0000000000
2.4769000145           16.8054863597      0.5500000000      13.6221951513      2.9310376860      0.0000000000
2.4796883006           16.5365938108      0.5520000000      13.6127814731      2.9351626159      0.0000000000
2.4824245549           16.2744556536      0.5540000000      13.6033704284      2.9392148303      0.0000000000
2.4851094882           16.0188576112      0.5560000000      13.5939625326      2.9431951916      0.0000000000
2.4877438027           15.7695931477      0.5580000000      13.5845582808      2.9471045535      0.0000000000
2.4903281920           15.5264637872      0.5600000000      13.5751581879      2.9509437629      0.0000000000
2.4928633409           15.2892783769      0.5620000000      13.5657627254      2.9547136583      0.0000000000
2.4953499257           15.0578532494      0.5640000000      13.5563723714      2.9584150701      0.0000000000
2.4977886144           14.8320104521      0.5660000000      13.5469875794      2.9620488215      0.0000000000
2.5001800662           14.6115796887      0.5680000000      13.5376088120      2.9656157273      0.0000000000
2.5025249320           14.3963964985      0.5700000000      13.5282364960      2.9691165940      0.0000000000
2.5048238546           14.1863019661      0.5720000000      13.5188710585      2.9725522210      0.0000000000
2.5070774684           13.9811434159      0.5740000000      13.5095129273      2.9759233994      0.0000000000
2.5092863998           13.7807732903      0.5760000000      13.5001625104      2.9792309126      0.0000000000
2.5114512667           13.5850498493      0.5780000000      13.4908201991      2.9824755356      0.0000000000
2.5135726792           13.3938357084      0.5800000000      13.4814863821      2.9856580355      0.0000000000
2.5156512395           13.2069986424      0.5820000000      13.4721614394      2.9887791722      0.0000000000
2.5176875417           13.0244111195      0.5840000000      13.4628457396      2.9918396971      0.0000000000
2.5196821722           12.8459499729      0.5860000000      13.4535396441      2.9948403539      0.0000000000
2.5216357099           12.6714961066      0.5880000000      13.4442435003      2.9977818787      0.0000000000
2.5235487254           12.5009348348      0.5900000000      13.4349576463      3.0006649994      0.0000000000
2.5254217823           12.3341553959      0.5920000000      13.4256824228      3.0034904367      0.0000000000
2.5272554365           12.1710507158      0.5940000000      13.4164181564      3.0062589028      0.0000000000
2.5290502365           12.0115171586      0.5960000000      13.4071651440      3.0089711030      0.0000000000
2.5308067230           11.8554550480      0.5980000000      13.3979237112      3.0116277342      0.0000000000
2.5325254302           11.7027674497      0.6000000000      13.3886941541      3.0142294862      0.0000000000
2.5342068846           11.5533613650      0.6020000000      13.3794767587      3.0167770411      0.0000000000
2.5358516057           11.4071462245      0.6040000000      13.3702718146      3.0192710736      0.0000000000
2.5374601058           11.2640349911      0.6060000000      13.3610795932      3.0217122502      0.0000000000
2.5390328906           11.1239430171      0.6080000000      13.3519003636      3.0241012310      0.0000000000
2.5405704586           10.9867887657      0.6100000000      13.3427343934      3.0264386679      0.0000000000
2.5420733016           10.8524934371      0.6120000000      13.3335819258      3.0287252058      0.0000000000
2.5435419047           10.7209803050      0.6140000000      13.3244432202      3.0309614822      0.0000000000
2.5449767465           10.5921751964      0.6160000000      13.3153185068      3.0331481275      0.0000000000
2.5463782988           10.4660069983      0.6180000000      13.3062080293      3.0352857649      0.0000000000
2.5477470272           10.3424061983      0.6200000000      13.2971120040      3.0373750102      0.0000000000
2.5490833902           10.2213055993      0.6220000000      13.2880306558      3.0394164719      0.0000000000
2.5503878410           10.1026400960      0.6240000000      13.2789642016      3.0414107522      0.0000000000
2.5516608259            9.9863468113      0.6260000000      13.2699128495      3.0433584463      0.0000000000
2.5529027853            9.8723647909      0.6280000000      13.2608768015      3.0452601418      0.0000000000
2.5541141533            9.7606348163      0.6300000000      13.2518562522      3.0471164200      0.0000000000
2.5552953581            9.6510996370      0.6320000000      13.2428513931      3.0489278550      0.0000000000
2.5564468219            9.5437037512      0.6340000000      13.2338624105      3.0506950145      0.0000000000
2.5575689613            9.4383932292      0.6360000000      13.2248894819      3.0524184596      0.0000000000
2.5586621868            9.3351159848      0.6380000000      13.2159327739      3.0540987443      0.0000000000
2.5597269033            9.2338213866      0.6400000000      13.2069924683      3.0557364166      0.0000000000
2.5607635101            9.1344602736      0.6420000000      13.1980687249      3.0573320175      0.0000000000
2.5617724010            9.0369849043      0.6440000000      13.1891616992      3.0588860820      0.0000000000
2.5627539643            8.9413493536      0.6460000000      13.1802715395      3.0603991387      0.0000000000
2.5637085827            8.8475087668      0.6480000000      13.1713984112      3.0618717096      0.0000000000
2.5646366337            8.7554193330      0.6500000000      13.1625424372      3.0633043105      0.0000000000
2.5655384896            8.6650391390      0.6520000000      13.1537037721      3.0646974513      0.0000000000
2.5664145176            8.5763270080      0.6540000000      13.1448825437      3.0660516356      0.0000000000
2.5672650792            8.4892433307      0.6560000000      13.1360788844      3.0673673606      0.0000000000
2.5680905317            8.4037491292      0.6580000000      13.1272929156      3.0686451185      0.0000000000
2.5688912267            8.3198072062      0.6600000000      13.1185247650      3.0698853946      0.0000000000
2.5696675112            8.2373809791      0.6620000000      13.1097745428      3.0710886684      0.0000000000
2.5704197274            8.1564349121      0.6640000000      13.1010423748      3.0722554140      0.0000000000
2.5711482125            8.0769348428      0.6660000000      13.0923283571      3.0733860998      0.0000000000
2.5718532991            7.9988470754      0.6680000000      13.0836325973      3.0744811880      0.0000000000
2.5725353151            7.9221392125      0.6700000000      13.0749552065      3.0755411354      0.0000000000
2.5731945841            7.8467797955      0.6720000000      13.0662962692      3.0765663937      0.0000000000
2.5738314247            7.7727378474      0.6740000000      13.0576558902      3.0775574084      0.0000000000
2.5744461513            7.6999838214      0.6760000000      13.0490341553      3.0785146198      0.0000000000
2.5750390739            7.6284884446      0.6780000000      13.0404311492      3.0794384632      0.0000000000
2.5756104981            7.5582234632      0.6800000000      13.0318469619      3.0803293679      0.0000000000
2.5761607253            7.4891615042      0.6820000000      13.0232816694      3.0811877584      0.0000000000
2.5766900527            7.4212758646      0.6840000000      13.0147353494      3.0820140540      0.0000000000
2.5771987730            7.3545405634      0.6860000000      13.0062080766      3.0828086683      0.0000000000
2.5776871754            7.2889302883      0.6880000000      12.9976999218      3.0835720107      0.0000000000
2.5781555447            7.2244203960      0.6900000000      12.9892109525      3.0843044851      0.0000000000
2.5786041617            7.1609869408      0.6920000000      12.9807412337      3.0850064902      0.0000000000
2.5790333032            7.0986066176      0.6940000000      12.9722908279      3.0856784201      0.0000000000
2.5794432425            7.0372567321      0.6960000000      12.9638597949      3.0863206640      0.0000000000
2.5798342487            6.9769150596      0.6980000000      12.9554481876      3.0869336062      0.0000000000
2.5802065872            6.9175601770      0.7000000000      12.9470560584      3.0875176262      0.0000000000
2.5805605201            6.8591711395      0.7020000000      12.9386834630      3.0880730994      0.0000000000
2.5808963053            6.8017275065      0.7040000000      12.9303304486      3.0886003956      0.0000000000
2.5812141973            6.7452094516      0.7060000000      12.9219970600      3.0890998807      0.0000000000
2.5815144471            6.6895974550      0.7080000000      12.9136833416      3.0895719156      0.0000000000
2.5817973026            6.6348726741      0.7100000000      12.9053893318      3.0900168582      0.0000000000
2.5820630071            6.5810167288      0.7120000000      12.8971150706      3.0904350592      0.0000000000
2.5823118017            6.5280117967      0.7140000000      12.8888605966      3.0908268674      0.0000000000
2.5825439237            6.4758402185      0.7160000000      12.8806259390      3.0911926267      0.0000000000
2.5827596068            6.4244850373      0.7180000000      12.8724111308      3.0915326756      0.0000000000
2.5829590821            6.3739296385      0.7200000000      12.8642162042      3.0918473500      0.0000000000
2.5831425768            6.3241578652      0.7220000000      12.8560411854      3.0921369806      0.0000000000
2.5833103155            6.2751538923      0.7240000000      12.8478861016      3.0924018944      0.0000000000
2.5834625193            6.2269022103      0.7260000000      12.8397509716      3.0926424144      0.0000000000
2.5835994064            6.1793880355      0.7280000000      12.8316358196      3.0928588589      0.0000000000
2.5837211920            6.1325963754      0.7300000000      12.8235406647      3.0930515433      0.0000000000
2.5838280883            6.0865133155      0.7320000000      12.8154655254      3.0932207784      0.0000000000
2.5839203046            6.0411245351      0.7340000000      12.8074104145      3.0933668715      0.0000000000
2.5839980469            5.9964167488      0.7360000000      12.7993753486      3.0934901254      0.0000000000
2.5840615191            5.9523764085      0.7380000000      12.7913603404      3.0935908403      0.0000000000
2.5841109217            5.9089907724      0.7400000000      12.7833653978      3.0936693116      0.0000000000
2.5841464526            5.8662470038      0.7420000000      12.7753905394      3.0937258316      0.0000000000
2.5841683070            5.8241327928      0.7440000000      12.7674357613      3.0937606886      0.0000000000
2.5841766773            5.7826361570      0.7460000000      12.7595010679      3.0937741677      0.0000000000
2.5841717535            5.7417452971      0.7480000000      12.7515864763      3.0937665505      0.0000000000
2.5841537226            5.7014485650      0.7500000000      12.7436919786      3.0937381142      0.0000000000
2.5841227694            5.6617349323      0.7520000000      12.7358175723      3.0936891340      0.0000000000
2.5840790759            5.6225933021      0.7540000000      12.7279632738      3.0936198807      0.0000000000
2.5840228218            5.5840130612      0.7560000000      12.7201290673      3.0935306218      0.0000000000
2.5839541842            5.5459835637      0.7580000000      12.7123149544      3.0934216221      0.0000000000
2.5838733377            5.5084947709      0.7600000000      12.7045209276      3.0932931421      0.0000000000
2.5837804547            5.4715366075      0.7620000000      12.6967469868      3.0931454399      0.0000000000
2.5836757052            5.4350993278      0.7640000000      12.6889931243      3.0929787702      0.0000000000
2.5835592566            5.3991733914      0.7660000000      12.6812593301      3.0927933843      0.0000000000
2.5834312744            5.3637493991      0.7680000000      12.6735455934      3.0925895308      0.0000000000
2.5832919219            5.3288183012      0.7700000000      12.6658519036      3.0923674552      0.0000000000
2.5831413596            5.2943712252      0.7720000000      12.6581782513      3.0921273992      0.0000000000
2.5829797459            5.2603994034      0.7740000000      12.6505246230      3.0918696017      0.0000000000
2.5828072379            5.2268943217      0.7760000000      12.6428910064      3.0915943000      0.0000000000
2.5826239895            5.1938476471      0.7780000000      12.6352773862      3.0913017267      0.0000000000
2.5824301533            5.1612512254      0.7800000000      12.6276837465      3.0909921127      0.0000000000
2.5822258793            5.1290971069      0.7820000000      12.6201100694      3.0906656855      0.0000000000
2.5820113155            5.0973774987      0.7840000000      12.6125563363      3.0903226696      0.0000000000
2.5817866083            5.0660847754      0.7860000000      12.6050225293      3.0899632873      0.0000000000
2.5815519017            5.0352114857      0.7880000000      12.5975086275      3.0895877576      0.0000000000
2.5813073379            5.0047503293      0.7900000000      12.5900146126      3.0891962974      0.0000000000
2.5810530573            4.9746941696      0.7920000000      12.5825404624      3.0887891204      0.0000000000
2.5807891981            4.9450360331      0.7940000000      12.5750861539      3.0883664377      0.0000000000
2.5805158970            4.9157690767      0.7960000000      12.5676516654      3.0879284584      0.0000000000
2.5802332884            4.8868865851      0.7980000000      12.5602369714      3.0874753877      0.0000000000
2.5799415054            4.8583819944      0.8000000000      12.5528420438      3.0870074299      0.0000000000
2.5796406789            4.8302489716      0.8020000000      12.5454668577      3.0865247856      0.0000000000
2.5793309383            4.8024812313      0.8040000000      12.5381113900      3.0860276532      0.0000000000
2.5790124110            4.7750725707      0.8060000000      12.5307756116      3.0855162291      0.0000000000
2.5786852230            4.7480170180      0.8080000000      12.5234594991      3.0849907069      0.0000000000
2.5783494983            4.7213086785      0.8100000000      12.5161630219      3.0844512776      0.0000000000
2.5780053594            4.6949417375      0.8120000000      12.5088861456      3.0838981302      0.0000000000
2.5776529273            4.6689106612      0.8140000000      12.5016288419      3.0833314516      0.0000000000
2.5772923211            4.6432098230      0.8160000000      12.4943910823      3.0827514257      0.0000000000
2.5769236585            4.6178338146      0.8180000000      12.4871728418      3.0821582348      0.0000000000
2.5765470553            4.5927772890      0.8200000000      12.4799740774      3.0815520582      0.0000000000
2.5761626264            4.5680351986      0.8220000000      12.4727947594      3.0809330742      0.0000000000
2.5757704845            4.5436023480      0.8240000000      12.4656348618      3.0803014577      0.0000000000
2.5753707410            4.5194736321      0.8260000000      12.4584943450      3.0796573819      0.0000000000
2.5749635061            4.4956443573      0.8280000000      12.4513731758      3.0790010182      0.0000000000
2.5745488884            4.4721096947      0.8300000000      12.4442713217      3.0783325356      0.0000000000
2.5741269945            4.4488647815      0.8320000000      12.4371887450      3.0776521005      0.0000000000
2.5736979305            4.4259051906      0.8340000000      12.4301254113      3.0769598785      0.0000000000
2.5732618006            4.4032264052      0.8360000000      12.4230812890      3.0762560324      0.0000000000
2.5728187075            4.3808238228      0.8380000000      12.4160563332      3.0755407225      0.0000000000
2.5723687529            4.3586933443      0.8400000000      12.4090505081      3.0748141085      0.0000000000
2.5719120365            4.3368305382      0.8420000000      12.4020637858      3.0740763463      0.0000000000
2.5714486578            4.3152312839      0.8440000000      12.3950961198      3.0733275923      0.0000000000
2.5709787139            4.2938915846      0.8460000000      12.3881474760      3.0725679987      0.0000000000
2.5705023011            4.2728072749      0.8480000000      12.3812178129      3.0717977169      0.0000000000
2.5700195145            4.2519745852      0.8500000000      12.3743070930      3.0710168966      0.0000000000
2.5695304478            4.2313895035      0.8520000000      12.3674152769      3.0702256853      0.0000000000
2.5690351935            4.2110483936      0.8540000000      12.3605423241      3.0694242293      0.0000000000
2.5685338427            4.1909474129      0.8560000000      12.3536881952      3.0686126716      0.0000000000
2.5680264855            4.1710830328      0.8580000000      12.3468528492      3.0677911550      0.0000000000
2.5675132110            4.1514515945      0.8600000000      12.3400362473      3.0669598203      0.0000000000
2.5669941068            4.1320496649      0.8620000000      12.3332383463      3.0661188063      0.0000000000
2.5664692594            4.1128737752      0.8640000000      12.3264591059      3.0652682497      0.0000000000
2.5659387544            4.0939205506      0.8660000000      12.3196984834      3.0644082865      0.0000000000
2.5654026760            4.0751867268      0.8680000000      12.3129564383      3.0635390502      0.0000000000
2.5648611074            4.0566689586      0.8700000000      12.3062329285      3.0626606729      0.0000000000
2.5643141308            4.0383642016      0.8720000000      12.2995279129      3.0617732855      0.0000000000
2.5637618272            4.0202691219      0.8740000000      12.2928413456      3.0608770170      0.0000000000
2.5632042768            4.0023808459      0.8760000000      12.2861731849      3.0599719950      0.0000000000
2.5626415583            3.9846962972      0.8780000000      12.2795233872      3.0590583450      0.0000000000
2.5620737498            3.9672124480      0.8800000000      12.2728919098      3.0581361915      0.0000000000
2.5615009281            3.9499265177      0.8820000000      12.2662787104      3.0572056575      0.0000000000
2.5609231693            3.9328355130      0.8840000000      12.2596837440      3.0562668645      0.0000000000
2.5603405481            3.9159367387      0.8860000000      12.2531069634      3.0553199321      0.0000000000
2.5597531386            3.8992274420      0.8880000000      12.2465483301      3.0543649789      0.0000000000
2.5591610139            3.8827048232      0.8900000000      12.2400077973      3.0534021221      0.0000000000
2.5585642458            3.8663663221      0.8920000000      12.2334853173      3.0524314771      0.0000000000
2.5579629057            3.8502093390      0.8940000000      12.2269808504      3.0514531583      0.0000000000
2.5573570636            3.8342312821      0.8960000000      12.2204943499      3.0504672783      0.0000000000
2.5567467888            3.8184295587      0.8980000000      12.2140257683      3.0494739488      0.0000000000
2.5561321499            3.8028018712      0.9000000000      12.2075750633      3.0484732800      0.0000000000
2.5555132144            3.7873456771      0.9020000000      12.2011421889      3.0474653806      0.0000000000
2.5548900486            3.7720586044      0.9040000000      12.1947271016      3.0464503578      0.0000000000
2.5542627187            3.7569383207      0.9060000000      12.1883297489      3.0454283183      0.0000000000
2.5536312895            3.7419825688      0.9080000000      12.1819500925      3.0443993669      0.0000000000
2.5529958252            3.7271890285      0.9100000000      12.1755880836      3.0433636073      0.0000000000
2.5523563888            3.7125555065      0.9120000000      12.1692436782      3.0423211415      0.0000000000
2.5517130431            3.6980798019      0.9140000000      12.1629168263      3.0412720711      0.0000000000
2.5510658495            3.6837597960      0.9160000000      12.1566074827      3.0402164957      0.0000000000
2.5504148692            3.6695933655      0.9180000000      12.1503156055      3.0391545147      0.0000000000
2.5497601622            3.6555784283      0.9200000000      12.1440411434      3.0380862253      0.0000000000
2.5491017877            3.6417129602      0.9220000000      12.1377840535      3.0370117238      0.0000000000
2.5484398045            3.6279949841      0.9240000000      12.1315442924      3.0359311060      0.0000000000
2.5477742701            3.6144224719      0.9260000000      12.1253218002      3.0348444651      0.0000000000
2.5471052419            3.6009935037      0.9280000000      12.1191165418      3.0337518947      0.0000000000
2.5464327763            3.5877062071      0.9300000000      12.1129284701      3.0326534870      0.0000000000
2.5457569284            3.5745587045      0.9320000000      12.1067575353      3.0315493316      0.0000000000
2.5450777538            3.5615491253      0.9340000000      12.1006036911      3.0304395194      0.0000000000
2.5443953064            3.5486757067      0.9360000000      12.0944668919      3.0293241384      0.0000000000
2.5437096398            3.5359366454      0.9380000000      12.0883470908      3.0282032763      0.0000000000
2.5430208071            3.5233301792      0.9400000000      12.0822442436      3.0270770200      0.0000000000
2.5423288600            3.5108546067      0.9420000000      12.0761582958      3.0259454541      0.0000000000
2.5416338503            3.4985081988      0.9440000000      12.0700892031      3.0248086633      0.0000000000
2.5409358289            3.4862893163      0.9460000000      12.0640369212      3.0236667315      0.0000000000
2.5402348462            3.4741963236      0.9480000000      12.0580014032      3.0225197410      0.0000000000
2.5395309515            3.4622276104      0.9500000000      12.0519826015      3.0213677732      0.0000000000
2.5388241940            3.4503815885      0.9520000000      12.0459804694      3.0202109087      0.0000000000
2.5381146218            3.4386566951      0.9540000000      12.0399949590      3.0190492265      0.0000000000
2.5374022828            3.4270514045      0.9560000000      12.0340260240      3.0178828058      0.0000000000
2.5366872240            3.4155642096      0.9580000000      12.0280736165      3.0167117237      0.0000000000
2.5359694924            3.4041936157      0.9600000000      12.0221376910      3.0155360578      0.0000000000
2.5352491334            3.3929381603      0.9620000000      12.0162181995      3.0143558832      0.0000000000
2.5345261926            3.3817964049      0.9640000000      12.0103150950      3.0131712747      0.0000000000
2.5338007147            3.3707669335      0.9660000000      12.0044283307      3.0119823066      0.0000000000
2.5330727442            3.3598483533      0.9680000000      11.9985578609      3.0107890525      0.0000000000
2.5323423244            3.3490392919      0.9700000000      11.9927036365      3.0095915836      0.0000000000
2.5316094988            3.3383384019      0.9720000000      11.9868656122      3.0083899721      0.0000000000
2.5308743098            3.3277443551      0.9740000000      11.9810437409      3.0071842884      0.0000000000
2.5301367994            3.3172558421      0.9760000000      11.9752379755      3.0059746020      0.0000000000
2.5293970093            3.3068715777      0.9780000000      11.9694482702      3.0047609821      0.0000000000
2.5286549804            3.2965902931      0.9800000000      11.9636745781      3.0035434967      0.0000000000
2.5279107533            3.2864107347      0.9820000000      11.9579168526      3.0023222130      0.0000000000
2.5271643677            3.2763316553      0.9840000000      11.9521750441      3.0010971973      0.0000000000
2.5264158634            3.2663518810      0.9860000000      11.9464491081      2.9998685155      0.0000000000
2.5256652793            3.2564702088      0.9880000000      11.9407389988      2.9986362327      0.0000000000
2.5249126538            3.2466854672      0.9900000000      11.9350446690      2.9974004125      0.0000000000
2.5241580251            3.2369965050      0.9920000000      11.9293660731      2.9961611187      0.0000000000
2.5234014306            3.2274021610      0.9940000000      11.9237031640      2.9949184137      0.0000000000
2.5226429074            3.2179013243      0.9960000000      11.9180558948      2.9936723596      0.0000000000
2.5218824920            3.2084929125      0.9980000000      11.9124242200      2.9924230171      0.0000000000
2.5211202208            3.1991758327      1.0000000000      11.9068080950      2.9911704472      0.0000000000
2.5203561294            3.1899489827      1.0020000000      11.9012074718      2.9899147092      0.0000000000
2.5195902530            3.1808113075      1.0040000000      11.8956223013      2.9886558623      0.0000000000
2.5188226265            3.1717618035      1.0060000000      11.8900525416      2.9873939646      0.0000000000
2.5180532842            3.1627994690      1.0080000000      11.8844981472      2.9861290740      0.0000000000
2.5172822601            3.1539232296      1.0100000000      11.8789590691      2.9848612472      0.0000000000
2.5165095879            3.1451321361      1.0120000000      11.8734352641      2.9835905408      0.0000000000
2.5157353006            3.1364252226      1.0140000000      11.8679266886      2.9823170101      0.0000000000
2.5149594307            3.1278014403      1.0160000000      11.8624332891      2.9810407098      0.0000000000
2.5141820106            3.1192599087      1.0180000000      11.8569550249      2.9797616945      0.0000000000
2.5134030725            3.1107996904      1.0200000000      11.8514918541      2.9784800180      0.0000000000
2.5126226476            3.1024198579      1.0220000000      11.8460437241      2.9771957331      0.0000000000
2.5118407669            3.0941195152      1.0240000000      11.8406105956      2.9759088919      0.0000000000
2.5110574614            3.0858977270      1.0260000000      11.8351924196      2.9746195465      0.0000000000
2.5102727614            3.0777536151      1.0280000000      11.8297891502      2.9733277482      0.0000000000
2.5094866970            3.0696863236      1.0300000000      11.8244007489      2.9720335477      0.0000000000
2.5086992973            3.0616950128      1.0320000000      11.8190271616      2.9707369941      0.0000000000
2.5079105921            3.0537788505      1.0340000000      11.8136683530      2.9694381376      0.0000000000
2.5071206098            3.0459369163      1.0360000000      11.8083242673      2.9681370263      0.0000000000
2.5063293792            3.0381684569      1.0380000000      11.8029948700      2.9668337091      0.0000000000
2.5055369283            3.0304726334      1.0400000000      11.7976801089      2.9655282331      0.0000000000
2.5047432851            3.0228487229      1.0420000000      11.7923799464      2.9642206457      0.0000000000
2.5039484771            3.0152958241      1.0440000000      11.7870943316      2.9629109937      0.0000000000
2.5031525311            3.0078132379      1.0460000000      11.7818232250      2.9615993222      0.0000000000
2.5023554740            3.0004001415      1.0480000000      11.7765665779      2.9602856770      0.0000000000
2.5015573326            2.9930558743      1.0500000000      11.7713243540      2.9589701037      0.0000000000
2.5007581325            2.9857795826      1.0520000000      11.7660964963      2.9576526456      0.0000000000
2.4999578998            2.9785705982      1.0540000000      11.7608829745      2.9563333471      0.0000000000
2.4991566599            2.9714281671      1.0560000000      11.7556837347      2.9550122512      0.0000000000
2.4983544382            2.9643516167      1.0580000000      11.7504987408      2.9536894012      0.0000000000
2.4975512593            2.9573402133      1.0600000000      11.7453279419      2.9523648391      0.0000000000
2.4967471478            2.9503932357      1.0620000000      11.7401713015      2.9510386066      0.0000000000
2.4959421280            2.9435100626      1.0640000000      11.7350287746      2.9497107451      0.0000000000
2.4951362239            2.9366899676      1.0660000000      11.7299003093      2.9483812956      0.0000000000
2.4943294592            2.9299323061      1.0680000000      11.7247858759      2.9470502985      0.0000000000
2.4935218570            2.9232364257      1.0700000000      11.7196854231      2.9457177931      0.0000000000
2.4927134406            2.9166016519      1.0720000000      11.7145989061      2.9443838193      0.0000000000
2.4919042327            2.9100273823      1.0740000000      11.7095262903      2.9430484159      0.0000000000
2.4910942561            2.9035129695      1.0760000000      11.7044675271      2.9417116218      0.0000000000
2.4902835325            2.8970577627      1.0780000000      11.6994225711      2.9403734740      0.0000000000
2.4894720842            2.8906611994      1.0800000000      11.6943913884      2.9390340107      0.0000000000
2.4886599329            2.8843226536      1.0820000000      11.6893739309      2.9376932691      0.0000000000
2.4878471000            2.8780414999      1.0840000000      11.6843701528      2.9363512859      0.0000000000
2.4870336064            2.8718171888      1.0860000000      11.6793800210      2.9350080969      0.0000000000
2.4862194734            2.8656491166      1.0880000000      11.6744034885      2.9336637385      0.0000000000
2.4854047215            2.8595367264      1.0900000000      11.6694405088      2.9323182459      0.0000000000
2.4845893710            2.8534794328      1.0920000000      11.6644910499      2.9309716540      0.0000000000
2.4837734419            2.8474766581      1.0940000000      11.6595550630      2.9296239969      0.0000000000
2.4829569544            2.8415279195      1.0960000000      11.6546325081      2.9282753095      0.0000000000
2.4821399279            2.8356326369      1.0980000000      11.6497233444      2.9269256253      0.0000000000
2.4813223820            2.8297902067      1.1000000000      11.6448275279      2.9255749777      0.0000000000
2.4805043357            2.8240001955      1.1020000000      11.6399450238      2.9242233996      0.0000000000
2.4796858079            2.8182620438      1.1040000000      11.6350757848      2.9228709236      0.0000000000
2.4788668174            2.8125752328      1.1060000000      11.6302197690      2.9215175818      0.0000000000
2.4780473826            2.8069392681      1.1080000000      11.6253769415      2.9201634058      0.0000000000
2.4772275218            2.8013535694      1.1100000000      11.6205472554      2.9188084277      0.0000000000
2.4764072529            2.7958177528      1.1120000000      11.6157306764      2.9174526779      0.0000000000
2.4755865937            2.7903312699      1.1140000000      11.6109271583      2.9160961874      0.0000000000
2.4747655619            2.7848936396      1.1160000000      11.6061366616      2.9147389865      0.0000000000
2.4739441745            2.7795044123      1.1180000000      11.6013591500      2.9133811047      0.0000000000
2.4731224492            2.7741630342      1.1200000000      11.5965945752      2.9120225726      0.0000000000
2.4723004024            2.7688691346      1.1220000000      11.5918429076      2.9106634186      0.0000000000
2.4714780510            2.7636221889      1.1240000000      11.5871040980      2.9093036717      0.0000000000
2.4706554115            2.7584217837      1.1260000000      11.5823781141      2.9079433607      0.0000000000
2.4698325003            2.7532674627      1.1280000000      11.5776649100      2.9065825138      0.0000000000
2.4690093334            2.7481587590      1.1300000000      11.5729644487      2.9052211589      0.0000000000
2.4681859266            2.7430952740      1.1320000000      11.5682766911      2.9038593233      0.0000000000
2.4673622959            2.7380765171      1.1340000000      11.5636015954      2.9024970347      0.0000000000
2.4665384564            2.7331021345      1.1360000000      11.5589391285      2.9011343194      0.0000000000
2.4657144238            2.7281716330      1.1380000000      11.5542892413      2.8997712045      0.0000000000
2.4648902131            2.7232846615      1.1400000000      11.5496519070      2.8984077162      0.0000000000
2.4640658391            2.7184407450      1.1420000000      11.5450270737      2.8970438801      0.0000000000
2.4632413168            2.7136395324      1.1440000000      11.5404147154      2.8956797222      0.0000000000
2.4624166604            2.7088805900      1.1460000000      11.5358147814      2.8943152673      0.0000000000
2.4615918847            2.7041635356      1.1480000000      11.5312272441      2.8929505412      0.0000000000
2.4607670037            2.6994879800      1.1500000000      11.5266520555      2.8915855681      0.0000000000
2.4599420316            2.6948535212      1.1520000000      11.5220891860      2.8902203728      0.0000000000
2.4591169823            2.6902598021      1.1540000000      11.5175385903      2.8888549797      0.0000000000
2.4582918689            2.6857064147      1.1560000000      11.5130002357      2.8874894113      0.0000000000
2.4574667057            2.6811930226      1.1580000000      11.5084740788      2.8861236926      0.0000000000
2.4566415057            2.6767192184      1.1600000000      11.5039600888      2.8847578463      0.0000000000
2.4558162819            2.6722846794      1.1620000000      11.4994582195      2.8833918952      0.0000000000
2.4549910476            2.6678890055      1.1640000000      11.4949684426      2.8820258626      0.0000000000
2.4541658155            2.6635318814      1.1660000000      11.4904907112      2.8806597703      0.0000000000
2.4533405987            2.6592129199      1.1680000000      11.4860249985      2.8792936415      0.0000000000
2.4525154092            2.6549318063      1.1700000000      11.4815712557      2.8779274970      0.0000000000
2.4516902596            2.6506881725      1.1720000000      11.4771294574      2.8765613590      0.0000000000
2.4508651623            2.6464816989      1.1740000000      11.4726995548      2.8751952488      0.0000000000
2.4500401292            2.6423120341      1.1760000000      11.4682815248      2.8738291879      0.0000000000
2.4492151721            2.6381788602      1.1780000000      11.4638753142      2.8724631964      0.0000000000
2.4483903030            2.6340818368      1.1800000000      11.4594809027      2.8710972955      0.0000000000
2.4475655335            2.6300206652      1.1820000000      11.4550982404      2.8697315056      0.0000000000
2.4467408751            2.6259949963      1.1840000000      11.4507273027      2.8683658467      0.0000000000
2.4459163391            2.6220045468      1.1860000000      11.4463680441      2.8670003387      0.0000000000
2.4450919366            2.6180489783      1.1880000000      11.4420204339      2.8656350012      0.0000000000
2.4442676788            2.6141279996      1.1900000000      11.4376844343      2.8642698537      0.0000000000
2.4434435766            2.6102413059      1.1920000000      11.4333600079      2.8629049154      0.0000000000
2.4426196407            2.6063885886      1.1940000000      11.4290471235      2.8615402050      0.0000000000
2.4417958819            2.6025695727      1.1960000000      11.4247457370      2.8601757414      0.0000000000
2.4409723104            2.5987839174      1.1980000000      11.4204558239      2.8588115430      0.0000000000
2.4401489371            2.5950313861      1.2000000000      11.4161773371      2.8574476283      0.0000000000
