# M(M_sol)                 Lambda          n_Bc(fm^-3)         R(km)            m_B(M_sol)        m_Bquar/M_B
0.1526791349     18680770.1441251375      0.1540000000      18.8290595455      0.1529082110      0.0000000000
0.1574722074     15836715.9287886415      0.1560000000      18.2530482891      0.1577706505      0.0000000000
0.1625255345     13421261.1667850614      0.1580000000      17.7255646168      0.1629012316      0.0000000000
0.1678439302     11371979.1087178420      0.1600000000      17.2426382393      0.1683054728      0.0000000000
0.1734317214      9635057.3324573580      0.1620000000      16.8006022464      0.1739884413      0.0000000000
0.1792928342      8164144.6337247984      0.1640000000      16.3960817068      0.1799548410      0.0000000000
0.1854308187      6919379.4876670307      0.1660000000      16.0259729442      0.1862090370      0.0000000000
0.1918487517      5866575.0054272925      0.1680000000      15.6874250371      0.1927549557      0.0000000000
0.1985493348      4976467.8697923403      0.1700000000      15.3778238096      0.1995961833      0.0000000000
0.2055348636      4224077.5828881906      0.1720000000      15.0947732834      0.2067359337      0.0000000000
0.2128072230      3588129.7829389903      0.1740000000      14.8360815746      0.2141770419      0.0000000000
0.2203679121      3050545.0974053941      0.1760000000      14.5997408314      0.2219219882      0.0000000000
0.2282180263      2595993.1491978602      0.1780000000      14.3839143088      0.2299728778      0.0000000000
0.2363583058      2211495.6667897706      0.1800000000      14.1869249624      0.2383314887      0.0000000000
0.2447890383      1886085.7437768772      0.1820000000      14.0072341672      0.2469991698      0.0000000000
0.2535101994      1610503.8772091002      0.1840000000      13.8434398396      0.2559769824      0.0000000000
0.2625213579      1376943.8279887179      0.1860000000      13.6942578945      0.2652656012      0.0000000000
0.2718217043      1178827.9932408603      0.1880000000      13.5585127434      0.2748653400      0.0000000000
0.2814100707      1010618.6513819904      0.1900000000      13.4351296861      0.2847761708      0.0000000000
0.2912849143       867654.4714830830      0.1920000000      13.3231237289      0.2949977025      0.0000000000
0.3014443368       746012.9956032737      0.1940000000      13.2215928435      0.3055291987      0.0000000000
0.3118860914       642393.3335755154      0.1960000000      13.1297107677      0.3163695819      0.0000000000
0.3226075795       554017.5859022287      0.1980000000      13.0467191436      0.3275174264      0.0000000000
0.3336058372       478547.5970410448      0.2000000000      12.9719199442      0.3389709413      0.0000000000
0.3448776192       414013.4421815497      0.2020000000      12.9046763978      0.3507280541      0.0000000000
0.3564193046       358756.0566269597      0.2040000000      12.8443990207      0.3627863092      0.0000000000
0.3682269810       311376.1009633546      0.2060000000      12.7905475207      0.3751429520      0.0000000000
0.3802964197       270693.1186147558      0.2080000000      12.7426237980      0.3877948993      0.0000000000
0.3926231089       235710.0051047228      0.2100000000      12.7001700261      0.4007387706      0.0000000000
0.4052022259       205584.4049929746      0.2120000000      12.6627621779      0.4139708550      0.0000000000
0.4180286860       179603.4931062721      0.2140000000      12.6300098229      0.4274871592      0.0000000000
0.4310971533       157163.5438505075      0.2160000000      12.6015534707      0.4412834149      0.0000000000
0.4444020178       137752.9452393768      0.2180000000      12.5770590869      0.4553550509      0.0000000000
0.4579374627       120937.2355118930      0.2200000000      12.5562201688      0.4696972609      0.0000000000
0.4716973964       106347.6546840641      0.2220000000      12.5387489735      0.4843049278      0.0000000000
0.4856755733        93670.1266890991      0.2240000000      12.5243836400      0.4991727480      0.0000000000
0.4998655079        82637.4170178055      0.2260000000      12.5128780497      0.5142951371      0.0000000000
0.5142605646        73021.4490860011      0.2280000000      12.5040065984      0.5296663217      0.0000000000
0.5288539007        64627.6758647069      0.2300000000      12.4975568290      0.5452802757      0.0000000000
0.5436385563        57289.6214060389      0.2320000000      12.4933345215      0.5611308127      0.0000000000
0.5586074135        50864.8321718373      0.2340000000      12.4911577329      0.5772115398      0.0000000000
0.5737532312        45231.2058143550      0.2360000000      12.4908575455      0.5935158916      0.0000000000
0.5890686640        40283.9222208733      0.2380000000      12.4922773610      0.6100371481      0.0000000000
0.6045462512        35932.9513250967      0.2400000000      12.4952699349      0.6267684198      0.0000000000
0.6201784844        32100.7102674552      0.2420000000      12.4997009841      0.6437027181      0.0000000000
0.6359577553        28720.4388650123      0.2440000000      12.5054428729      0.6608328970      0.0000000000
0.6518764209        25734.4829490854      0.2460000000      12.5123782644      0.6781517213      0.0000000000
0.6679267877        23093.0487401981      0.2480000000      12.5203969263      0.6956518474      0.0000000000
0.6841011531        20753.0051647529      0.2500000000      12.5293976229      0.7133258664      0.0000000000
0.7003917887        18677.0429560903      0.2520000000      12.5392843994      0.7311662846      0.0000000000
0.7167909575        16832.7630606666      0.2540000000      12.5499686909      0.7491655406      0.0000000000
0.7332909527        15192.0204175469      0.2560000000      12.5613679254      0.7673160465      0.0000000000
0.7498840818        13730.3444393244      0.2580000000      12.5734047927      0.7856101689      0.0000000000
0.7665626889        12426.4104768952      0.2600000000      12.5860073178      0.8040402535      0.0000000000
0.7833191706        11261.6214418959      0.2620000000      12.5991088976      0.8225986407      0.0000000000
0.8001459750        10219.7389877839      0.2640000000      12.6126469576      0.8412776649      0.0000000000
0.8170356210         9286.5571720597      0.2660000000      12.6265634640      0.8600696746      0.0000000000
0.8339807027         8449.6450036716      0.2680000000      12.6408042163      0.8789670380      0.0000000000
0.8509739027         7698.0987241505      0.2700000000      12.6553188862      0.8979621564      0.0000000000
0.8680079958         7022.3492783492      0.2720000000      12.6700603955      0.9170474698      0.0000000000
0.8850758633         6413.9834846341      0.2740000000      12.6849852394      0.9362154719      0.0000000000
0.9021704956         5865.5969369882      0.2760000000      12.7000528459      0.9554587145      0.0000000000
0.9192850002         5370.6690074537      0.2780000000      12.7152254415      0.9747698162      0.0000000000
0.9364126069         4923.4438041407      0.2800000000      12.7304677321      0.9941414689      0.0000000000
0.9535466792         4518.8383005288      0.2820000000      12.7457473420      1.0135664521      0.0000000000
0.9706807164         4152.3539170614      0.2840000000      12.7610342152      1.0330376359      0.0000000000
0.9878083572         3820.0096603466      0.2860000000      12.7763004340      1.0525479857      0.0000000000
1.0049233833         3518.2779327217      0.2880000000      12.7915198890      1.0720905682      0.0000000000
1.0220197242         3244.0265392590      0.2900000000      12.8066683452      1.0916585577      0.0000000000
1.0390914718         2994.4693375591      0.2920000000      12.8217243936      1.1112452541      0.0000000000
1.0561328604         2767.1318853876      0.2940000000      12.8366669008      1.1308440615      0.0000000000
1.0731382906         2559.8089950364      0.2960000000      12.8514772757      1.1504485176      0.0000000000
1.0901023266         2370.5308100192      0.2980000000      12.8661386592      1.1700522914      0.0000000000
1.1070196866         2197.5436475946      0.3000000000      12.8806347968      1.1896491747      0.0000000000
1.1238852551         2039.2794776136      0.3020000000      12.8949510665      1.2092330978      0.0000000000
1.1406940850         1894.3334638052      0.3040000000      12.9090744014      1.2287981329      0.0000000000
1.1574413892         1761.4496358771      0.3060000000      12.9229924146      1.2483384879      0.0000000000
1.1741225501         1639.5007271856      0.3080000000      12.9366941732      1.2678485178      0.0000000000
1.1907331185         1527.4735396582      0.3100000000      12.9501701067      1.2873227262      0.0000000000
1.2072687994         1424.4620258811      0.3120000000      12.9634104233      1.3067557507      0.0000000000
1.2237254747         1329.6474732208      0.3140000000      12.9764075350      1.3261423908      0.0000000000
1.2400991856         1242.2935385343      0.3160000000      12.9891542211      1.3454775905      0.0000000000
1.2563861331         1161.7382407997      0.3180000000      13.0016437540      1.3647564395      0.0000000000
1.2725826813         1087.3833467828      0.3200000000      13.0138703803      1.3839741802      0.0000000000
1.2886853592         1018.6872690287      0.3220000000      13.0258296139      1.4031262117      0.0000000000
1.3046908433          955.1634336000      0.3240000000      13.0375164894      1.4222080709      0.0000000000
1.3205959728          896.3697385194      0.3260000000      13.0489274347      1.4412154527      0.0000000000
1.3363977438          841.9050616024      0.3280000000      13.0600597580      1.4601442055      0.0000000000
1.3520932889          791.4087583087      0.3300000000      13.0709098820      1.4789903084      0.0000000000
1.3676799081          744.5499669769      0.3320000000      13.0814766259      1.4977499106      0.0000000000
1.3831550342          701.0309424553      0.3340000000      13.0917578503      1.5164192918      0.0000000000
1.3985162488          660.5798380663      0.3360000000      13.1017524817      1.5349948828      0.0000000000
1.4137612731          622.9494599194      0.3380000000      13.1114597805      1.5534732575      0.0000000000
1.4288879645          587.9150382655      0.3400000000      13.1208792488      1.5718511297      0.0000000000
1.4438943131          555.2718954163      0.3420000000      13.1300105115      1.5901253513      0.0000000000
1.4587784455          524.8325775183      0.3440000000      13.1388541829      1.6082929186      0.0000000000
1.4735386154          496.4260133233      0.3460000000      13.1474110430      1.6263509624      0.0000000000
1.4881731978          469.8965892042      0.3480000000      13.1556817347      1.6442967433      0.0000000000
1.5026806877          445.1020423219      0.3500000000      13.1636669955      1.6621276514      0.0000000000
1.5170597072          421.9110913179      0.3520000000      13.1713688256      1.6798412169      0.0000000000
1.5313089828          400.2048266723      0.3540000000      13.1787881710      1.6974350834      0.0000000000
1.5454273606          379.8733178344      0.3560000000      13.1859271632      1.7149070291      0.0000000000
1.5594137947          360.8156475874      0.3580000000      13.1927880637      1.7322549530      0.0000000000
1.5732673394          342.9398519241      0.3600000000      13.1993727288      1.7494768680      0.0000000000
1.5869871520          326.1612239643      0.3620000000      13.2056832847      1.7665709045      0.0000000000
1.6005724920          310.4015076416      0.3640000000      13.2117225321      1.7835353118      0.0000000000
1.6140227114          295.5889179671      0.3660000000      13.2174930127      1.8003684473      0.0000000000
1.6273372530          281.6574926310      0.3680000000      13.2229972696      1.8170687751      0.0000000000
1.6405156514          268.5461654193      0.3700000000      13.2282383398      1.8336348690      0.0000000000
1.6535575249          256.1987867151      0.3720000000      13.2332191229      1.8500654037      0.0000000000
1.6664625733          244.5635890067      0.3740000000      13.2379424700      1.8663591531      0.0000000000
1.6792305807          233.5923288553      0.3760000000      13.2424119818      1.8825149948      0.0000000000
1.6918613995          223.2411413113      0.3780000000      13.2466302872      1.8985318912      0.0000000000
1.7043549603          213.4690596539      0.3800000000      13.2506006379      1.9144089029      0.0000000000
1.7167112676          204.2378189073      0.3820000000      13.2543269129      1.9301451843      0.0000000000
1.7289303851          195.5126907194      0.3840000000      13.2578118878      1.9457399667      0.0000000000
1.7410124473          187.2610223541      0.3860000000      13.2610591891      1.9611925723      0.0000000000
1.7529576493          179.4526300675      0.3880000000      13.2640723098      1.9765024035      0.0000000000
1.7647662422          172.0596837879      0.3900000000      13.2668543301      1.9916689376      0.0000000000
1.7764385394          165.0560027208      0.3920000000      13.2694091477      2.0066917351      0.0000000000
1.7879749042          158.4175345163      0.3940000000      13.2717400994      2.0215704253      0.0000000000
1.7993757516          152.1218780568      0.3960000000      13.2738505754      2.0363047087      0.0000000000
1.8106415485          146.1480049066      0.3980000000      13.2757444047      2.0508943583      0.0000000000
1.8217728042          140.4766522308      0.4000000000      13.2774247312      2.0653392078      0.0000000000
1.8327700750          135.0896681250      0.4020000000      13.2788951902      2.0796391584      0.0000000000
1.8436339601          129.9700965672      0.4040000000      13.2801594782      2.0937941738      0.0000000000
1.8543650963          125.1022554024      0.4060000000      13.2812209678      2.1078042742      0.0000000000
1.8649641584          120.4715317272      0.4080000000      13.2820830433      2.1216695366      0.0000000000
1.8754318592          116.0641183121      0.4100000000      13.2827494356      2.1353900962      0.0000000000
1.8857689411          111.8673193633      0.4120000000      13.2832232778      2.1489661355      0.0000000000
1.8959761828          107.8690846496      0.4140000000      13.2835083057      2.1623978930      0.0000000000
1.9060543886          104.0583117806      0.4160000000      13.2836076592      2.1756856503      0.0000000000
1.9160043951          100.4244352068      0.4180000000      13.2835250502      2.1888297410      0.0000000000
1.9258270609           96.9577580316      0.4200000000      13.2832635637      2.2018305372      0.0000000000
1.9355232736           93.6489763469      0.4220000000      13.2828268674      2.2146884594      0.0000000000
1.9450939396           90.4895933134      0.4240000000      13.2822180059      2.2274039630      0.0000000000
1.9545399894           87.4714964638      0.4260000000      13.2814404014      2.2399775458      0.0000000000
1.9638623722           84.5871219672      0.4280000000      13.2804972991      2.2524097413      0.0000000000
1.9730620551           81.8294198948      0.4300000000      13.2793917415      2.2647011169      0.0000000000
1.9821400245           79.1916337738      0.4320000000      13.2781271898      2.2768522772      0.0000000000
1.9910972802           76.6675512384      0.4340000000      13.2767066657      2.2888638553      0.0000000000
1.9999348363           74.2512948237      0.4360000000      13.2751332007      2.3007365149      0.0000000000
2.0086537210           71.9373272543      0.4380000000      13.2734098692      2.3124709495      0.0000000000
2.0172549757           69.7203575674      0.4400000000      13.2715400115      2.3240678818      0.0000000000
2.0257396485           67.5955829325      0.4420000000      13.2695262440      2.3355280548      0.0000000000
2.0341088021           65.5582897454      0.4440000000      13.2673719119      2.3468522425      0.0000000000
2.0423635024           63.6042150017      0.4460000000      13.2650795213      2.3580412350      0.0000000000
2.0505048273           61.7292009570      0.4480000000      13.2626522229      2.3690958500      0.0000000000
2.0585338595           59.9293790576      0.4500000000      13.2600928574      2.3800169231      0.0000000000
2.0664516859           58.2011441764      0.4520000000      13.2574039819      2.3908053071      0.0000000000
2.0742594020           56.5409738394      0.4540000000      13.2545887278      2.4014618782      0.0000000000
2.0819581031           54.9456793918      0.4560000000      13.2516495330      2.4119875238      0.0000000000
2.0895488906           53.4121247684      0.4580000000      13.2485893718      2.4223831513      0.0000000000
2.0970328654           51.9374678764      0.4600000000      13.2454105306      2.4326496784      0.0000000000
2.1044111324           50.5189245027      0.4620000000      13.2421158138      2.4427880402      0.0000000000
2.1116847966           49.1538938932      0.4640000000      13.2387078120      2.4527991832      0.0000000000
2.1188549617           47.8399495312      0.4660000000      13.2351888128      2.4626840633      0.0000000000
2.1259227340           46.5747225927      0.4680000000      13.2315615772      2.4724436514      0.0000000000
2.1328892166           45.3560172215      0.4700000000      13.2278284747      2.4820789254      0.0000000000
2.1397555107           44.1817605825      0.4720000000      13.2239917869      2.4915908714      0.0000000000
2.1465227163           43.0499677396      0.4740000000      13.2200539399      2.5009804851      0.0000000000
2.1531919310           41.9587507986      0.4760000000      13.2160172733      2.5102487698      0.0000000000
2.1597642484           40.9063279439      0.4780000000      13.2118840905      2.5193967342      0.0000000000
2.1662407589           39.8910151164      0.4800000000      13.2076566064      2.5284253935      0.0000000000
2.1726225488           38.9111976003      0.4820000000      13.2033370607      2.5373357678      0.0000000000
2.1789106997           37.9653628374      0.4840000000      13.1989276133      2.5461288813      0.0000000000
2.1851062874           37.0520848935      0.4860000000      13.1944301613      2.5548057608      0.0000000000
2.1912103857           36.1699343451      0.4880000000      13.1898472270      2.5633674403      0.0000000000
2.1972240583           35.3176564073      0.4900000000      13.1851804517      2.5718149506      0.0000000000
2.2031483667           34.4939857352      0.4920000000      13.1804320517      2.5801493291      0.0000000000
2.2089843648           33.6977306829      0.4940000000      13.1756040279      2.5883716128      0.0000000000
2.2147330997           32.9277731084      0.4960000000      13.1706982988      2.5964828394      0.0000000000
2.2203956121           32.1830469078      0.4980000000      13.1657167318      2.6044840473      0.0000000000
2.2259729359           31.4625131158      0.5000000000      13.1606613037      2.6123762745      0.0000000000
2.2314660974           30.7652163137      0.5020000000      13.1555337845      2.6201605587      0.0000000000
2.2368761149           30.0902370724      0.5040000000      13.1503358691      2.6278379357      0.0000000000
2.2422040008           29.4366703300      0.5060000000      13.1450695296      2.6354094418      0.0000000000
2.2474507576           28.8036956447      0.5080000000      13.1397363306      2.6428761090      0.0000000000
2.2526173821           28.1904813959      0.5100000000      13.1343382343      2.6502389702      0.0000000000
2.2577048599           27.5962926045      0.5120000000      13.1288765684      2.6574990513      0.0000000000
2.2627141711           27.0203815089      0.5140000000      13.1233531887      2.6646573793      0.0000000000
2.2676462861           26.4620496887      0.5160000000      13.1177696892      2.6717149764      0.0000000000
2.2725021670           25.9206293150      0.5180000000      13.1121276482      2.6786728613      0.0000000000
2.2772827673           25.3954836006      0.5200000000      13.1064286224      2.6855320487      0.0000000000
2.2819890315           24.8860037784      0.5220000000      13.1006741278      2.6922935493      0.0000000000
2.2866218948           24.3916151242      0.5240000000      13.0948655405      2.6989583686      0.0000000000
2.2911822849           23.9117506048      0.5260000000      13.0890044810      2.7055275092      0.0000000000
2.2956711197           23.4458756833      0.5280000000      13.0830923837      2.7120019681      0.0000000000
2.3000893073           22.9934951092      0.5300000000      13.0771304863      2.7183827354      0.0000000000
2.3044377483           22.5541072676      0.5320000000      13.0711203391      2.7246707988      0.0000000000
2.3087173334           22.1272468810      0.5340000000      13.0650632880      2.7308671390      0.0000000000
2.3129289432           21.7124758818      0.5360000000      13.0589605006      2.7369727298      0.0000000000
2.3170734507           21.3093602295      0.5380000000      13.0528134018      2.7429885413      0.0000000000
2.3211517191           20.9174885673      0.5400000000      13.0466232557      2.7489155365      0.0000000000
2.3251646022           20.5364670818      0.5420000000      13.0403913073      2.7547546725      0.0000000000
2.3291129447           20.1659190553      0.5440000000      13.0341187819      2.7605068997      0.0000000000
2.3329975823           19.8054836010      0.5460000000      13.0278068780      2.7661731623      0.0000000000
2.3368193412           19.4548141182      0.5480000000      13.0214567932      2.7717543978      0.0000000000
2.3405790376           19.1135867434      0.5500000000      13.0150694913      2.7772515358      0.0000000000
2.3442774808           18.7814675595      0.5520000000      13.0086463563      2.7826655019      0.0000000000
2.3479154691           18.4581553407      0.5540000000      13.0021884204      2.7879972128      0.0000000000
2.3514937916           18.1433631099      0.5560000000      12.9956966404      2.7932475776      0.0000000000
2.3550132298           17.8367973043      0.5580000000      12.9891722518      2.7984175006      0.0000000000
2.3584745544           17.5381932259      0.5600000000      12.9826162038      2.8035078765      0.0000000000
2.3618785279           17.2472923477      0.5620000000      12.9760294580      2.8085195939      0.0000000000
2.3652259041           16.9638361524      0.5640000000      12.9694131391      2.8134535344      0.0000000000
2.3685174277           16.6875857628      0.5660000000      12.9627682039      2.8183105722      0.0000000000
2.3717538339           16.4183131233      0.5680000000      12.9560955564      2.8230915733      0.0000000000
2.3749358496           16.1557948921      0.5700000000      12.9493961318      2.8277973966      0.0000000000
2.3780641927           15.8998164738      0.5720000000      12.9426708481      2.8324288938      0.0000000000
2.3811395726           15.6501716345      0.5740000000      12.9359206062      2.8369869090      0.0000000000
2.3841626897           15.4066623037      0.5760000000      12.9291462886      2.8414722784      0.0000000000
2.3871342363           15.1690979818      0.5780000000      12.9223487702      2.8458858313      0.0000000000
2.3900548962           14.9372847867      0.5800000000      12.9155289929      2.8502283897      0.0000000000
2.3929253439           14.7110560037      0.5820000000      12.9086876919      2.8545007667      0.0000000000
2.3957462453           14.4902464819      0.5840000000      12.9018255334      2.8587037675      0.0000000000
2.3985182600           14.2746741907      0.5860000000      12.8949436089      2.8628381926      0.0000000000
2.4012420366           14.0641975305      0.5880000000      12.8880424348      2.8669048314      0.0000000000
2.4039182178           13.8586509656      0.5900000000      12.8811229689      2.8709044684      0.0000000000
2.4065474363           13.6579004870      0.5920000000      12.8741857442      2.8748378783      0.0000000000
2.4091303187           13.4617873599      0.5940000000      12.8672317614      2.8787058307      0.0000000000
2.4116674815           13.2701886686      0.5960000000      12.8602614954      2.8825090848      0.0000000000
2.4141595345           13.0829693249      0.5980000000      12.8532757072      2.8862483940      0.0000000000
2.4166070800           12.8999981310      0.6000000000      12.8462751387      2.8899245046      0.0000000000
2.4190107116           12.7211511238      0.6020000000      12.8392604741      2.8935381541      0.0000000000
2.4213710157           12.5463130716      0.6040000000      12.8322323152      2.8970900731      0.0000000000
2.4236885711           12.3753689403      0.6060000000      12.8251913019      2.9005809846      0.0000000000
2.4259639487           12.2082077774      0.6080000000      12.8181380618      2.9040116042      0.0000000000
2.4281977124           12.0447225764      0.6100000000      12.8110732104      2.9073826400      0.0000000000
2.4303904185           11.8848101603      0.6120000000      12.8039973525      2.9106947930      0.0000000000
2.4325426161           11.7283709445      0.6140000000      12.7969110810      2.9139487568      0.0000000000
2.4346548475           11.5753044877      0.6160000000      12.7898150300      2.9171452182      0.0000000000
2.4367276470           11.4255199963      0.6180000000      12.7827097378      2.9202848555      0.0000000000
2.4387615422           11.2789291342      0.6200000000      12.7755956952      2.9233683406      0.0000000000
2.4407570535           11.1354474782      0.6220000000      12.7684734025      2.9263963373      0.0000000000
2.4427146957           10.9949796286      0.6240000000      12.7613436105      2.9293695050      0.0000000000
2.4446349748           10.8574550348      0.6260000000      12.7542066002      2.9322884922      0.0000000000
2.4465183916           10.7227899216      0.6280000000      12.7470629994      2.9351539434      0.0000000000
2.4483654394           10.5909083171      0.6300000000      12.7399132781      2.9379664944      0.0000000000
2.4501766055           10.4617369167      0.6320000000      12.7327579186      2.9407267750      0.0000000000
2.4519523701           10.3352053634      0.6340000000      12.7255973597      2.9434354072      0.0000000000
2.4536932077           10.2112388971      0.6360000000      12.7184322101      2.9460930073      0.0000000000
2.4553995852           10.0897790433      0.6380000000      12.7112626849      2.9487001832      0.0000000000
2.4570719649            9.9707549149      0.6400000000      12.7040894000      2.9512575378      0.0000000000
2.4587108020            9.8541019915      0.6420000000      12.6969128241      2.9537656667      0.0000000000
2.4603165453            9.7397643500      0.6440000000      12.6897332567      2.9562251583      0.0000000000
2.4618896378            9.6276815689      0.6460000000      12.6825511361      2.9586365945      0.0000000000
2.4634305171            9.5177956657      0.6480000000      12.6753669091      2.9610005515      0.0000000000
2.4649396143            9.4100509041      0.6500000000      12.6681809717      2.9633175983      0.0000000000
2.4664173549            9.3043931223      0.6520000000      12.6609937073      2.9655882979      0.0000000000
2.4678641586            9.2007699629      0.6540000000      12.6538055098      2.9678132067      0.0000000000
2.4692804392            9.0991318287      0.6560000000      12.6466167299      2.9699928744      0.0000000000
2.4706666057            8.9994288470      0.6580000000      12.6394277495      2.9721278457      0.0000000000
2.4720230606            8.9016133765      0.6600000000      12.6322389186      2.9742186577      0.0000000000
2.4733502016            8.8056396169      0.6620000000      12.6250505880      2.9762658421      0.0000000000
2.4746484206            8.7114629469      0.6640000000      12.6178631009      2.9782699242      0.0000000000
2.4759181046            8.6190401715      0.6660000000      12.6106767670      2.9802314237      0.0000000000
2.4771596347            8.5283305485      0.6680000000      12.6034918683      2.9821508534      0.0000000000
2.4783733878            8.4392902025      0.6700000000      12.5963088079      2.9840287215      0.0000000000
2.4795597354            8.3518780181      0.6720000000      12.5891279330      2.9858655303      0.0000000000
2.4807190433            8.2660596998      0.6740000000      12.5819494334      2.9876617748      0.0000000000
2.4818516725            8.1817968031      0.6760000000      12.5747736222      2.9894179448      0.0000000000
2.4829579802            8.0990482055      0.6780000000      12.5676009281      2.9911345262      0.0000000000
2.4840383172            8.0177858465      0.6800000000      12.5604314143      2.9928119964      0.0000000000
2.4850930311            7.9379683070      0.6820000000      12.5532655709      2.9944508302      0.0000000000
2.4861224631            7.8595676095      0.6840000000      12.5461035114      2.9960514939      0.0000000000
2.4871269511            7.7825470361      0.6860000000      12.5389456181      2.9976144508      0.0000000000
2.4881068279            7.7068792952      0.6880000000      12.5317920280      2.9991401575      0.0000000000
2.4890624222            7.6325279984      0.6900000000      12.5246431685      3.0006290662      0.0000000000
2.4899940571            7.5594700936      0.6920000000      12.5174990562      3.0020816222      0.0000000000
2.4909020530            7.4876701498      0.6940000000      12.5103601487      3.0034982677      0.0000000000
2.4917867245            7.4171034158      0.6960000000      12.5032265782      3.0048794380      0.0000000000
2.4926483824            7.3477435625      0.6980000000      12.4960985253      3.0062255636      0.0000000000
2.4934873338            7.2795602002      0.7000000000      12.4889763341      3.0075370711      0.0000000000
2.4943038811            7.2125283564      0.7020000000      12.4818602092      3.0088143807      0.0000000000
2.4950983226            7.1466251526      0.7040000000      12.4747502548      3.0100579085      0.0000000000
2.4958709525            7.0818247052      0.7060000000      12.4676467406      3.0112680647      0.0000000000
2.4966220616            7.0181028735      0.7080000000      12.4605498903      3.0124452561      0.0000000000
2.4973519361            6.9554344809      0.7100000000      12.4534599283      3.0135898839      0.0000000000
2.4980608589            6.8937983753      0.7120000000      12.4463770249      3.0147023445      0.0000000000
2.4987491085            6.8331727665      0.7140000000      12.4393013592      3.0157830297      0.0000000000
2.4994169599            6.7735360027      0.7160000000      12.4322331159      3.0168323267      0.0000000000
2.5000646841            6.7148670535      0.7180000000      12.4251724760      3.0178506177      0.0000000000
2.5006925493            6.6571454486      0.7200000000      12.4181196170      3.0188382815      0.0000000000
2.5013008191            6.6003512711      0.7220000000      12.4110747121      3.0197956916      0.0000000000
2.5018897540            6.5444651377      0.7240000000      12.4040379301      3.0207232169      0.0000000000
2.5024596110            6.4894681789      0.7260000000      12.3970094368      3.0216212224      0.0000000000
2.5030106432            6.4353419945      0.7280000000      12.3899893933      3.0224900682      0.0000000000
2.5035431011            6.3820687149      0.7300000000      12.3829779557      3.0233301110      0.0000000000
2.5040572312            6.3296292974      0.7320000000      12.3759753168      3.0241417028      0.0000000000
2.5045532770            6.2780077889      0.7340000000      12.3689816022      3.0249251915      0.0000000000
2.5050314783            6.2271878913      0.7360000000      12.3619969454      3.0256809204      0.0000000000
2.5054920719            6.1771542102      0.7380000000      12.3550214333      3.0264092289      0.0000000000
2.5059352916            6.1278907490      0.7400000000      12.3480552414      3.0271104531      0.0000000000
2.5063613680            6.0793794604      0.7420000000      12.3410985861      3.0277849246      0.0000000000
2.5067705286            6.0316068184      0.7440000000      12.3341515520      3.0284329710      0.0000000000
2.5071629971            5.9845601920      0.7460000000      12.3272141624      3.0290549150      0.0000000000
2.5075389956            5.9382231627      0.7480000000      12.3202866593      3.0296510780      0.0000000000
2.5078987425            5.8925804442      0.7500000000      12.3133691951      3.0302217755      0.0000000000
2.5082424527            5.8476223255      0.7520000000      12.3064617232      3.0307673194      0.0000000000
2.5085703393            5.8033318280      0.7540000000      12.2995645262      3.0312880190      0.0000000000
2.5088826120            5.7596973473      0.7560000000      12.2926776535      3.0317841792      0.0000000000
2.5091794774            5.7167076808      0.7580000000      12.2858011557      3.0322561005      0.0000000000
2.5094611403            5.6743466271      0.7600000000      12.2789352877      3.0327040819      0.0000000000
2.5097278012            5.6326074566      0.7620000000      12.2720799380      3.0331284160      0.0000000000
2.5099796602            5.5914720842      0.7640000000      12.2652354627      3.0335293955      0.0000000000
2.5102169120            5.5509355167      0.7660000000      12.2584016917      3.0339073056      0.0000000000
2.5104397514            5.5109803457      0.7680000000      12.2515789720      3.0342624321      0.0000000000
2.5106483685            5.4716007745      0.7700000000      12.2447671841      3.0345950537      0.0000000000
2.5108429522            5.4327825290      0.7720000000      12.2379665673      3.0349054488      0.0000000000
2.5110236880            5.3945165716      0.7740000000      12.2311771481      3.0351938904      0.0000000000
2.5111907595            5.3567939615      0.7760000000      12.2243989640      3.0354606493      0.0000000000
2.5113443481            5.3196004424      0.7780000000      12.2176322524      3.0357059935      0.0000000000
2.5114846320            5.2829309689      0.7800000000      12.2108769045      3.0359301866      0.0000000000
2.5116117872            5.2467743507      0.7820000000      12.2041330857      3.0361334890      0.0000000000
2.5117259886            5.2111188017      0.7840000000      12.1974009467      3.0363161604      0.0000000000
2.5118274069            5.1759586665      0.7860000000      12.1906804248      3.0364784542      0.0000000000
2.5119162118            5.1412844220      0.7880000000      12.1839716254      3.0366206226      0.0000000000
2.5119925705            5.1070851147      0.7900000000      12.1772746935      3.0367429147      0.0000000000
2.5120566479            5.0733532738      0.7920000000      12.1705896702      3.0368455766      0.0000000000
2.5121086067            5.0400818593      0.7940000000      12.1639165442      3.0369288509      0.0000000000
2.5121486076            5.0072621341      0.7960000000      12.1572554132      3.0369929780      0.0000000000
2.5121768089            4.9748859010      0.7980000000      12.1506063601      3.0370381948      0.0000000000
2.5121933675            4.9429436737      0.8000000000      12.1439694863      3.0370647366      0.0000000000
2.5121984373            4.9114294871      0.8020000000      12.1373447971      3.0370728342      0.0000000000
2.5121921712            4.8803358677      0.8040000000      12.1307323533      3.0370627174      0.0000000000
2.5121747188            4.8496557554      0.8060000000      12.1241321740      3.0370346113      0.0000000000
2.5121462292            4.8193816353      0.8080000000      12.1175443369      3.0369887406      0.0000000000
2.5121068486            4.7895064482      0.8100000000      12.1109688991      3.0369253257      0.0000000000
2.5120567214            4.7600232841      0.8120000000      12.1044059105      3.0368445848      0.0000000000
2.5119959906            4.7309254285      0.8140000000      12.0978554172      3.0367467341      0.0000000000
2.5119247968            4.7022062997      0.8160000000      12.0913174633      3.0366319865      0.0000000000
2.5118432791            4.6738594626      0.8180000000      12.0847920915      3.0365005527      0.0000000000
2.5117515746            4.6458786234      0.8200000000      12.0782793434      3.0363526410      0.0000000000
2.5116498187            4.6182576229      0.8220000000      12.0717792591      3.0361884570      0.0000000000
2.5115381451            4.5909904368      0.8240000000      12.0652918772      3.0360082041      0.0000000000
2.5114166856            4.5640711703      0.8260000000      12.0588172348      3.0358120831      0.0000000000
2.5112855705            4.5374940419      0.8280000000      12.0523553678      3.0356002927      0.0000000000
2.5111449282            4.5112534126      0.8300000000      12.0459063094      3.0353730290      0.0000000000
2.5109948857            4.4853437686      0.8320000000      12.0394700945      3.0351304861      0.0000000000
2.5108355681            4.4597596808      0.8340000000      12.0330467505      3.0348728553      0.0000000000
2.5106670991            4.4344962280      0.8360000000      12.0266362753      3.0346003261      0.0000000000
2.5104896005            4.4095478356      0.8380000000      12.0202387278      3.0343130856      0.0000000000
2.5103031929            4.3849094756      0.8400000000      12.0138541360      3.0340113189      0.0000000000
2.5101079952            4.3605753847      0.8420000000      12.0074825548      3.0336952086      0.0000000000
2.5099041249            4.3365408002      0.8440000000      12.0011240023      3.0333649356      0.0000000000
2.5096916976            4.3128015585      0.8460000000      11.9947784869      3.0330206782      0.0000000000
2.5094708279            4.2893533286      0.8480000000      11.9884459873      3.0326626129      0.0000000000
2.5092416282            4.2661913444      0.8500000000      11.9821265394      3.0322909136      0.0000000000
2.5090042107            4.2433100802      0.8520000000      11.9758202241      3.0319057534      0.0000000000
2.5087586852            4.2207049722      0.8540000000      11.9695270595      3.0315073026      0.0000000000
2.5085051600            4.1983729574      0.8560000000      11.9632470077      3.0310957288      0.0000000000
2.5082437423            4.1763099852      0.8580000000      11.9569800502      3.0306711980      0.0000000000
2.5079745386            4.1545102065      0.8600000000      11.9507263121      3.0302338759      0.0000000000
2.5076976531            4.1329699207      0.8620000000      11.9444857926      3.0297839245      0.0000000000
2.5074131888            4.1116866242      0.8640000000      11.9382583946      3.0293215037      0.0000000000
2.5071212477            4.0906553204      0.8660000000      11.9320442188      3.0288467729      0.0000000000
2.5068219309            4.0698709210      0.8680000000      11.9258433302      3.0283598891      0.0000000000
2.5065153368            4.0493320263      0.8700000000      11.9196556012      3.0278610065      0.0000000000
2.5062015642            4.0290336440      0.8720000000      11.9134811281      3.0273502791      0.0000000000
2.5058807099            4.0089712038      0.8740000000      11.9073199776      3.0268278583      0.0000000000
2.5055528689            3.9891436795      0.8760000000      11.9011719737      3.0262938931      0.0000000000
2.5052181362            3.9695447573      0.8780000000      11.8950373192      3.0257485321      0.0000000000
2.5048766046            3.9501726087      0.8800000000      11.8889159245      3.0251919209      0.0000000000
2.5045283663            3.9310241443      0.8820000000      11.8828077730      3.0246242046      0.0000000000
2.5041735125            3.9120940303      0.8840000000      11.8767129955      3.0240455263      0.0000000000
2.5038121322            3.8933822856      0.8860000000      11.8706313826      3.0234560262      0.0000000000
2.5034443146            3.8748816615      0.8880000000      11.8645631903      3.0228558447      0.0000000000
2.5030701469            3.8565928847      0.8900000000      11.8585081894      3.0222451192      0.0000000000
2.5026897158            3.8385097790      0.8920000000      11.8524665734      3.0216239866      0.0000000000
2.5023031060            3.8206318358      0.8940000000      11.8464381858      3.0209925808      0.0000000000
2.5019104024            3.8029539197      0.8960000000      11.8404231639      3.0203510361      0.0000000000
2.5015116877            3.7854751294      0.8980000000      11.8344213794      3.0196994832      0.0000000000
2.5011070445            3.7681905325      0.9000000000      11.8284329643      3.0190380531      0.0000000000
2.5006965534            3.7510996480      0.9020000000      11.8224577669      3.0183668736      0.0000000000
2.5002802950            3.7341969251      0.9040000000      11.8164959657      3.0176860724      0.0000000000
2.4998583478            3.7174829754      0.9060000000      11.8105473390      3.0169957745      0.0000000000
2.4994307906            3.7009513652      0.9080000000      11.8046121239      3.0162961052      0.0000000000
2.4989977001            3.6846030179      0.9100000000      11.7986900955      3.0155871865      0.0000000000
2.4985591528            3.6684329439      0.9120000000      11.7927814072      3.0148691403      0.0000000000
2.4981152238            3.6524396816      0.9140000000      11.7868859888      3.0141420864      0.0000000000
2.4976659871            3.6366212634      0.9160000000      11.7810037961      3.0134061429      0.0000000000
2.4972115168            3.6209730509      0.9180000000      11.7751349617      3.0126614281      0.0000000000
2.4967518847            3.6054955558      0.9200000000      11.7692792837      3.0119080567      0.0000000000
2.4962871628            3.5901844098      0.9220000000      11.7634369046      3.0111461444      0.0000000000
2.4958174218            3.5750375379      0.9240000000      11.7576078022      3.0103758041      0.0000000000
2.4953427310            3.5600541383      0.9260000000      11.7517918465      3.0095971468      0.0000000000
2.4948631604            3.5452298992      0.9280000000      11.7459891845      3.0088102852      0.0000000000
2.4943787773            3.5305636211      0.9300000000      11.7401997514      3.0080153271      0.0000000000
2.4938896491            3.5160540622      0.9320000000      11.7344234485      3.0072123809      0.0000000000
2.4933958422            3.5016974448      0.9340000000      11.7286603951      3.0064015534      0.0000000000
2.4928974228            3.4874920551      0.9360000000      11.7229105655      3.0055829514      0.0000000000
2.4923944550            3.4734372123      0.9380000000      11.7171738228      3.0047566780      0.0000000000
2.4918870033            3.4595299051      0.9400000000      11.7114502603      3.0039228375      0.0000000000
2.4913751309            3.4457670907      0.9420000000      11.7057399084      3.0030815316      0.0000000000
2.4908589002            3.4321484590      0.9440000000      11.7000426696      3.0022328613      0.0000000000
2.4903383728            3.4186721137      0.9460000000      11.6943585072      3.0013769261      0.0000000000
2.4898136099            3.4053353398      0.9480000000      11.6886874823      3.0005138254      0.0000000000
2.4892846716            3.3921358401      0.9500000000      11.6830295974      2.9996436561      0.0000000000
2.4887516175            3.3790728949      0.9520000000      11.6773847836      2.9987665151      0.0000000000
2.4882145062            3.3661448629      0.9540000000      11.6717529897      2.9978824973      0.0000000000
2.4876733957            3.3533496084      0.9560000000      11.6661342533      2.9969916971      0.0000000000
2.4871283435            3.3406843904      0.9580000000      11.6605286023      2.9960942079      0.0000000000
2.4865794062            3.3281483929      0.9600000000      11.6549359829      2.9951901216      0.0000000000
2.4860266399            3.3157402315      0.9620000000      11.6493563567      2.9942795296      0.0000000000
2.4854700996            3.3034583207      0.9640000000      11.6437896883      2.9933625215      0.0000000000
2.4849098399            3.2913007648      0.9660000000      11.6382359937      2.9924391863      0.0000000000
2.4843459150            3.2792656808      0.9680000000      11.6326952750      2.9915096125      0.0000000000
2.4837783780            3.2673512210      0.9700000000      11.6271675243      2.9905738867      0.0000000000
2.4832072816            3.2555564451      0.9720000000      11.6216526978      2.9896320953      0.0000000000
2.4826326781            3.2438798231      0.9740000000      11.6161507794      2.9886843235      0.0000000000
2.4820546181            3.2323200977      0.9760000000      11.6106617111      2.9877306541      0.0000000000
2.4814731530            3.2208755359      0.9780000000      11.6051855139      2.9867711715      0.0000000000
2.4808883329            3.2095446701      0.9800000000      11.5997221687      2.9858059580      0.0000000000
2.4803002073            3.1983260579      0.9820000000      11.5942716577      2.9848350944      0.0000000000
2.4797088250            3.1872180931      0.9840000000      11.5888339704      2.9838586608      0.0000000000
2.4791142345            3.1762193369      0.9860000000      11.5834090916      2.9828767373      0.0000000000
2.4785164835            3.1653287381      0.9880000000      11.5779969872      2.9818894021      0.0000000000
2.4779156195            3.1545449597      0.9900000000      11.5725976380      2.9808967333      0.0000000000
2.4773116885            3.1438666819      0.9920000000      11.5672110206      2.9798988066      0.0000000000
2.4767047373            3.1332925981      0.9940000000      11.5618371183      2.9788956992      0.0000000000
2.4760948109            3.1228214374      0.9960000000      11.5564759089      2.9778874854      0.0000000000
2.4754819545            3.1124519780      0.9980000000      11.5511273685      2.9768742398      0.0000000000
2.4748662126            3.1021829803      1.0000000000      11.5457914718      2.9758560356      0.0000000000
2.4742476289            3.0920131816      1.0020000000      11.5404682074      2.9748329455      0.0000000000
2.4736262472            3.0819413830      1.0040000000      11.5351575545      2.9738050414      0.0000000000
2.4730021099            3.0719664054      1.0060000000      11.5298594905      2.9727723938      0.0000000000
2.4723752596            3.0620870881      1.0080000000      11.5245739943      2.9717350732      0.0000000000
2.4717457381            3.0523022884      1.0100000000      11.5193010441      2.9706931489      0.0000000000
2.4711135869            3.0426108817      1.0120000000      11.5140406178      2.9696466897      0.0000000000
2.4704788467            3.0330117612      1.0140000000      11.5087926926      2.9685957631      0.0000000000
2.4698415580            3.0235038366      1.0160000000      11.5035572465      2.9675404362      0.0000000000
2.4692017604            3.0140860353      1.0180000000      11.4983342565      2.9664807753      0.0000000000
2.4685594938            3.0047573016      1.0200000000      11.4931237009      2.9654168463      0.0000000000
2.4679147969            2.9955165978      1.0220000000      11.4879255539      2.9643487137      0.0000000000
2.4672677082            2.9863629698      1.0240000000      11.4827397839      2.9632764418      0.0000000000
2.4666182655            2.9772953456      1.0260000000      11.4775663763      2.9622000935      0.0000000000
2.4659665069            2.9683127251      1.0280000000      11.4724053085      2.9611197323      0.0000000000
2.4653124692            2.9594141373      1.0300000000      11.4672565564      2.9600354195      0.0000000000
2.4646561894            2.9505986190      1.0320000000      11.4621200985      2.9589472172      0.0000000000
2.4639977031            2.9418652195      1.0340000000      11.4569959083      2.9578551846      0.0000000000
2.4633370470            2.9332130005      1.0360000000      11.4518839653      2.9567593832      0.0000000000
2.4626742562            2.9246407412      1.0380000000      11.4467842586      2.9556598716      0.0000000000
2.4620093656            2.9161476300      1.0400000000      11.4416967558      2.9545567084      0.0000000000
2.4613424097            2.9077329631      1.0420000000      11.4366214264      2.9534499512      0.0000000000
2.4606734229            2.8993958552      1.0440000000      11.4315582486      2.9523396579      0.0000000000
2.4600024390            2.8911354357      1.0460000000      11.4265071980      2.9512258850      0.0000000000
2.4593294911            2.8829509877      1.0480000000      11.4214682217      2.9501086881      0.0000000000
2.4586546122            2.8748415890      1.0500000000      11.4164413120      2.9489881227      0.0000000000
2.4579778352            2.8668063638      1.0520000000      11.4114264544      2.9478642440      0.0000000000
2.4572991922            2.8588444872      1.0540000000      11.4064236255      2.9467371060      0.0000000000
2.4566187151            2.8509544207      1.0560000000      11.4014328292      2.9456067626      0.0000000000
2.4559364354            2.8431360926      1.0580000000      11.3964540102      2.9444732665      0.0000000000
2.4552523839            2.8353887193      1.0600000000      11.3914871454      2.9433366699      0.0000000000
2.4545665917            2.8277116661      1.0620000000      11.3865321804      2.9421970251      0.0000000000
2.4538790888            2.8201041418      1.0640000000      11.3815890982      2.9410543825      0.0000000000
2.4531899054            2.8125652933      1.0660000000      11.3766578943      2.9399087932      0.0000000000
2.4524990713            2.8050937364      1.0680000000      11.3717385703      2.9387603078      0.0000000000
2.4518066157            2.7976891271      1.0700000000      11.3668310830      2.9376089753      0.0000000000
2.4511125677            2.7903510028      1.0720000000      11.3619354004      2.9364548452      0.0000000000
2.4504169556            2.7830789011      1.0740000000      11.3570514387      2.9352979651      0.0000000000
2.4497198079            2.7758719120      1.0760000000      11.3521792255      2.9341383834      0.0000000000
2.4490211527            2.7687288087      1.0780000000      11.3473187597      2.9329761476      0.0000000000
2.4483210176            2.7616488796      1.0800000000      11.3424700153      2.9318113048      0.0000000000
2.4476194299            2.7546320093      1.0820000000      11.3376329428      2.9306439009      0.0000000000
2.4469164164            2.7476778047      1.0840000000      11.3328074579      2.9294739817      0.0000000000
2.4462120040            2.7407853336      1.0860000000      11.3279935982      2.9283015926      0.0000000000
2.4455062191            2.7339529319      1.0880000000      11.3231913756      2.9271267786      0.0000000000
2.4447990878            2.7271808689      1.0900000000      11.3184007325      2.9259495841      0.0000000000
2.4440906356            2.7204688467      1.0920000000      11.3136215846      2.9247700524      0.0000000000
2.4433808881            2.7138161522      1.0940000000      11.3088539370      2.9235882270      0.0000000000
2.4426698706            2.7072211636      1.0960000000      11.3040978190      2.9224041510      0.0000000000
2.4419576081            2.7006838513      1.0980000000      11.2993531864      2.9212178672      0.0000000000
2.4412441249            2.6942041870      1.1000000000      11.2946199405      2.9200294167      0.0000000000
2.4405294454            2.6877814687      1.1020000000      11.2898980920      2.9188388415      0.0000000000
2.4398135936            2.6814138525      1.1040000000      11.2851876782      2.9176461823      0.0000000000
2.4390965934            2.6751017699      1.1060000000      11.2804886389      2.9164514801      0.0000000000
2.4383784678            2.6688451902      1.1080000000      11.2758008551      2.9152547739      0.0000000000
2.4376592405            2.6626428011      1.1100000000      11.2711244014      2.9140561044      0.0000000000
2.4369389344            2.6564934448      1.1120000000      11.2664592765      2.9128555108      0.0000000000
2.4362175720            2.6503977805      1.1140000000      11.2618053678      2.9116530316      0.0000000000
2.4354951755            2.6443552736      1.1160000000      11.2571626533      2.9104487045      0.0000000000
2.4347717675            2.6383639357      1.1180000000      11.2525311976      2.9092425688      0.0000000000
2.4340473696            2.6324244430      1.1200000000      11.2479109148      2.9080346611      0.0000000000
2.4333220034            2.6265366950      1.1220000000      11.2433017176      2.9068250184      0.0000000000
2.4325956903            2.6206988499      1.1240000000      11.2387036897      2.9056136776      0.0000000000
2.4318684517            2.6149109477      1.1260000000      11.2341167843      2.9044006755      0.0000000000
2.4311403080            2.6091733808      1.1280000000      11.2295408683      2.9031860471      0.0000000000
2.4304112804            2.6034843419      1.1300000000      11.2249760406      2.9019698286      0.0000000000
2.4296813891            2.5978436385      1.1320000000      11.2204222645      2.9007520550      0.0000000000
2.4289506539            2.5922518640      1.1340000000      11.2158793941      2.8995327603      0.0000000000
2.4282190951            2.5867071142      1.1360000000      11.2113475364      2.8983119794      0.0000000000
2.4274867325            2.5812093916      1.1380000000      11.2068266412      2.8970897463      0.0000000000
2.4267535853            2.5757591863      1.1400000000      11.2023165811      2.8958660942      0.0000000000
2.4260196731            2.5703543918      1.1420000000      11.1978174661      2.8946410571      0.0000000000
2.4252850144            2.5649955932      1.1440000000      11.1933292041      2.8934146665      0.0000000000
2.4245496285            2.5596828778      1.1460000000      11.1888517165      2.8921869558      0.0000000000
2.4238135340            2.5544138972      1.1480000000      11.1843851167      2.8909579573      0.0000000000
2.4230767487            2.5491901159      1.1500000000      11.1799292415      2.8897277017      0.0000000000
2.4223392913            2.5440104930      1.1520000000      11.1754841126      2.8884962212      0.0000000000
2.4216011799            2.5388737960      1.1540000000      11.1710497763      2.8872635470      0.0000000000
2.4208624318            2.5337812945      1.1560000000      11.1666260444      2.8860297093      0.0000000000
2.4201230648            2.5287308209      1.1580000000      11.1622130475      2.8847947388      0.0000000000
2.4193830961            2.5237229566      1.1600000000      11.1578106897      2.8835586654      0.0000000000
2.4186425427            2.5187575731      1.1620000000      11.1534189113      2.8823215181      0.0000000000
2.4179014221            2.5138328213      1.1640000000      11.1490378092      2.8810833277      0.0000000000
2.4171597505            2.5089502814      1.1660000000      11.1446671844      2.8798441221      0.0000000000
2.4164175448            2.5041078359      1.1680000000      11.1403071583      2.8786039307      0.0000000000
2.4156748213            2.4993060819      1.1700000000      11.1359576351      2.8773627817      0.0000000000
2.4149315960            2.4945446761      1.1720000000      11.1316185744      2.8761207028      0.0000000000
2.4141878851            2.4898222299      1.1740000000      11.1272900446      2.8748777223      0.0000000000
2.4134437041            2.4851401501      1.1760000000      11.1229718561      2.8736338673      0.0000000000
2.4126990690            2.4804958854      1.1780000000      11.1186641707      2.8723891653      0.0000000000
2.4119539951            2.4758910463      1.1800000000      11.1143668041      2.8711436429      0.0000000000
2.4112084977            2.4713239921      1.1820000000      11.1100798295      2.8698973269      0.0000000000
2.4104625915            2.4667949278      1.1840000000      11.1058031849      2.8686502431      0.0000000000
2.4097162920            2.4623036597      1.1860000000      11.1015368223      2.8674024181      0.0000000000
2.4089696138            2.4578490236      1.1880000000      11.0972807944      2.8661538775      0.0000000000
2.4082225710            2.4534321196      1.1900000000      11.0930349423      2.8649046459      0.0000000000
2.4074751788            2.4490505959      1.1920000000      11.0887994200      2.8636547497      0.0000000000
2.4067274507            2.4447064531      1.1940000000      11.0845739910      2.8624042127      0.0000000000
2.4059794013            2.4403970476      1.1960000000      11.0803588369      2.8611530603      0.0000000000
2.4052310440            2.4361241111      1.1980000000      11.0761537562      2.8599013159      0.0000000000
2.4044823932            2.4318856524      1.2000000000      11.0719588620      2.8586490045      0.0000000000
