# M(M_sol)                 Lambda          n_Bc(fm^-3)         R(km)            m_B(M_sol)        m_Bquar/M_B
0.1563292734     45915959.7440456524      0.0830000000      23.7006972637      0.1566419331      0.0000000000
0.1633763268     37672185.2864587307      0.0850000000      22.7209009045      0.1637953476      0.0000000000
0.1704565893     31229272.8404664360      0.0870000000      21.8997509298      0.1709894139      0.0000000000
0.1775674220     26114500.6311058290      0.0890000000      21.2022375429      0.1782214547      0.0000000000
0.1847072986     22001570.7344033197      0.0910000000      20.6028557565      0.1854899278      0.0000000000
0.1918755734     18658142.0417425819      0.0930000000      20.0825965913      0.1927941932      0.0000000000
0.1990723099     15914691.8778775465      0.0950000000      19.6270135266      0.2001343404      0.0000000000
0.2062981593     13645004.6415223572      0.0970000000      19.2249371063      0.2075110666      0.0000000000
0.2135542569     11753543.9428392071      0.0990000000      18.8676010852      0.2149255725      0.0000000000
0.2208421437     10166960.9880096577      0.1010000000      18.5480337321      0.2223794834      0.0000000000
0.2281637051      8828245.0916013252      0.1030000000      18.2606242576      0.2298747882      0.0000000000
0.2355211119      7692605.2741032811      0.1050000000      18.0008088531      0.2374137794      0.0000000000
0.2429167768      6724503.9894598657      0.1070000000      17.7648396426      0.2449990099      0.0000000000
0.2503533165      5895512.0901944069      0.1090000000      17.5496125444      0.2526332543      0.0000000000
0.2578335159      5182697.1432718048      0.1110000000      17.3525356746      0.2603194741      0.0000000000
0.2653407823      4568909.0127939591      0.1130000000      17.1718780286      0.2680407043      0.0000000000
0.2727216992      4048513.6996635050      0.1150000000      17.0089716280      0.2756390018      0.0000000000
0.2800485836      3600492.5895006838      0.1170000000      16.8599827789      0.2831885502      0.0000000000
0.2873542077      3211395.0012383736      0.1190000000      16.7226246608      0.2907230062      0.0000000000
0.2946549227      2871512.7431221586      0.1210000000      16.5953195327      0.2982591931      0.0000000000
0.3019621573      2573244.9222724489      0.1230000000      16.4768311217      0.3058089077      0.0000000000
0.3092850646      2310462.9508211003      0.1250000000      16.3661489705      0.3133816370      0.0000000000
0.3166315200      2078144.3115920483      0.1270000000      16.2624289465      0.3209855797      0.0000000000
0.3240085830      1872125.3430277118      0.1290000000      16.1649559530      0.3286281200      0.0000000000
0.3314227501      1688923.8869792444      0.1310000000      16.0731188330      0.3363160860      0.0000000000
0.3388800930      1525605.8751178943      0.1330000000      15.9863906921      0.3440558901      0.0000000000
0.3463863511      1379683.4753629880      0.1350000000      15.9043148210      0.3518536247      0.0000000000
0.3539469878      1249035.3035395287      0.1370000000      15.8264932766      0.3597151187      0.0000000000
0.3615672246      1131842.8135050607      0.1390000000      15.7525772222      0.3676459724      0.0000000000
0.3692520742      1026540.3803045430      0.1410000000      15.6822604449      0.3756515908      0.0000000000
0.3770063499       931774.3042999230      0.1430000000      15.6152726879      0.3837371932      0.0000000000
0.3848346833       846368.6565244066      0.1450000000      15.5513743426      0.3919078313      0.0000000000
0.3927415303       769298.9921636126      0.1470000000      15.4903528362      0.4001683948      0.0000000000
0.4007311794       699669.3539045112      0.1490000000      15.4320187413      0.4085236194      0.0000000000
0.4088077507       636693.6400475326      0.1510000000      15.3762027641      0.4169780862      0.0000000000
0.4169752021       579679.9669172183      0.1530000000      15.3227531914      0.4255362270      0.0000000000
0.4252373275       528017.7319508499      0.1550000000      15.2715336982      0.4342023228      0.0000000000
0.4335977564       481166.5125873094      0.1570000000      15.2224213778      0.4429805027      0.0000000000
0.4420599559       438646.8528617236      0.1590000000      15.1753052369      0.4518747457      0.0000000000
0.4506272319       400032.3602282563      0.1610000000      15.1300846340      0.4608888817      0.0000000000
0.4593027035       364942.9209069467      0.1630000000      15.0866680928      0.4700265642      0.0000000000
0.4680893396       333039.1232690345      0.1650000000      15.0449722896      0.4792913084      0.0000000000
0.4769899280       304017.1484743427      0.1670000000      15.0049208566      0.4886864579      0.0000000000
0.4860070840       277604.6208454855      0.1690000000      14.9664438938      0.4982151942      0.0000000000
0.4951432427       253556.9028650998      0.1710000000      14.9294767365      0.5078805270      0.0000000000
0.5044006589       231654.0467643709      0.1730000000      14.8939600093      0.5176852942      0.0000000000
0.5137814055       211697.8409732352      0.1750000000      14.8598384146      0.5276321593      0.0000000000
0.5232873681       193509.5616632282      0.1770000000      14.8270605520      0.5377236055      0.0000000000
0.5329202441       176927.8128358301      0.1790000000      14.7955784071      0.5479619333      0.0000000000
0.5426815399       161806.6536534736      0.1810000000      14.7653467781      0.5583492574      0.0000000000
0.5525725690       148014.0374127791      0.1830000000      14.7363232792      0.5688875032      0.0000000000
0.5625944507       135430.3550819404      0.1850000000      14.7084677141      0.5795784056      0.0000000000
0.5727481231       123947.1612277816      0.1870000000      14.6817420226      0.5904235208      0.0000000000
0.5830342797       113466.1143673336      0.1890000000      14.6561099309      0.6014241583      0.0000000000
0.5934534630       103897.8573803798      0.1910000000      14.6315365941      0.6125814797      0.0000000000
0.6040059989        95161.2799773077      0.1930000000      14.6079887357      0.6238964271      0.0000000000
0.6146920150        87182.6331418694      0.1950000000      14.5854342582      0.6353697421      0.0000000000
0.6255114391        79894.8550184694      0.1970000000      14.5638420806      0.6470019626      0.0000000000
0.6364640009        73236.9359990460      0.1990000000      14.5431821824      0.6587934232      0.0000000000
0.6475492297        67153.3672052509      0.2010000000      14.5234253292      0.6707442520      0.0000000000
0.6587664591        61593.6045456122      0.2030000000      14.5045430637      0.6828543734      0.0000000000
0.6701148284        56511.6182386909      0.2050000000      14.4865076489      0.6951235090      0.0000000000
0.6815932810        51865.4934053586      0.2070000000      14.4692918722      0.7075511738      0.0000000000
0.6932005719        47617.0358087212      0.2090000000      14.4528691054      0.7201366829      0.0000000000
0.7049352671        43731.4411685078      0.2110000000      14.4372132491      0.7328791497      0.0000000000
0.7167957481        40176.9946988572      0.2130000000      14.4222985921      0.7457774886      0.0000000000
0.7287802153        36924.7912904810      0.2150000000      14.4080999772      0.7588304174      0.0000000000
0.7408866922        33948.4775643649      0.2170000000      14.3945925673      0.7720364599      0.0000000000
0.7531130298        31224.0276910235      0.2190000000      14.3817519039      0.7853939495      0.0000000000
0.7654568975        28729.5395426019      0.2210000000      14.3695538864      0.7989010172      0.0000000000
0.7779158416        26445.0364356843      0.2230000000      14.3579748408      0.8125556540      0.0000000000
0.7904872107        24352.3049365188      0.2250000000      14.3469912855      0.8263556274      0.0000000000
0.8031682168        22434.7388366902      0.2270000000      14.3365802925      0.8402985467      0.0000000000
0.8159559241        20677.1881745307      0.2290000000      14.3267191330      0.8543818492      0.0000000000
0.8288472586        19065.8379834498      0.2310000000      14.3173854740      0.8686028086      0.0000000000
0.8418390123        17588.0861452858      0.2330000000      14.3085573010      0.8829585386      0.0000000000
0.8549278516        16232.4382162257      0.2350000000      14.3002130383      0.8974459999      0.0000000000
0.8681103224        14988.4074604242      0.2370000000      14.2923312650      0.9120620043      0.0000000000
0.8813828592        13846.4286183184      0.2390000000      14.2848911750      0.9268032237      0.0000000000
0.8947417908        12797.7733365166      0.2410000000      14.2778721933      0.9416661945      0.0000000000
0.9081833474        11834.4783731445      0.2430000000      14.2712540916      0.9566473233      0.0000000000
0.9217036702        10949.2759795914      0.2450000000      14.2650171366      0.9717428975      0.0000000000
0.9352988167        10135.5346957495      0.2470000000      14.2591419687      0.9869490889      0.0000000000
0.9489647681         9387.2014245824      0.2490000000      14.2536095017      1.0022619603      0.0000000000
0.9626974393         8698.7505844312      0.2510000000      14.2484012008      1.0176774763      0.0000000000
0.9764926844         8065.1382427991      0.2530000000      14.2434989473      1.0331915075      0.0000000000
0.9903463039         7481.7585065403      0.2550000000      14.2388849148      1.0487998375      0.0000000000
1.0042540548         6944.4054852401      0.2570000000      14.2345418781      1.0644981738      0.0000000000
1.0182116549         6449.2381664196      0.2590000000      14.2304529100      1.0802821506      0.0000000000
1.0322147927         5992.7469461550      0.2610000000      14.2266015677      1.0961473396      0.0000000000
1.0462591334         5571.7259790505      0.2630000000      14.2229718965      1.1120892561      0.0000000000
1.0603403259         5183.2455669638      0.2650000000      14.2195482949      1.1281033655      0.0000000000
1.0744540110         4824.6277477912      0.2670000000      14.2163156973      1.1441850925      0.0000000000
1.0885958268         4493.4243251083      0.2690000000      14.2132594403      1.1603298262      0.0000000000
1.1027614169         4187.3966625109      0.2710000000      14.2103653215      1.1765329290      0.0000000000
1.1169464357         3904.4971497881      0.2730000000      14.2076196017      1.1927897421      0.0000000000
1.1311465547         3642.8526125730      0.2750000000      14.2050089355      1.2090955928      0.0000000000
1.1453574699         3400.7490948063      0.2770000000      14.2025205618      1.2254458018      0.0000000000
1.1595749061         3176.6172774340      0.2790000000      14.2001419764      1.2418356888      0.0000000000
1.1737946241         2969.0207906690      0.2810000000      14.1978612971      1.2582605797      0.0000000000
1.1880124245         2776.6438545337      0.2830000000      14.1956669462      1.2747158121      0.0000000000
1.2022241540         2598.2812010617      0.2850000000      14.1935478831      1.2911967414      0.0000000000
1.2164257102         2432.8282577547      0.2870000000      14.1914934433      1.3076987473      0.0000000000
1.2306130455         2279.2724748282      0.2890000000      14.1894933793      1.3242172380      0.0000000000
1.2447821725         2136.6854308455      0.2910000000      14.1875379215      1.3407476569      0.0000000000
1.2589291674         2004.2153073757      0.2930000000      14.1856176687      1.3572854871      0.0000000000
1.2730501742         1881.0807230681      0.2950000000      14.1837236257      1.3738262560      0.0000000000
1.2871414083         1766.5643953956      0.2970000000      14.1818472315      1.3903655409      0.0000000000
1.3011991596         1660.0074266531      0.2990000000      14.1799802623      1.4068989721      0.0000000000
1.3152197965         1560.8048750561      0.3010000000      14.1781149596      1.4234222391      0.0000000000
1.3291997670         1468.4007615124      0.3030000000      14.1762438844      1.4399310922      0.0000000000
1.3431356029         1382.2839734588      0.3050000000      14.1743599757      1.4564213476      0.0000000000
1.3570239212         1301.9844944350      0.3070000000      14.1724565448      1.4728888906      0.0000000000
1.3708614267         1227.0699612654      0.3090000000      14.1705272478      1.4893296791      0.0000000000
1.3846449133         1157.1424708862      0.3110000000      14.1685660801      1.5057397459      0.0000000000
1.3983712660         1091.8356151307      0.3130000000      14.1665673822      1.5221152020      0.0000000000
1.4120374621         1030.8119910395      0.3150000000      14.1645258058      1.5384522389      0.0000000000
1.4256405724          973.7606533920      0.3170000000      14.1624363391      1.5547471313      0.0000000000
1.4391777620          920.3950332105      0.3190000000      14.1602942468      1.5709962382      0.0000000000
1.4526462909          870.4508297504      0.3210000000      14.1580951119      1.5871960059      0.0000000000
1.4660435152          823.6841407317      0.3230000000      14.1558347948      1.6033429690      0.0000000000
1.4793668863          779.8700007603      0.3250000000      14.1535094479      1.6194337519      0.0000000000
1.4926139516          738.8005747272      0.3270000000      14.1511154667      1.6354650695      0.0000000000
1.5057823549          700.2839435743      0.3290000000      14.1486495408      1.6514337295      0.0000000000
1.5188698354          664.1426783124      0.3310000000      14.1461085581      1.6673366321      0.0000000000
1.5318742279          630.2128108768      0.3330000000      14.1434897158      1.6831707714      0.0000000000
1.5447934616          598.3426522494      0.3350000000      14.1407903754      1.6989332347      0.0000000000
1.5576255607          568.3918363664      0.3370000000      14.1380081892      1.7146212045      0.0000000000
1.5703686418          540.2304018724      0.3390000000      14.1351409500      1.7302319574      0.0000000000
1.5830209145          513.7380382092      0.3410000000      14.1321867177      1.7457628640      0.0000000000
1.5955806799          488.8032039654      0.3430000000      14.1291437340      1.7612113900      0.0000000000
1.6080463288          465.3225639188      0.3450000000      14.1260104040      1.7765750942      0.0000000000
1.6204163416          443.2002449082      0.3470000000      14.1227853430      1.7918516294      0.0000000000
1.6326892859          422.3473296792      0.3490000000      14.1194673358      1.8070387412      0.0000000000
1.6448638160          402.6812583068      0.3510000000      14.1160553177      1.8221342676      0.0000000000
1.6569386704          384.1253649624      0.3530000000      14.1125483808      1.8371361379      0.0000000000
1.6689126711          366.6084550252      0.3550000000      14.1089457930      1.8520423721      0.0000000000
1.6807847217          350.0643310045      0.3570000000      14.1052469475      1.8668510797      0.0000000000
1.6925538055          334.4314413390      0.3590000000      14.1014513931      1.8815604590      0.0000000000
1.7042189839          319.6525296186      0.3610000000      14.0975587586      1.8961687952      0.0000000000
1.7157793948          305.6743112855      0.3630000000      14.0935688445      1.9106744601      0.0000000000
1.7272342504          292.4471812634      0.3650000000      14.0894815623      1.9250759100      0.0000000000
1.7385828358          279.9249166081      0.3670000000      14.0852969162      1.9393716847      0.0000000000
1.7498245068          268.0644396819      0.3690000000      14.0810150276      1.9535604062      0.0000000000
1.7609586882          256.8256133852      0.3710000000      14.0766361060      1.9676407768      0.0000000000
1.7719848718          246.1709727198      0.3730000000      14.0721604665      1.9816115780      0.0000000000
1.7829026146          236.0655752721      0.3750000000      14.0675885122      1.9954716687      0.0000000000
1.7937115367          226.4767854687      0.3770000000      14.0629207066      2.0092199837      0.0000000000
1.8044113196          217.3741402798      0.3790000000      14.0581576136      2.0228555316      0.0000000000
1.8150017041          208.7291618609      0.3810000000      14.0532998704      2.0363773943      0.0000000000
1.8254824885          200.5152403274      0.3830000000      14.0483481677      2.0497847240      0.0000000000
1.8358535268          192.7074807269      0.3850000000      14.0433032755      2.0630767423      0.0000000000
1.8461147265          185.2826036757      0.3870000000      14.0381659945      2.0762527383      0.0000000000
1.8562660468          178.2188092307      0.3890000000      14.0329372232      2.0893120666      0.0000000000
1.8663074971          171.4956936987      0.3910000000      14.0276178778      2.1022541460      0.0000000000
1.8762391352          165.0941335727      0.3930000000      14.0222089460      2.1150784578      0.0000000000
1.8860610647          158.9962222276      0.3950000000      14.0167114328      2.1277845435      0.0000000000
1.8957734339          153.1851489650      0.3970000000      14.0111263986      2.1403720036      0.0000000000
1.9053764341          147.6451724417      0.3990000000      14.0054549566      2.1528404959      0.0000000000
1.9148702976          142.3614974396      0.4010000000      13.9996982106      2.1651897332      0.0000000000
1.9242552957          137.3202555078      0.4030000000      13.9938573302      2.1774194822      0.0000000000
1.9335317379          132.5084105798      0.4050000000      13.9879335208      2.1895295617      0.0000000000
1.9426999696          127.9137143588      0.4070000000      13.9819279921      2.2015198412      0.0000000000
1.9517603706          123.5246626555      0.4090000000      13.9758419693      2.2133902381      0.0000000000
1.9607133536          119.3304355206      0.4110000000      13.9696767231      2.2251407175      0.0000000000
1.9695593625          115.3208567606      0.4130000000      13.9634335181      2.2367712894      0.0000000000
1.9782988717          111.4863434770      0.4150000000      13.9571136451      2.2482820085      0.0000000000
1.9869323834          107.8178824136      0.4170000000      13.9507184232      2.2596729712      0.0000000000
1.9954604269          104.3069796246      0.4190000000      13.9442491576      2.2709443146      0.0000000000
2.0038835573          100.9456401702      0.4210000000      13.9377071688      2.2820962154      0.0000000000
2.0122023544           97.7263236361      0.4230000000      13.9310938026      2.2931288887      0.0000000000
2.0204174194           94.6419168653      0.4250000000      13.9244103823      2.3040425835      0.0000000000
2.0285293766           91.6857203035      0.4270000000      13.9176582661      2.3148375861      0.0000000000
2.0365388704           88.8514033521      0.4290000000      13.9108388014      2.3255142154      0.0000000000
2.0444465645           86.1329977994      0.4310000000      13.9039533276      2.3360728223      0.0000000000
2.0522531403           83.5248613346      0.4330000000      13.8970031946      2.3465137887      0.0000000000
2.0599592966           81.0216714552      0.4350000000      13.8899897516      2.3568375257      0.0000000000
2.0675657476           78.6183880257      0.4370000000      13.8829143313      2.3670444724      0.0000000000
2.0750732228           76.3102568257      0.4390000000      13.8757783011      2.3771350955      0.0000000000
2.0824824651           74.0927750441      0.4410000000      13.8685829634      2.3871098864      0.0000000000
2.0897942301           71.9616873597      0.4430000000      13.8613296732      2.3969693615      0.0000000000
2.0970092856           69.9129648769      0.4450000000      13.8540197475      2.4067140606      0.0000000000
2.1041284101           67.9427922195      0.4470000000      13.8466545022      2.4163445453      0.0000000000
2.1111523920           66.0475602486      0.4490000000      13.8392352478      2.4258613985      0.0000000000
2.1180820293           64.2238406397      0.4510000000      13.8317632864      2.4352652233      0.0000000000
2.1249181276           62.4683966425      0.4530000000      13.8242398958      2.4445566409      0.0000000000
2.1316615009           60.7781522448      0.4550000000      13.8166663652      2.4537362916      0.0000000000
2.1383129693           59.1501905458      0.4570000000      13.8090439770      2.4628048319      0.0000000000
2.1448733593           57.5817454374      0.4590000000      13.8013739569      2.4717629344      0.0000000000
2.1513435025           56.0701934603      0.4610000000      13.7936575713      2.4806112869      0.0000000000
2.1577242356           54.6130421541      0.4630000000      13.7858960536      2.4893505914      0.0000000000
2.1640163991           53.2079254916      0.4650000000      13.7780906266      2.4979815634      0.0000000000
2.1702208365           51.8525937828      0.4670000000      13.7702424834      2.5065049301      0.0000000000
2.1763383946           50.5449135152      0.4690000000      13.7623528300      2.5149214312      0.0000000000
2.1823699224           49.2828541265      0.4710000000      13.7544228440      2.5232318170      0.0000000000
2.1883162703           48.0644824127      0.4730000000      13.7464536882      2.5314368477      0.0000000000
2.1941782901           46.8879645040      0.4750000000      13.7384465202      2.5395372930      0.0000000000
2.1999568343           45.7515528644      0.4770000000      13.7304024783      2.5475339314      0.0000000000
2.2056527554           44.6535838720      0.4790000000      13.7223226807      2.5554275492      0.0000000000
2.2112669057           43.5924746100      0.4810000000      13.7142082292      2.5632189399      0.0000000000
2.2168001368           42.5667166251      0.4830000000      13.7060602239      2.5709089038      0.0000000000
2.2222532994           41.5748737379      0.4850000000      13.6978797399      2.5784982476      0.0000000000
2.2276272423           40.6155781100      0.4870000000      13.6896678422      2.5859877828      0.0000000000
2.2329228129           39.6875247498      0.4890000000      13.6814255755      2.5933783262      0.0000000000
2.2381408559           38.7894682191      0.4910000000      13.6731539723      2.6006706987      0.0000000000
2.2432822139           37.9202243607      0.4930000000      13.6648540469      2.6078657254      0.0000000000
2.2483477263           37.0786577686      0.4950000000      13.6565268058      2.6149642342      0.0000000000
2.2533382291           36.2636903937      0.4970000000      13.6481732229      2.6219670560      0.0000000000
2.2582545556           35.4742911092      0.4990000000      13.6397942783      2.6288750242      0.0000000000
2.2630975348           34.7094732487      0.5010000000      13.6313909257      2.6356889741      0.0000000000
2.2678679917           33.9682974317      0.5030000000      13.6229640974      2.6424097418      0.0000000000
2.2725667472           33.2498641249      0.5050000000      13.6145147167      2.6490381655      0.0000000000
2.2771946177           32.5533147211      0.5070000000      13.6060436921      2.6555750830      0.0000000000
2.2817524151           31.8778285200      0.5090000000      13.5975519206      2.6620213332      0.0000000000
2.2862409463           31.2226191291      0.5110000000      13.5890402865      2.6683777543      0.0000000000
2.2906610130           30.5869365945      0.5130000000      13.5805096444      2.6746451844      0.0000000000
2.2950134118           29.9700620863      0.5150000000      13.5719608355      2.6808244604      0.0000000000
2.2992989340           29.3713075898      0.5170000000      13.5633947092      2.6869164186      0.0000000000
2.3035183654           28.7900155644      0.5190000000      13.5548120738      2.6929218936      0.0000000000
2.3076724859           28.2255545639      0.5210000000      13.5462137345      2.6988417183      0.0000000000
2.3117620696           27.6773222293      0.5230000000      13.5376004786      2.7046767237      0.0000000000
2.3157878848           27.1447395056      0.5250000000      13.5289730857      2.7104277382      0.0000000000
2.3197506937           26.6272525530      0.5270000000      13.5203323151      2.7160955884      0.0000000000
2.3236512523           26.1243299156      0.5290000000      13.5116789118      2.7216810974      0.0000000000
2.3274903105           25.6354626794      0.5310000000      13.5030136090      2.7271850859      0.0000000000
2.3312686116           25.1601626188      0.5330000000      13.4943371288      2.7326083711      0.0000000000
2.3349868928           24.6979610723      0.5350000000      13.4856501705      2.7379517669      0.0000000000
2.3386458845           24.2484087425      0.5370000000      13.4769534378      2.7432160835      0.0000000000
2.3422463109           23.8110739782      0.5390000000      13.4682475905      2.7484021276      0.0000000000
2.3457888893           23.3855435091      0.5410000000      13.4595333129      2.7535107018      0.0000000000
2.3492743306           22.9714193230      0.5430000000      13.4508112469      2.7585426045      0.0000000000
2.3527033387           22.5683199198      0.5450000000      13.4420820418      2.7634986299      0.0000000000
2.3560766111           22.1758785483      0.5470000000      13.4333463087      2.7683795678      0.0000000000
2.3593948384           21.7937427519      0.5490000000      13.4246046815      2.7731862037      0.0000000000
2.3626587043           21.4215744560      0.5510000000      13.4158577558      2.7779193180      0.0000000000
2.3658688858           21.0590476967      0.5530000000      13.4071061043      2.7825796863      0.0000000000
2.3690260532           20.7058498700      0.5550000000      13.3983503293      2.7871680797      0.0000000000
2.3721308697           20.3616797712      0.5570000000      13.3895909901      2.7916852641      0.0000000000
2.3751839917           20.0262482358      0.5590000000      13.3808286395      2.7961320000      0.0000000000
2.3781860691           19.6992768884      0.5610000000      13.3720638212      2.8005090430      0.0000000000
2.3811377445           19.3804976092      0.5630000000      13.3632970673      2.8048171434      0.0000000000
2.3840396540           19.0696525860      0.5650000000      13.3545289044      2.8090570461      0.0000000000
2.3868924265           18.7664925951      0.5670000000      13.3457598335      2.8132294901      0.0000000000
2.3896966846           18.4707796664      0.5690000000      13.3369903609      2.8173352096      0.0000000000
2.3924530436           18.1822830709      0.5710000000      13.3282209704      2.8213749328      0.0000000000
2.3951621123           17.9007809573      0.5730000000      13.3194521442      2.8253493823      0.0000000000
2.3978244927           17.6260595529      0.5750000000      13.3106843519      2.8292592751      0.0000000000
2.4004407800           17.3579129452      0.5770000000      13.3019180442      2.8331053225      0.0000000000
2.4030115627           17.0961421823      0.5790000000      13.2931536805      2.8368882297      0.0000000000
2.4055374227           16.8405562471      0.5810000000      13.2843916887      2.8406086963      0.0000000000
2.4080189350           16.5909701269      0.5830000000      13.2756325100      2.8442674161      0.0000000000
2.4104566680           16.3472061855      0.5850000000      13.2668765461      2.8478650765      0.0000000000
2.4128511844           16.1090920045      0.5870000000      13.2581242209      2.8514023606      0.0000000000
2.4152030394           15.8764623865      0.5890000000      13.2493759285      2.8548799440      0.0000000000
2.4175127819           15.6491569310      0.5910000000      13.2406320727      2.8582984967      0.0000000000
2.4197809542           15.4270215184      0.5930000000      13.2318930206      2.8616586827      0.0000000000
2.4220080927           15.2099069680      0.5950000000      13.2231591550      2.8649611605      0.0000000000
2.4241947269           14.9976692245      0.5970000000      13.2144308405      2.8682065820      0.0000000000
2.4263413803           14.7901693313      0.5990000000      13.2057084355      2.8713955938      0.0000000000
2.4284485699           14.5872730047      0.6010000000      13.1969922890      2.8745288358      0.0000000000
2.4305168067           14.3888504804      0.6030000000      13.1882827452      2.8776069425      0.0000000000
2.4325465954           14.1947762392      0.6050000000      13.1795801317      2.8806305422      0.0000000000
2.4345384342           14.0049292590      0.6070000000      13.1708847826      2.8836002567      0.0000000000
2.4364928160           13.8191920811      0.6090000000      13.1621970075      2.8865167033      0.0000000000
2.4384102272           13.6374516778      0.6110000000      13.1535171217      2.8893804919      0.0000000000
2.4402911482           13.4595985666      0.6130000000      13.1448454305      2.8921922273      0.0000000000
2.4421360535           13.2855262950      0.6150000000      13.1361822223      2.8949525078      0.0000000000
2.4439454118           13.1151329854      0.6170000000      13.1275277925      2.8976619261      0.0000000000
2.4457196860           12.9483190323      0.6190000000      13.1188824231      2.9003210692      0.0000000000
2.4474593332           12.7849887060      0.6210000000      13.1102463871      2.9029305180      0.0000000000
2.4491648048           12.6250489518      0.6230000000      13.1016199545      2.9054908477      0.0000000000
2.4508365467           12.4684098613      0.6250000000      13.0930033910      2.9080026276      0.0000000000
2.4524749987           12.3149845481      0.6270000000      13.0843969375      2.9104664210      0.0000000000
2.4540805957           12.1646885043      0.6290000000      13.0758008590      2.9128827858      0.0000000000
2.4556537667           12.0174401799      0.6310000000      13.0672153957      2.9152522742      0.0000000000
2.4571949354           11.8731606816      0.6330000000      13.0586407776      2.9175754322      0.0000000000
2.4587045204           11.7317727468      0.6350000000      13.0500772380      2.9198528010      0.0000000000
2.4601829343           11.5932028003      0.6370000000      13.0415250048      2.9220849152      0.0000000000
2.4616305851           11.4573785195      0.6390000000      13.0329842977      2.9242723042      0.0000000000
2.4630478755           11.3242302912      0.6410000000      13.0244553301      2.9264154922      0.0000000000
2.4644352027           11.1936904311      0.6430000000      13.0159383080      2.9285149974      0.0000000000
2.4657929593           11.0656933742      0.6450000000      13.0074334346      2.9305713327      0.0000000000
2.4671215323           10.9401756008      0.6470000000      12.9989409065      2.9325850054      0.0000000000
2.4684213043           10.8170754575      0.6490000000      12.9904609163      2.9345565174      0.0000000000
2.4696926526           10.6963331020      0.6510000000      12.9819936524      2.9364863655      0.0000000000
2.4709359497           10.5778905153      0.6530000000      12.9735392975      2.9383750405      0.0000000000
2.4721515636           10.4616912680      0.6550000000      12.9650980295      2.9402230289      0.0000000000
2.4733398572           10.3476808067      0.6570000000      12.9566700140      2.9420308112      0.0000000000
2.4745011888           10.2358060838      0.6590000000      12.9482554285      2.9437988625      0.0000000000
2.4756359122           10.1260155715      0.6610000000      12.9398544332      2.9455276536      0.0000000000
2.4767443763           10.0182593946      0.6630000000      12.9314671816      2.9472176491      0.0000000000
2.4778269258            9.9124888729      0.6650000000      12.9230938290      2.9488693094      0.0000000000
2.4788839008            9.8086568951      0.6670000000      12.9147345350      2.9504830892      0.0000000000
2.4799156369            9.7067176850      0.6690000000      12.9063894289      2.9520594386      0.0000000000
2.4809224656            9.6066268024      0.6710000000      12.8980586644      2.9535988026      0.0000000000
2.4819047138            9.5083409776      0.6730000000      12.8897423767      2.9551016211      0.0000000000
2.4828627042            9.4118182635      0.6750000000      12.8814406932      2.9565683294      0.0000000000
2.4837967554            9.3170177041      0.6770000000      12.8731537516      2.9579993576      0.0000000000
2.4847071818            9.2238998860      0.6790000000      12.8648816698      2.9593951316      0.0000000000
2.4855942935            9.1324259625      0.6810000000      12.8566245739      2.9607560717      0.0000000000
2.4864583970            9.0425587061      0.6830000000      12.8483825859      2.9620825944      0.0000000000
2.4872997943            8.9542614332      0.6850000000      12.8401558034      2.9633751105      0.0000000000
2.4881187838            8.8674987986      0.6870000000      12.8319443582      2.9646340273      0.0000000000
2.4889156598            8.7822363700      0.6890000000      12.8237483476      2.9658597468      0.0000000000
2.4896907129            8.6984404804      0.6910000000      12.8155678706      2.9670526665      0.0000000000
2.4904442298            8.6160786030      0.6930000000      12.8074030373      2.9682131797      0.0000000000
2.4911764932            8.5351189008      0.6950000000      12.7992539437      2.9693416749      0.0000000000
2.4918877827            8.4555305584      0.6970000000      12.7911206781      2.9704385364      0.0000000000
2.4925783737            8.3772835552      0.6990000000      12.7830033369      2.9715041442      0.0000000000
2.4932485382            8.3003485366      0.7010000000      12.7749020046      2.9725388740      0.0000000000
2.4938985448            8.2246969272      0.7030000000      12.7668167644      2.9735430971      0.0000000000
2.4945286580            8.1503010655      0.7050000000      12.7587477056      2.9745171801      0.0000000000
2.4951391396            8.0771339507      0.7070000000      12.7506949039      2.9754614863      0.0000000000
2.4957302475            8.0051692935      0.7090000000      12.7426584356      2.9763763747      0.0000000000
2.4963022362            7.9343814815      0.7110000000      12.7346383729      2.9772621995      0.0000000000
2.4968553572            7.8647455918      0.7130000000      12.7266347874      2.9781193115      0.0000000000
2.4973898582            7.7962372820      0.7150000000      12.7186477474      2.9789480571      0.0000000000
2.4979059841            7.7288328783      0.7170000000      12.7106773192      2.9797487789      0.0000000000
2.4984039764            7.6625092568      0.7190000000      12.7027235676      2.9805218156      0.0000000000
2.4988840733            7.5972438320      0.7210000000      12.6947865481      2.9812675018      0.0000000000
2.4993465103            7.5330148906      0.7230000000      12.6868663224      2.9819861688      0.0000000000
2.4997915194            7.4698010457      0.7250000000      12.6789629461      2.9826781434      0.0000000000
2.5002193297            7.4075813276      0.7270000000      12.6710764736      2.9833437488      0.0000000000
2.5006301672            7.3463356073      0.7290000000      12.6632069548      2.9839833045      0.0000000000
2.5010242553            7.2860439767      0.7310000000      12.6553544365      2.9845971267      0.0000000000
2.5014018139            7.2266870671      0.7330000000      12.6475189699      2.9851855274      0.0000000000
2.5017630606            7.1682461289      0.7350000000      12.6397005971      2.9857488154      0.0000000000
2.5021082096            7.1107029472      0.7370000000      12.6318993650      2.9862872955      0.0000000000
2.5024374729            7.0540392934      0.7390000000      12.6241153025      2.9868012694      0.0000000000
2.5027510593            6.9982379044      0.7410000000      12.6163484609      2.9872910352      0.0000000000
2.5030491749            6.9432816908      0.7430000000      12.6085988750      2.9877568874      0.0000000000
2.5033320233            6.8891539741      0.7450000000      12.6008665715      2.9881991172      0.0000000000
2.5035998053            6.8358385374      0.7470000000      12.5931515910      2.9886180122      0.0000000000
2.5038527190            6.7833195025      0.7490000000      12.5854539575      2.9890138571      0.0000000000
2.5040909602            6.7315814495      0.7510000000      12.5777737088      2.9893869328      0.0000000000
2.5043147218            6.6806092235      0.7530000000      12.5701108660      2.9897375173      0.0000000000
2.5045241943            6.6303881407      0.7550000000      12.5624654580      2.9900658852      0.0000000000
2.5047195659            6.5809037418      0.7570000000      12.5548375061      2.9903723078      0.0000000000
2.5049010222            6.5321420082      0.7590000000      12.5472270364      2.9906570538      0.0000000000
2.5050687463            6.4840891747      0.7610000000      12.5396340656      2.9909203880      0.0000000000
2.5052229192            6.4367319119      0.7630000000      12.5320586198      2.9911625728      0.0000000000
2.5053637191            6.3900569438      0.7650000000      12.5245007040      2.9913838669      0.0000000000
2.5054913223            6.3440516515      0.7670000000      12.5169603476      2.9915845265      0.0000000000
2.5056059027            6.2987035134      0.7690000000      12.5094375553      2.9917648050      0.0000000000
2.5057076316            6.2540002681      0.7710000000      12.5019323477      2.9919249518      0.0000000000
2.5057966786            6.2099299413      0.7730000000      12.4944447349      2.9920652145      0.0000000000
2.5058732107            6.1664809898      0.7750000000      12.4869747228      2.9921858373      0.0000000000
2.5059373931            6.1236418864      0.7770000000      12.4795223259      2.9922870619      0.0000000000
2.5059893885            6.0814015360      0.7790000000      12.4720875512      2.9923691268      0.0000000000
2.5060293577            6.0397491228      0.7810000000      12.4646704059      2.9924322679      0.0000000000
2.5060574593            5.9986739059      0.7830000000      12.4572708887      2.9924767181      0.0000000000
2.5060738500            5.9581654723      0.7850000000      12.4498890112      2.9925027081      0.0000000000
2.5060786843            5.9182136786      0.7870000000      12.4425247748      2.9925104656      0.0000000000
2.5060721149            5.8788085805      0.7890000000      12.4351781800      2.9925002158      0.0000000000
2.5060542922            5.8399404638      0.7910000000      12.4278492288      2.9924721806      0.0000000000
2.5060253651            5.8015997508      0.7930000000      12.4205379168      2.9924265805      0.0000000000
2.5059854803            5.7637770918      0.7950000000      12.4132442449      2.9923636326      0.0000000000
2.5059347827            5.7264634449      0.7970000000      12.4059682126      2.9922835519      0.0000000000
2.5058734151            5.6896499119      0.7990000000      12.3987098138      2.9921865500      0.0000000000
2.5058015188            5.6533277755      0.8010000000      12.3914690438      2.9920728372      0.0000000000
2.5057192332            5.6174884348      0.8030000000      12.3842458965      2.9919426209      0.0000000000
2.5056266959            5.5821235700      0.8050000000      12.3770403666      2.9917961061      0.0000000000
2.5055240424            5.5472250225      0.8070000000      12.3698524451      2.9916334950      0.0000000000
2.5054114071            5.5127847984      0.8090000000      12.3626821250      2.9914549883      0.0000000000
2.5052889221            5.4787950614      0.8110000000      12.3555293953      2.9912607835      0.0000000000
2.5051567181            5.4452481495      0.8130000000      12.3483942460      2.9910510763      0.0000000000
2.5050149242            5.4121365599      0.8150000000      12.3412766659      2.9908260602      0.0000000000
2.5048636675            5.3794529505      0.8170000000      12.3341766432      2.9905859260      0.0000000000
2.5047030738            5.3471901322      0.8190000000      12.3270941649      2.9903308627      0.0000000000
2.5045332671            5.3153410414      0.8210000000      12.3200292172      2.9900610568      0.0000000000
2.5043543699            5.2838988017      0.8230000000      12.3129817847      2.9897766929      0.0000000000
2.5041665033            5.2528566359      0.8250000000      12.3059518553      2.9894779534      0.0000000000
2.5039697865            5.2222079811      0.8270000000      12.2989394099      2.9891650184      0.0000000000
2.5037643374            5.1919463557      0.8290000000      12.2919444333      2.9888380658      0.0000000000
2.5035502725            5.1620653024      0.8310000000      12.2849669047      2.9884972721      0.0000000000
2.5033277067            5.1325586798      0.8330000000      12.2780068090      2.9881428112      0.0000000000
2.5030967532            5.1034204307      0.8350000000      12.2710641274      2.9877748549      0.0000000000
2.5028575242            5.0746445420      0.8370000000      12.2641388395      2.9873935735      0.0000000000
2.5026101303            5.0462251943      0.8390000000      12.2572309292      2.9869991349      0.0000000000
2.5023546806            5.0181566424      0.8410000000      12.2503403725      2.9865917052      0.0000000000
2.5020912829            4.9904331988      0.8430000000      12.2434671420      2.9861714484      0.0000000000
2.5018200435            4.9630494676      0.8450000000      12.2366112256      2.9857385269      0.0000000000
2.5015410677            4.9359999871      0.8470000000      12.2297725944      2.9852931013      0.0000000000
2.5012544592            4.9092794889      0.8490000000      12.2229512355      2.9848353297      0.0000000000
2.5009603204            4.8828827365      0.8510000000      12.2161471073      2.9843653692      0.0000000000
2.5006587525            4.8568047237      0.8530000000      12.2093602009      2.9838833746      0.0000000000
2.5003498552            4.8310404293      0.8550000000      12.2025904880      2.9833894987      0.0000000000
2.5000337274            4.8055849221      0.8570000000      12.1958379395      2.9828838931      0.0000000000
2.4997104664            4.7804334591      0.8590000000      12.1891025330      2.9823667075      0.0000000000
2.4993801683            4.7555813831      0.8610000000      12.1823842419      2.9818380896      0.0000000000
2.4990429280            4.7310239182      0.8630000000      12.1756830387      2.9812981853      0.0000000000
2.4986988393            4.7067567071      0.8650000000      12.1689988961      2.9807471393      0.0000000000
2.4983479951            4.6827753022      0.8670000000      12.1623317927      2.9801850947      0.0000000000
2.4979904863            4.6590751870      0.8690000000      12.1556816862      2.9796121920      0.0000000000
2.4976264035            4.6356522922      0.8710000000      12.1490485605      2.9790285712      0.0000000000
2.4972558358            4.6125022972      0.8730000000      12.1424323882      2.9784343701      0.0000000000
2.4968788711            4.5896211466      0.8750000000      12.1358331298      2.9778297249      0.0000000000
2.4964955966            4.5670048407      0.8770000000      12.1292507662      2.9772147705      0.0000000000
2.4961060981            4.5446493018      0.8790000000      12.1226852567      2.9765896403      0.0000000000
2.4957104602            4.5225508428      0.8810000000      12.1161365799      2.9759544656      0.0000000000
2.4953087666            4.5007054009      0.8830000000      12.1096046997      2.9753093765      0.0000000000
2.4949011003            4.4791094795      0.8850000000      12.1030895882      2.9746545021      0.0000000000
2.4944875428            4.4577591857      0.8870000000      12.0965912148      2.9739899694      0.0000000000
2.4940681747            4.4366511184      0.8890000000      12.0901095449      2.9733159042      0.0000000000
2.4936430757            4.4157815504      0.8910000000      12.0836445488      2.9726324306      0.0000000000
2.4932123244            4.3951471991      0.8930000000      12.0771961924      2.9719396715      0.0000000000
2.4927759986            4.3747444444      0.8950000000      12.0707644449      2.9712377487      0.0000000000
2.4923341749            4.3545701322      0.8970000000      12.0643492726      2.9705267817      0.0000000000
2.4918869290            4.3346208169      0.8990000000      12.0579506391      2.9698068895      0.0000000000
2.4914343360            4.3148933880      0.9010000000      12.0515685175      2.9690781896      0.0000000000
2.4909764696            4.2953846133      0.9030000000      12.0452028671      2.9683407976      0.0000000000
2.4905134028            4.2760913792      0.9050000000      12.0388536602      2.9675948284      0.0000000000
2.4900452079            4.2570107065      0.9070000000      12.0325208571      2.9668403954      0.0000000000
2.4895719558            4.2381394221      0.9090000000      12.0262044273      2.9660776103      0.0000000000
2.4890937172            4.2194747362      0.9110000000      12.0199043363      2.9653065846      0.0000000000
2.4886105613            4.2010136714      0.9130000000      12.0136205451      2.9645274270      0.0000000000
2.4881225568            4.1827533796      0.9150000000      12.0073530238      2.9637402461      0.0000000000
2.4876297715            4.1646911285      0.9170000000      12.0011017325      2.9629451493      0.0000000000
2.4871322722            4.1468240349      0.9190000000      11.9948666375      2.9621422414      0.0000000000
2.4866301252            4.1291495097      0.9210000000      11.9886477064      2.9613316280      0.0000000000
2.4861233957            4.1116649375      0.9230000000      11.9824448961      2.9605134122      0.0000000000
2.4856121484            4.0943675206      0.9250000000      11.9762581766      2.9596876962      0.0000000000
2.4850964469            4.0772548535      0.9270000000      11.9700875116      2.9588545811      0.0000000000
2.4845763539            4.0603244246      0.9290000000      11.9639328588      2.9580141665      0.0000000000
2.4840519319            4.0435736464      0.9310000000      11.9577941876      2.9571665514      0.0000000000
2.4835232424            4.0270001361      0.9330000000      11.9516714596      2.9563118340      0.0000000000
2.4829903456            4.0106015380      0.9350000000      11.9455646369      2.9554501097      0.0000000000
2.4824533019            3.9943754934      0.9370000000      11.9394736838      2.9545814750      0.0000000000
2.4819121703            3.9783196012      0.9390000000      11.9333985612      2.9537060237      0.0000000000
2.4813670092            3.9624316402      0.9410000000      11.9273392350      2.9528238493      0.0000000000
2.4808178767            3.9467094558      0.9430000000      11.9212956648      2.9519350442      0.0000000000
2.4802648293            3.9311507589      0.9450000000      11.9152678130      2.9510396990      0.0000000000
2.4797079238            3.9157533853      0.9470000000      11.9092556449      2.9501379042      0.0000000000
2.4791472161            3.9005151843      0.9490000000      11.9032591205      2.9492297495      0.0000000000
2.4785827606            3.8854341820      0.9510000000      11.8972782041      2.9483153221      0.0000000000
2.4780146121            3.8705082340      0.9530000000      11.8913128517      2.9473947098      0.0000000000
2.4774428242            3.8557353440      0.9550000000      11.8853630327      2.9464679985      0.0000000000
2.4768674498            3.8411134979      0.9570000000      11.8794287065      2.9455352732      0.0000000000
2.4762885415            3.8266407099      0.9590000000      11.8735098316      2.9445966183      0.0000000000
2.4757061509            3.8123151380      0.9610000000      11.8676063749      2.9436521171      0.0000000000
2.4751203293            3.7981348713      0.9630000000      11.8617182935      2.9427018517      0.0000000000
2.4745311269            3.7840980124      0.9650000000      11.8558455480      2.9417459034      0.0000000000
2.4739385943            3.7702027519      0.9670000000      11.8499881064      2.9407843536      0.0000000000
2.4733427803            3.7564472559      0.9690000000      11.8441459293      2.9398172811      0.0000000000
2.4727437335            3.7428297837      0.9710000000      11.8383189715      2.9388447642      0.0000000000
2.4721415025            3.7293485613      0.9730000000      11.8325071976      2.9378668813      0.0000000000
2.4715361346            3.7160018832      0.9750000000      11.8267105709      2.9368837095      0.0000000000
2.4709276768            3.7027880610      0.9770000000      11.8209290514      2.9358953240      0.0000000000
2.4703161755            3.6897054655      0.9790000000      11.8151625981      2.9349018006      0.0000000000
2.4697016768            3.6767524341      0.9810000000      11.8094111738      2.9339032136      0.0000000000
2.4690842257            3.6639273256      0.9830000000      11.8036747392      2.9328996362      0.0000000000
2.4684638673            3.6512285714      0.9850000000      11.7979532564      2.9318911415      0.0000000000
2.4678406455            3.6386546123      0.9870000000      11.7922466860      2.9308778010      0.0000000000
2.4672146044            3.6262039093      0.9890000000      11.7865549904      2.9298596861      0.0000000000
2.4665857868            3.6138749685      0.9910000000      11.7808781279      2.9288368662      0.0000000000
2.4659542356            3.6016662862      0.9930000000      11.7752160607      2.9278094119      0.0000000000
2.4653199931            3.5895763921      0.9950000000      11.7695687498      2.9267773913      0.0000000000
2.4646831007            3.5776038414      0.9970000000      11.7639361556      2.9257408723      0.0000000000
2.4640435998            3.5657472150      0.9990000000      11.7583182395      2.9246999224      0.0000000000
2.4634015308            3.5540051125      1.0010000000      11.7527149613      2.9236546073      0.0000000000
2.4627569342            3.5423761550      1.0030000000      11.7471262834      2.9226049934      0.0000000000
2.4621098496            3.5308589862      1.0050000000      11.7415521660      2.9215511454      0.0000000000
2.4614603161            3.5194522683      1.0070000000      11.7359925694      2.9204931271      0.0000000000
2.4608083726            3.5081546859      1.0090000000      11.7304474554      2.9194310025      0.0000000000
2.4601540576            3.4969649422      1.0110000000      11.7249167846      2.9183648341      0.0000000000
2.4594974087            3.4858817604      1.0130000000      11.7194005184      2.9172946842      0.0000000000
2.4588384634            3.4749038829      1.0150000000      11.7138986167      2.9162206137      0.0000000000
2.4581772587            3.4640300714      1.0170000000      11.7084110413      2.9151426837      0.0000000000
2.4575138312            3.4532591055      1.0190000000      11.7029377530      2.9140609541      0.0000000000
2.4568482167            3.4425897866      1.0210000000      11.6974787126      2.9129754840      0.0000000000
2.4561804515            3.4320209165      1.0230000000      11.6920338828      2.9118863327      0.0000000000
2.4555105700            3.4215513411      1.0250000000      11.6866032225      2.9107935571      0.0000000000
2.4548386078            3.4111798870      1.0270000000      11.6811866943      2.9096972159      0.0000000000
2.4541645991            3.4009054343      1.0290000000      11.6757842574      2.9085973651      0.0000000000
2.4534885776            3.3907268754      1.0310000000      11.6703958741      2.9074940608      0.0000000000
2.4528105773            3.3806431255      1.0330000000      11.6650215057      2.9063873586      0.0000000000
2.4521306313            3.3706530970      1.0350000000      11.6596611133      2.9052773132      0.0000000000
2.4514487724            3.3607557022      1.0370000000      11.6543146580      2.9041639790      0.0000000000
2.4507650332            3.3509498661      1.0390000000      11.6489820973      2.9030474098      0.0000000000
2.4500794456            3.3412345842      1.0410000000      11.6436633971      2.9019276585      0.0000000000
2.4493920413            3.3316088396      1.0430000000      11.6383585173      2.9008047773      0.0000000000
2.4487028517            3.3220716119      1.0450000000      11.6330674227      2.8996788183      0.0000000000
2.4480119075            3.3126218858      1.0470000000      11.6277900701      2.8985498326      0.0000000000
2.4473192396            3.3032587110      1.0490000000      11.6225264234      2.8974178712      0.0000000000
2.4466248784            3.2939811232      1.0510000000      11.6172764457      2.8962829847      0.0000000000
2.4459288530            3.2847881744      1.0530000000      11.6120400918      2.8951452212      0.0000000000
2.4452311935            3.2756789042      1.0550000000      11.6068173257      2.8940046309      0.0000000000
2.4445319291            3.2666524140      1.0570000000      11.6016081125      2.8928612624      0.0000000000
2.4438310885            3.2577077546      1.0590000000      11.5964124152      2.8917151631      0.0000000000
2.4431287002            3.2488440490      1.0610000000      11.5912301919      2.8905663809      0.0000000000
2.4424247923            3.2400604327      1.0630000000      11.5860614070      2.8894149622      0.0000000000
2.4417193926            3.2313559834      1.0650000000      11.5809060179      2.8882609536      0.0000000000
2.4410125288            3.2227298930      1.0670000000      11.5757639867      2.8871044011      0.0000000000
2.4403042280            3.2141812875      1.0690000000      11.5706352819      2.8859453501      0.0000000000
2.4395945170            3.2057092947      1.0710000000      11.5655198609      2.8847838451      0.0000000000
2.4388834224            3.1973131519      1.0730000000      11.5604176890      2.8836199308      0.0000000000
2.4381709704            3.1889919832      1.0750000000      11.5553287237      2.8824536509      0.0000000000
2.4374571871            3.1807450402      1.0770000000      11.5502529264      2.8812850489      0.0000000000
2.4367420978            3.1725715042      1.0790000000      11.5451902662      2.8801141673      0.0000000000
2.4360257283            3.1644705672      1.0810000000      11.5401407026      2.8789410494      0.0000000000
2.4353081032            3.1564415079      1.0830000000      11.5351042009      2.8777657361      0.0000000000
2.4345892475            3.1484835126      1.0850000000      11.5300807110      2.8765882696      0.0000000000
2.4338691857            3.1405959109      1.0870000000      11.5250702089      2.8754086907      0.0000000000
2.4331479417            3.1327778589      1.0890000000      11.5200726533      2.8742270396      0.0000000000
2.4324255396            3.1250287113      1.0910000000      11.5150880113      2.8730433570      0.0000000000
2.4317020030            3.1173476833      1.0930000000      11.5101162325      2.8718576823      0.0000000000
2.4309773552            3.1097341342      1.0950000000      11.5051572914      2.8706700549      0.0000000000
2.4302516193            3.1021872896      1.0970000000      11.5002111499      2.8694805136      0.0000000000
2.4295248181            3.0947065014      1.0990000000      11.4952777720      2.8682890963      0.0000000000
2.4287969741            3.0872910783      1.1010000000      11.4903571099      2.8670958416      0.0000000000
2.4280681097            3.0799403585      1.1030000000      11.4854491397      2.8659007868      0.0000000000
2.4273382467            3.0726536517      1.1050000000      11.4805538210      2.8647039686      0.0000000000
2.4266074069            3.0654302990      1.1070000000      11.4756711144      2.8635054241      0.0000000000
2.4258756120            3.0582696990      1.1090000000      11.4708009824      2.8623051897      0.0000000000
2.4251428831            3.0511711586      1.1110000000      11.4659433948      2.8611033010      0.0000000000
2.4244092413            3.0441340622      1.1130000000      11.4610983142      2.8598997937      0.0000000000
2.4236747072            3.0371578255      1.1150000000      11.4562656935      2.8586947027      0.0000000000
2.4229393015            3.0302417838      1.1170000000      11.4514455090      2.8574880627      0.0000000000
2.4222030444            3.0233853532      1.1190000000      11.4466377240      2.8562799084      0.0000000000
2.4214659561            3.0165879357      1.1210000000      11.4418422911      2.8550702735      0.0000000000
2.4207280562            3.0098489366      1.1230000000      11.4370591858      2.8538591916      0.0000000000
2.4199893643            3.0031677843      1.1250000000      11.4322883710      2.8526466955      0.0000000000
2.4192498999            2.9965438746      1.1270000000      11.4275298015      2.8514328186      0.0000000000
2.4185096822            2.9899766657      1.1290000000      11.4227834523      2.8502175933      0.0000000000
2.4177687299            2.9834655989      1.1310000000      11.4180492859      2.8490010513      0.0000000000
2.4170270619            2.9770100987      1.1330000000      11.4133272586      2.8477832248      0.0000000000
2.4162846965            2.9706096278      1.1350000000      11.4086173448      2.8465641450      0.0000000000
2.4155416519            2.9642636532      1.1370000000      11.4039195071      2.8453438427      0.0000000000
2.4147979466            2.9579716564      1.1390000000      11.3992337030      2.8441223494      0.0000000000
2.4140535980            2.9517330622      1.1410000000      11.3945599063      2.8428996945      0.0000000000
2.4133086238            2.9455473749      1.1430000000      11.3898980797      2.8416759084      0.0000000000
2.4125630417            2.9394141367      1.1450000000      11.3852481810      2.8404510212      0.0000000000
2.4118168686            2.9333327643      1.1470000000      11.3806101881      2.8392250616      0.0000000000
2.4110701218            2.9273027509      1.1490000000      11.3759840545      2.8379980593      0.0000000000
2.4103228180            2.9213236800      1.1510000000      11.3713697510      2.8367700425      0.0000000000
2.4095749738            2.9153950036      1.1530000000      11.3667672452      2.8355410399      0.0000000000
2.4088266058            2.9095162679      1.1550000000      11.3621764941      2.8343110793      0.0000000000
2.4080777302            2.9036869713      1.1570000000      11.3575974729      2.8330801889      0.0000000000
2.4073283629            2.8979066422      1.1590000000      11.3530301417      2.8318483958      0.0000000000
2.4065785202            2.8921748708      1.1610000000      11.3484744661      2.8306157275      0.0000000000
2.4058282174            2.8864911322      1.1630000000      11.3439304169      2.8293822105      0.0000000000
2.4050774701            2.8808550160      1.1650000000      11.3393979515      2.8281478715      0.0000000000
2.4043262937            2.8752660512      1.1670000000      11.3348770452      2.8269127367      0.0000000000
2.4035747034            2.8697237847      1.1690000000      11.3303676572      2.8256768324      0.0000000000
2.4028227141            2.8642278317      1.1710000000      11.3258697560      2.8244401837      0.0000000000
2.4020703407            2.8587776955      1.1730000000      11.3213833116      2.8232028167      0.0000000000
2.4013175977            2.8533730228      1.1750000000      11.3169082804      2.8219647558      0.0000000000
2.4005644999            2.8480133175      1.1770000000      11.3124446434      2.8207260267      0.0000000000
2.3998110609            2.8426982144      1.1790000000      11.3079923519      2.8194866527      0.0000000000
2.3990572958            2.8374272951      1.1810000000      11.3035513859      2.8182466596      0.0000000000
2.3983032178            2.8322001121      1.1830000000      11.2991217015      2.8170060704      0.0000000000
2.3975488411            2.8270163310      1.1850000000      11.2947032720      2.8157649090      0.0000000000
2.3967941791            2.8218754840      1.1870000000      11.2902960636      2.8145231991      0.0000000000
2.3960392456            2.8167772619      1.1890000000      11.2859000393      2.8132809640      0.0000000000
2.3952840538            2.8117211902      1.1910000000      11.2815151737      2.8120382266      0.0000000000
2.3945286168            2.8067069722      1.1930000000      11.2771414235      2.8107950093      0.0000000000
2.3937729477            2.8017341448      1.1950000000      11.2727787685      2.8095513348      0.0000000000
2.3930170593            2.7968024141      1.1970000000      11.2684271635      2.8083072253      0.0000000000
2.3922609644            2.7919113426      1.1990000000      11.2640865890      2.8070627026      0.0000000000
