# M(M_sol)                 Lambda          n_Bc(fm^-3)         R(km)            m_B(M_sol)        m_Bquar/M_B
0.1525878215     45981339.0638261139      0.0920000000      23.6479893466      0.1528290605      0.0000000000
0.1578088352     39113433.1432828307      0.0940000000      22.8180219619      0.1581234279      0.0000000000
0.1630697203     33476633.5994464271      0.0960000000      22.0935623368      0.1634621295      0.0000000000
0.1683704565     28804816.5624335967      0.0980000000      21.4558554543      0.1688452049      0.0000000000
0.1737115784     24900635.0360271186      0.1000000000      20.8903006804      0.1742732615      0.0000000000
0.1790940788     21614577.0045347996      0.1020000000      20.3853688939      0.1797473773      0.0000000000
0.1845193415     18831437.4861971699      0.1040000000      19.9318423232      0.1852690343      0.0000000000
0.1899890807     16461127.4073600341      0.1060000000      19.5222655577      0.1908400579      0.0000000000
0.1955052895     14432345.7133556921      0.1080000000      19.1505490716      0.1964625652      0.0000000000
0.2010702036     12688074.3075173348      0.1100000000      18.8116724654      0.2021389289      0.0000000000
0.2066862610     11182284.5031299684      0.1120000000      18.5014616657      0.2078717375      0.0000000000
0.2123079829      9887775.3742276002      0.1140000000      18.2187271330      0.2136146209      0.0000000000
0.2178730552      8781557.2293519210      0.1160000000      17.9627593034      0.2193038557      0.0000000000
0.2234354491      7822345.0714598009      0.1180000000      17.7277904749      0.2249945438      0.0000000000
0.2290125415      6984934.0107110599      0.1200000000      17.5107062495      0.2307044716      0.0000000000
0.2346149514      6250227.3942692205      0.1220000000      17.3091950637      0.2364445519      0.0000000000
0.2402508172      5603008.9839270962      0.1240000000      17.1214079565      0.2422231864      0.0000000000
0.2459270449      5030878.7859912915      0.1260000000      16.9458193213      0.2480475373      0.0000000000
0.2516498189      4523587.8351725647      0.1280000000      16.7811480287      0.2539240479      0.0000000000
0.2574248585      4072578.1213664431      0.1300000000      16.6263055704      0.2598587036      0.0000000000
0.2632575514      3670645.6638348959      0.1320000000      16.4803590247      0.2658571683      0.0000000000
0.2691530356      3311682.3637858499      0.1340000000      16.3425029962      0.2719248670      0.0000000000
0.2751162473      2990478.4983182778      0.1360000000      16.2120379926      0.2780670355      0.0000000000
0.2811519534      2702566.4465953726      0.1380000000      16.0883536298      0.2842887526      0.0000000000
0.2872647709      2444095.8243084052      0.1400000000      15.9709145337      0.2905949608      0.0000000000
0.2934591795      2211733.6486007967      0.1420000000      15.8592495822      0.2969904785      0.0000000000
0.2997395273      2002582.3506296854      0.1440000000      15.7529420986      0.3034800063      0.0000000000
0.3061100408      1814113.6175169500      0.1460000000      15.6516228169      0.3100681365      0.0000000000
0.3125748202      1644112.4356524537      0.1480000000      15.5549625722      0.3167593496      0.0000000000
0.3191378435      1490633.2947229038      0.1500000000      15.4626679731      0.3235580174      0.0000000000
0.3258029664      1351960.7940656801      0.1520000000      15.3744759567      0.3304684028      0.0000000000
0.3325739152      1226578.5966026238      0.1540000000      15.2901498559      0.3374946540      0.0000000000
0.3394542964      1113142.6822289769      0.1560000000      15.2094766619      0.3446408123      0.0000000000
0.3464475644      1010458.8401974523      0.1580000000      15.1322638540      0.3519107801      0.0000000000
0.3535570528       917463.0255649915      0.1600000000      15.0583360085      0.3593083529      0.0000000000
0.3607859552       833205.8033745345      0.1620000000      14.9875342388      0.3668371990      0.0000000000
0.3681373138       756837.9232770092      0.1640000000      14.9197128484      0.3745008480      0.0000000000
0.3756140258       687598.3524942205      0.1660000000      14.8547384402      0.3823026968      0.0000000000
0.3832188329       624804.3425071376      0.1680000000      14.7924883777      0.3902459987      0.0000000000
0.3909543197       567842.0008032828      0.1700000000      14.7328493564      0.3983338617      0.0000000000
0.3988229074       516158.9302182445      0.1720000000      14.6757163875      0.4065692412      0.0000000000
0.4068268506       469257.2742788216      0.1740000000      14.6209917982      0.4149549366      0.0000000000
0.4149682330       426687.9091096818      0.1760000000      14.5685843948      0.4234935861      0.0000000000
0.4232489624       388045.2858469521      0.1780000000      14.5184086996      0.4321876616      0.0000000000
0.4316707634       352962.8553745633      0.1800000000      14.4703842853      0.4410394595      0.0000000000
0.4402351957       321109.0489280822      0.1820000000      14.4244352193      0.4500511205      0.0000000000
0.4489436170       292183.7804832511      0.1840000000      14.3804894694      0.4592245892      0.0000000000
0.4577972016       265915.3584213574      0.1860000000      14.3384786476      0.4685616330      0.0000000000
0.4667969357       242057.5023466012      0.1880000000      14.2983373576      0.4780638368      0.0000000000
0.4759436105       220387.1227642341      0.1900000000      14.2600029979      0.4877325944      0.0000000000
0.4852378261       200701.8589053877      0.1920000000      14.2234156583      0.4975691121      0.0000000000
0.4946799866       182818.1903905423      0.1940000000      14.1885173465      0.5075744021      0.0000000000
0.5042702990       166569.6443517108      0.1960000000      14.1552521846      0.5177492807      0.0000000000
0.5140087765       151805.1899825971      0.1980000000      14.1235660785      0.5280943707      0.0000000000
0.5238952346       138387.7934766343      0.2000000000      14.0934066693      0.5386100960      0.0000000000
0.5339292949       126193.0802860294      0.2020000000      14.0647229866      0.5492966842      0.0000000000
0.5441103824       115108.1804048480      0.2040000000      14.0374653476      0.5601541629      0.0000000000
0.5544377306       105030.6746151237      0.2060000000      14.0115854262      0.5711823633      0.0000000000
0.5649103819        95867.6057663313      0.2080000000      13.9870360922      0.5823809200      0.0000000000
0.5755271889        87534.6106869683      0.2100000000      13.9637711432      0.5937492702      0.0000000000
0.5862868180        79955.1388585700      0.2120000000      13.9417455493      0.6052866567      0.0000000000
0.5971877529        73059.7222925397      0.2140000000      13.9209152153      0.6169921295      0.0000000000
0.6082282967        66785.3223252838      0.2160000000      13.9012369059      0.6288645475      0.0000000000
0.6194065781        61074.7443381158      0.2180000000      13.8826684091      0.6409025825      0.0000000000
0.6307205525        55876.0973284949      0.2200000000      13.8651682566      0.6531047197      0.0000000000
0.6421680092        51142.3005412183      0.2220000000      13.8486959004      0.6654692634      0.0000000000
0.6537465749        46830.6425278581      0.2240000000      13.8332116075      0.6779943392      0.0000000000
0.6654537199        42902.3755724991      0.2260000000      13.8186764546      0.6906778992      0.0000000000
0.6772867625        39322.3521994374      0.2280000000      13.8050523501      0.7035177254      0.0000000000
0.6892428755        36058.6918177078      0.2300000000      13.7923019932      0.7165114343      0.0000000000
0.7013190922        33082.4699398975      0.2320000000      13.7803889071      0.7296564827      0.0000000000
0.7135123113        30367.4549266085      0.2340000000      13.7692773258      0.7429501708      0.0000000000
0.7258193065        27889.8485258596      0.2360000000      13.7589324417      0.7563896517      0.0000000000
0.7382367290        25628.0637581379      0.2380000000      13.7493200450      0.7699719318      0.0000000000
0.7507611178        23562.5181201246      0.2400000000      13.7404068837      0.7836938810      0.0000000000
0.7633889045        21675.4461865873      0.2420000000      13.7321604550      0.7975522364      0.0000000000
0.7761164212        19950.7290113277      0.2440000000      13.7245489750      0.8115436091      0.0000000000
0.7889399072        18373.7425130956      0.2460000000      13.7175415991      0.8256644909      0.0000000000
0.8018555168        16931.2140946733      0.2480000000      13.7111081461      0.8399112608      0.0000000000
0.8148593251        15611.1021176673      0.2500000000      13.7052193468      0.8542801901      0.0000000000
0.8279473368        14402.4724122825      0.2520000000      13.6998466027      0.8687674511      0.0000000000
0.8411154932        13295.4019277378      0.2540000000      13.6949622853      0.8833691238      0.0000000000
0.8543596782        12280.8792044035      0.2560000000      13.6905393178      0.8980812005      0.0000000000
0.8676757267        11350.7224935101      0.2580000000      13.6865516535      0.9128995950      0.0000000000
0.8810594306        10497.4995658546      0.2600000000      13.6829738411      0.9278201474      0.0000000000
0.8945065474         9714.4581202195      0.2620000000      13.6797813259      0.9428386334      0.0000000000
0.9080128055         8995.4627956537      0.2640000000      13.6769502782      0.9579507686      0.0000000000
0.9215739120         8334.9372467880      0.2660000000      13.6744576389      0.9731522172      0.0000000000
0.9351855589         7727.8108159064      0.2680000000      13.6722810794      0.9884385972      0.0000000000
0.9488434299         7169.4737827091      0.2700000000      13.6703990888      1.0038054880      0.0000000000
0.9625432065         6655.7321861276      0.2720000000      13.6687908544      1.0192484364      0.0000000000
0.9762805745         6182.7699610057      0.2740000000      13.6674362952      1.0347629636      0.0000000000
0.9900512296         5747.1138338396      0.2760000000      13.6663160327      1.0503445703      0.0000000000
1.0038508838         5345.6014430767      0.2780000000      13.6654114340      1.0659887448      0.0000000000
1.0176752713         4975.3524165715      0.2800000000      13.6647045874      1.0816909679      0.0000000000
1.0315201517         4633.7430271550      0.2820000000      13.6641781621      1.0974467173      0.0000000000
1.0453813189         4318.3812574952      0.2840000000      13.6638156459      1.1132514773      0.0000000000
1.0592546026         4027.0866214725      0.2860000000      13.6636010405      1.1291007400      0.0000000000
1.0731358751         3757.8701367542      0.2880000000      13.6635191328      1.1449900136      0.0000000000
1.0870210551         3508.9170578661      0.2900000000      13.6635552035      1.1609148263      0.0000000000
1.1009061121         3278.5711364701      0.2920000000      13.6636952902      1.1768707316      0.0000000000
1.1147870706         3065.3195094713      0.2940000000      13.6639259571      1.1928533137      0.0000000000
1.1286600139         2867.7804124718      0.2960000000      13.6642343404      1.2088581910      0.0000000000
1.1425210871         2684.6910150606      0.2980000000      13.6646082672      1.2248810214      0.0000000000
1.1563665013         2514.8965736899      0.3000000000      13.6650359763      1.2409175058      0.0000000000
1.1701925359         2357.3411429922      0.3020000000      13.6655063555      1.2569633926      0.0000000000
1.1839955427         2211.0580105080      0.3040000000      13.6660088006      1.2730144821      0.0000000000
1.1977719467         2075.1626548823      0.3060000000      13.6665332208      1.2890666281      0.0000000000
1.2115182499         1948.8445790753      0.3080000000      13.6670699919      1.3051157432      0.0000000000
1.2252310341         1831.3611494318      0.3100000000      13.6676100287      1.3211578023      0.0000000000
1.2389069592         1722.0318232910      0.3120000000      13.6681447203      1.3371888412      0.0000000000
1.2525427700         1620.2321560777      0.3140000000      13.6686658793      1.3532049658      0.0000000000
1.2661352944         1525.3893334179      0.3160000000      13.6691657653      1.3692023500      0.0000000000
1.2796814462         1436.9773892160      0.3180000000      13.6696371248      1.3851772404      0.0000000000
1.2931782247         1354.5133793619      0.3200000000      13.6700730035      1.4011259563      0.0000000000
1.3066227172         1277.5534466779      0.3220000000      13.6704669611      1.4170448937      0.0000000000
1.3200120992         1205.6895672863      0.3240000000      13.6708129065      1.4329305258      0.0000000000
1.3333436347         1138.5463836937      0.3260000000      13.6711050777      1.4487794052      0.0000000000
1.3466146768         1075.7786903105      0.3280000000      13.6713381383      1.4645881645      0.0000000000
1.3598226679         1017.0684597003      0.3300000000      13.6715070523      1.4803535185      0.0000000000
1.3729651398          962.1228667611      0.3320000000      13.6716071159      1.4960722643      0.0000000000
1.3860397140          910.6720343402      0.3340000000      13.6716340108      1.5117412834      0.0000000000
1.3990441007          862.4670971466      0.3360000000      13.6715836526      1.5273575406      0.0000000000
1.4119760989          817.2785723723      0.3380000000      13.6714522743      1.5429180861      0.0000000000
1.4248335958          774.8946473952      0.3400000000      13.6712363960      1.5584200551      0.0000000000
1.4376145665          735.1196465319      0.3420000000      13.6709328094      1.5738606685      0.0000000000
1.4503170729          697.7729420485      0.3440000000      13.6705385702      1.5892372328      0.0000000000
1.4629392634          662.6874741712      0.3460000000      13.6700510040      1.6045471406      0.0000000000
1.4754793708          629.7088582236      0.3480000000      13.6694676083      1.6197878688      0.0000000000
1.4879357128          598.6941894287      0.3500000000      13.6687861910      1.6349569808      0.0000000000
1.5003066899          569.5111904258      0.3520000000      13.6680047246      1.6500521242      0.0000000000
1.5125907845          542.0374223077      0.3540000000      13.6671214145      1.6650710314      0.0000000000
1.5247865598          516.1593973121      0.3560000000      13.6661346544      1.6800115185      0.0000000000
1.5368926582          491.7719217702      0.3580000000      13.6650430334      1.6948714848      0.0000000000
1.5489078003          468.7774364117      0.3600000000      13.6638453124      1.7096489125      0.0000000000
1.5608307828          447.0854278072      0.3620000000      13.6625404243      1.7243418648      0.0000000000
1.5726604782          426.6118455120      0.3640000000      13.6611275041      1.7389484867      0.0000000000
1.5843958315          407.2786648770      0.3660000000      13.6596057806      1.7534670016      0.0000000000
1.5960358608          389.0133388116      0.3680000000      13.6579746521      1.7678957131      0.0000000000
1.6075796540          371.7484507020      0.3700000000      13.6562336928      1.7822330018      0.0000000000
1.6190263677          355.4212999368      0.3720000000      13.6543825609      1.7964773248      0.0000000000
1.6303752260          339.9735122478      0.3740000000      13.6524210748      1.8106272147      0.0000000000
1.6416255183          325.3507696312      0.3760000000      13.6503491443      1.8246812783      0.0000000000
1.6527765980          311.5024552881      0.3780000000      13.6481668194      1.8386381953      0.0000000000
1.6638278803          298.3814242999      0.3800000000      13.6458742409      1.8524967166      0.0000000000
1.6747788410          285.9437114888      0.3820000000      13.6434716243      1.8662556633      0.0000000000
1.6856290148          274.1482941546      0.3840000000      13.6409593239      1.8799139256      0.0000000000
1.6963779935          262.9569180402      0.3860000000      13.6383377647      1.8934704609      0.0000000000
1.7070254240          252.3338564867      0.3880000000      13.6356074586      1.9069242924      0.0000000000
1.7175710072          242.2457352050      0.3900000000      13.6327689817      1.9202745082      0.0000000000
1.7280144957          232.6613737808      0.3920000000      13.6298229812      1.9335202589      0.0000000000
1.7383556928          223.5516202442      0.3940000000      13.6267702162      1.9466607574      0.0000000000
1.7485944503          214.8892030786      0.3960000000      13.6236114467      1.9596952760      0.0000000000
1.7587306671          206.6486221647      0.3980000000      13.6203475351      1.9726231461      0.0000000000
1.7687642878          198.8059850961      0.4000000000      13.6169793925      1.9854437562      0.0000000000
1.7786953004          191.3389320712      0.4020000000      13.6135079638      1.9981565502      0.0000000000
1.7885237356          184.2265015782      0.4040000000      13.6099342510      2.0107610263      0.0000000000
1.7982496649          177.4490463515      0.4060000000      13.6062593156      2.0232567359      0.0000000000
1.8078731986          170.9881497015      0.4080000000      13.6024842419      2.0356432810      0.0000000000
1.8173944851          164.8265263369      0.4100000000      13.5986101547      2.0479203138      0.0000000000
1.8268137087          158.9479597038      0.4120000000      13.5946382074      2.0600875343      0.0000000000
1.8361310889          153.3372092666      0.4140000000      13.5905695990      2.0721446902      0.0000000000
1.8453468781          147.9799753940      0.4160000000      13.5864055468      2.0840915741      0.0000000000
1.8544613611          142.8628131781      0.4180000000      13.5821473000      2.0959280229      0.0000000000
1.8634748529          137.9730755366      0.4200000000      13.5777961117      2.1076539161      0.0000000000
1.8723876982          133.2988810095      0.4220000000      13.5733532793      2.1192691744      0.0000000000
1.8812002692          128.8290374812      0.4240000000      13.5688201167      2.1307737589      0.0000000000
1.8899129652          124.5530195940      0.4260000000      13.5641979358      2.1421676686      0.0000000000
1.8985262108          120.4609075378      0.4280000000      13.5594880873      2.1534509406      0.0000000000
1.9070404546          116.5433615493      0.4300000000      13.5546918956      2.1646236474      0.0000000000
1.9154561686          112.7915795609      0.4320000000      13.5498107299      2.1756858964      0.0000000000
1.9237738466          109.1972621629      0.4340000000      13.5448459575      2.1866378284      0.0000000000
1.9319940031          105.7525798075      0.4360000000      13.5397989600      2.1974796169      0.0000000000
1.9401171723          102.4501487014      0.4380000000      13.5346711040      2.2082114658      0.0000000000
1.9481439071           99.2829938107      0.4400000000      13.5294637719      2.2188336092      0.0000000000
1.9560747781           96.2445358953      0.4420000000      13.5241783534      2.2293463101      0.0000000000
1.9639103723           93.3285542856      0.4440000000      13.5188162278      2.2397498585      0.0000000000
1.9716512924           90.5291746209      0.4460000000      13.5133787799      2.2500445716      0.0000000000
1.9792981560           87.8408420230      0.4480000000      13.5078673929      2.2602307913      0.0000000000
1.9868515942           85.2583023676      0.4500000000      13.5022834390      2.2703088841      0.0000000000
1.9943122513           82.7765874929      0.4520000000      13.4966283032      2.2802792401      0.0000000000
2.0016807834           80.3909945114      0.4540000000      13.4909033477      2.2901422712      0.0000000000
2.0089578582           78.0970693819      0.4560000000      13.4851099474      2.2998984110      0.0000000000
2.0161441534           75.8905999459      0.4580000000      13.4792494480      2.3095481129      0.0000000000
2.0232403568           73.7675894862      0.4600000000      13.4733232078      2.3190918504      0.0000000000
2.0302471648           71.7242534513      0.4620000000      13.4673325713      2.3285301149      0.0000000000
2.0371652823           69.7570019776      0.4640000000      13.4612788727      2.3378634160      0.0000000000
2.0439954215           67.8624322878      0.4660000000      13.4551634250      2.3470922792      0.0000000000
2.0507383017           66.0373165126      0.4680000000      13.4489875565      2.3562172468      0.0000000000
2.0573946484           64.2785890427      0.4700000000      13.4427525625      2.3652388758      0.0000000000
2.0639651924           62.5833435640      0.4720000000      13.4364597386      2.3741577373      0.0000000000
2.0704506699           60.9488151465      0.4740000000      13.4301103634      2.3829744163      0.0000000000
2.0768518213           59.3723817739      0.4760000000      13.4237057098      2.3916895104      0.0000000000
2.0831693911           57.8515490061      0.4780000000      13.4172470366      2.4003036293      0.0000000000
2.0894041271           56.3839461546      0.4800000000      13.4107355864      2.4088173942      0.0000000000
2.0955567799           54.9673210693      0.4820000000      13.4041725929      2.4172314366      0.0000000000
2.1016281024           53.5995272231      0.4840000000      13.3975592615      2.4255463985      0.0000000000
2.1076188498           52.2785277695      0.4860000000      13.3908968070      2.4337629309      0.0000000000
2.1135297783           51.0023792958      0.4880000000      13.3841864210      2.4418816937      0.0000000000
2.1193616455           49.7692342983      0.4900000000      13.3774292784      2.4499033552      0.0000000000
2.1251152095           48.5773323176      0.4920000000      13.3706265337      2.4578285908      0.0000000000
2.1307912287           47.4249952115      0.4940000000      13.3637793427      2.4656580835      0.0000000000
2.1363904612           46.3106263706      0.4960000000      13.3568888376      2.4733925222      0.0000000000
2.1419136651           45.2327017563      0.4980000000      13.3499561373      2.4810326023      0.0000000000
2.1473615970           44.1897683489      0.5000000000      13.3429823474      2.4885790243      0.0000000000
2.1527350129           43.1804409490      0.5020000000      13.3359685423      2.4960324937      0.0000000000
2.1580346672           42.2033977667      0.5040000000      13.3289158196      2.5033937210      0.0000000000
2.1632613124           41.2573773589      0.5060000000      13.3218252261      2.5106634200      0.0000000000
2.1684156993           40.3411754127      0.5080000000      13.3146977983      2.5178423086      0.0000000000
2.1734985761           39.4536406836      0.5100000000      13.3075345877      2.5249311079      0.0000000000
2.1785106885           38.5936769263      0.5120000000      13.3003365960      2.5319305416      0.0000000000
2.1834527797           37.7602324123      0.5140000000      13.2931048103      2.5388413359      0.0000000000
2.1883255896           36.9523050935      0.5160000000      13.2858402377      2.5456642190      0.0000000000
2.1931298551           36.1689363842      0.5180000000      13.2785438381      2.5523999207      0.0000000000
2.1978663093           35.4092088506      0.5200000000      13.2712165664      2.5590491723      0.0000000000
2.2025356822           34.6722458588      0.5220000000      13.2638593627      2.5656127061      0.0000000000
2.2071386997           33.9572084698      0.5240000000      13.2564731579      2.5720912548      0.0000000000
2.2116760837           33.2632926935      0.5260000000      13.2490588466      2.5784855516      0.0000000000
2.2161485523           32.5897302619      0.5280000000      13.2416173502      2.5847963301      0.0000000000
2.2205568188           31.9357856972      0.5300000000      13.2341495403      2.5910243231      0.0000000000
2.2249015925           31.3007537079      0.5320000000      13.2266562707      2.5971702632      0.0000000000
2.2291835781           30.6839587049      0.5340000000      13.2191384198      2.6032348825      0.0000000000
2.2334034755           30.0847547034      0.5360000000      13.2115968034      2.6092189116      0.0000000000
2.2375619798           29.5025200725      0.5380000000      13.2040322604      2.6151230803      0.0000000000
2.2416597813           28.9366604142      0.5400000000      13.1964456074      2.6209481167      0.0000000000
2.2456975654           28.3866063833      0.5420000000      13.1888376278      2.6266947474      0.0000000000
2.2496760122           27.8518103101      0.5440000000      13.1812091172      2.6323636970      0.0000000000
2.2535957966           27.3317475121      0.5460000000      13.1735608408      2.6379556879      0.0000000000
2.2574575886           26.8259145655      0.5480000000      13.1658935566      2.6434714407      0.0000000000
2.2612620524           26.3338281695      0.5500000000      13.1582080110      2.6489116729      0.0000000000
2.2650098471           25.8550236150      0.5520000000      13.1505049351      2.6542770999      0.0000000000
2.2687016264           25.3890562331      0.5540000000      13.1427850504      2.6595684343      0.0000000000
2.2723380383           24.9354965538      0.5560000000      13.1350490469      2.6647863853      0.0000000000
2.2759197253           24.4939343681      0.5580000000      13.1272976359      2.6699316595      0.0000000000
2.2794473245           24.0639740284      0.5600000000      13.1195314898      2.6750049603      0.0000000000
2.2829214670           23.6452353997      0.5620000000      13.1117512792      2.6800069872      0.0000000000
2.2863427786           23.2373533578      0.5640000000      13.1039576579      2.6849384370      0.0000000000
2.2897118791           22.8399766854      0.5660000000      13.0961512763      2.6898000021      0.0000000000
2.2930293827           22.4527670920      0.5680000000      13.0883327514      2.6945923718      0.0000000000
2.2962958980           22.0753997966      0.5700000000      13.0805027185      2.6993162313      0.0000000000
2.2995120277           21.7075621885      0.5720000000      13.0726617795      2.7039722623      0.0000000000
2.3026783685           21.3489526539      0.5740000000      13.0648105360      2.7085611417      0.0000000000
2.3057955119           20.9992816367      0.5760000000      13.0569495725      2.7130835431      0.0000000000
2.3088640430           20.6582700731      0.5780000000      13.0490794636      2.7175401355      0.0000000000
2.3118845415           20.3256491851      0.5800000000      13.0412007736      2.7219315837      0.0000000000
2.3148575811           20.0011599610      0.5820000000      13.0333140576      2.7262585484      0.0000000000
2.3177837300           19.6845528796      0.5840000000      13.0254198553      2.7305216857      0.0000000000
2.3206635501           19.3755875174      0.5860000000      13.0175187098      2.7347216472      0.0000000000
2.3234975981           19.0740319621      0.5880000000      13.0096111284      2.7388590803      0.0000000000
2.3262864246           18.7796631621      0.5900000000      13.0016976322      2.7429346274      0.0000000000
2.3290305745           18.4922658675      0.5920000000      12.9937787236      2.7469489266      0.0000000000
2.3317305871           18.2116313521      0.5940000000      12.9858548897      2.7509026112      0.0000000000
2.3343869959           17.9375602244      0.5960000000      12.9779266198      2.7547963102      0.0000000000
2.3370003287           17.6698581830      0.5980000000      12.9699943858      2.7586306473      0.0000000000
2.3395711076           17.4083394386      0.6000000000      12.9620586464      2.7624062414      0.0000000000
2.3420998493           17.1528232194      0.6020000000      12.9541198629      2.7661237074      0.0000000000
2.3445870645           16.9031359400      0.6040000000      12.9461784819      2.7697836547      0.0000000000
2.3470332585           16.6591099681      0.6060000000      12.9382349264      2.7733866875      0.0000000000
2.3494389313           16.4205826696      0.6080000000      12.9302896474      2.7769334063      0.0000000000
2.3518045769           16.1873973366      0.6100000000      12.9223430409      2.7804244058      0.0000000000
2.3541306841           15.9594029769      0.6120000000      12.9143955317      2.7838602759      0.0000000000
2.3564177362           15.7364532111      0.6140000000      12.9064475209      2.7872416019      0.0000000000
2.3586662110           15.5184069171      0.6160000000      12.8984993971      2.7905689638      0.0000000000
2.3608765810           15.3051273406      0.6180000000      12.8905515503      2.7938429371      0.0000000000
2.3630493133           15.0964824208      0.6200000000      12.8826043597      2.7970640919      0.0000000000
2.3651848696           14.8923445329      0.6220000000      12.8746581948      2.8002329936      0.0000000000
2.3672837064           14.6925899916      0.6240000000      12.8667134158      2.8033502028      0.0000000000
2.3693462751           14.4970993960      0.6260000000      12.8587703768      2.8064162749      0.0000000000
2.3713730216           14.3057572985      0.6280000000      12.8508294302      2.8094317604      0.0000000000
2.3733643870           14.1184517018      0.6300000000      12.8428909187      2.8123972051      0.0000000000
2.3753208068           13.9350743172      0.6320000000      12.8349551729      2.8153131495      0.0000000000
2.3772427121           13.7555207562      0.6340000000      12.8270225106      2.8181801296      0.0000000000
2.3791305282           13.5796892644      0.6360000000      12.8190932659      2.8209986760      0.0000000000
2.3809846760           13.4074814623      0.6380000000      12.8111677380      2.8237693149      0.0000000000
2.3828055712           13.2388027735      0.6400000000      12.8032462409      2.8264925673      0.0000000000
2.3845936247           13.0735604560      0.6420000000      12.7953290719      2.8291689497      0.0000000000
2.3863492423           12.9116658546      0.6440000000      12.7874165259      2.8317989729      0.0000000000
2.3880728255           12.7530319984      0.6460000000      12.7795088794      2.8343831441      0.0000000000
2.3897647704           12.5975753903      0.6480000000      12.7716064265      2.8369219646      0.0000000000
2.3914254688           12.4452150475      0.6500000000      12.7637094336      2.8394159315      0.0000000000
2.3930553077           12.2958715410      0.6520000000      12.7558181679      2.8418655370      0.0000000000
2.3946546694           12.1494690623      0.6540000000      12.7479328978      2.8442712684      0.0000000000
2.3962239317           12.0059336276      0.6560000000      12.7400538729      2.8466336084      0.0000000000
2.3977634680           11.8651934055      0.6580000000      12.7321813488      2.8489530351      0.0000000000
2.3992736468           11.7271787754      0.6600000000      12.7243155664      2.8512300215      0.0000000000
2.4007548327           11.5918218530      0.6620000000      12.7164567698      2.8534650368      0.0000000000
2.4022073853           11.4590575571      0.6640000000      12.7086051917      2.8556585445      0.0000000000
2.4036316601           11.3288222217      0.6660000000      12.7007610610      2.8578110040      0.0000000000
2.4050280085           11.2010541239      0.6680000000      12.6929246006      2.8599228703      0.0000000000
2.4063967775           11.0756933899      0.6700000000      12.6850960302      2.8619945939      0.0000000000
2.4077383095           10.9526818967      0.6720000000      12.6772755636      2.8640266201      0.0000000000
2.4090529433           10.8319630994      0.6740000000      12.6694634088      2.8660193904      0.0000000000
2.4103410133           10.7134821871      0.6760000000      12.6616597654      2.8679733417      0.0000000000
2.4116028498           10.5971858999      0.6780000000      12.6538648431      2.8698889064      0.0000000000
2.4128387790           10.4830226146      0.6800000000      12.6460788321      2.8717665121      0.0000000000
2.4140491231           10.3709421288      0.6820000000      12.6383019186      2.8736065827      0.0000000000
2.4152342007           10.2608955910      0.6840000000      12.6305342963      2.8754095375      0.0000000000
2.4163943260           10.1528355331      0.6860000000      12.6227761305      2.8771757914      0.0000000000
2.4175298096           10.0467157992      0.6880000000      12.6150276171      2.8789057550      0.0000000000
2.4186409584            9.9424917015      0.6900000000      12.6072889230      2.8805998350      0.0000000000
2.4197280751            9.8401197584      0.6920000000      12.5995602037      2.8822584334      0.0000000000
2.4207914590            9.7395574199      0.6940000000      12.5918416414      2.8838819485      0.0000000000
2.4218314056            9.6407635073      0.6960000000      12.5841333854      2.8854707740      0.0000000000
2.4228482069            9.5436981958      0.6980000000      12.5764355996      2.8870252998      0.0000000000
2.4238421511            9.4483223237      0.7000000000      12.5687484313      2.8885459119      0.0000000000
2.4248135228            9.3545982153      0.7020000000      12.5610720326      2.8900329916      0.0000000000
2.4257626033            9.2624887901      0.7040000000      12.5534065435      2.8914869168      0.0000000000
2.4266896704            9.1719583343      0.7060000000      12.5457521161      2.8929080614      0.0000000000
2.4275949982            9.0829717854      0.7080000000      12.5381088736      2.8942967948      0.0000000000
2.4284788575            8.9954953499      0.7100000000      12.5304769643      2.8956534831      0.0000000000
2.4293415161            8.9094960007      0.7120000000      12.5228565147      2.8969784887      0.0000000000
2.4301832379            8.8249413580      0.7140000000      12.5152476429      2.8982721690      0.0000000000
2.4310042839            8.7418002268      0.7160000000      12.5076504894      2.8995348788      0.0000000000
2.4318049118            8.6600420397      0.7180000000      12.5000651646      2.9007669688      0.0000000000
2.4325853760            8.5796372303      0.7200000000      12.4924917935      2.9019687856      0.0000000000
2.4333459278            8.5005566143      0.7220000000      12.4849304775      2.9031406723      0.0000000000
2.4340868156            8.4227721670      0.7240000000      12.4773813438      2.9042829689      0.0000000000
2.4348082844            8.3462563787      0.7260000000      12.4698444977      2.9053960110      0.0000000000
2.4355105762            8.2709825848      0.7280000000      12.4623200387      2.9064801309      0.0000000000
2.4361939300            8.1969246461      0.7300000000      12.4548080743      2.9075356570      0.0000000000
2.4368585820            8.1240571627      0.7320000000      12.4473087046      2.9085629148      0.0000000000
2.4375047653            8.0523553833      0.7340000000      12.4398220276      2.9095622261      0.0000000000
2.4381327102            7.9817952168      0.7360000000      12.4323481354      2.9105339088      0.0000000000
2.4387426440            7.9123530880      0.7380000000      12.4248871212      2.9114782780      0.0000000000
2.4393347912            7.8440060849      0.7400000000      12.4174390735      2.9123956446      0.0000000000
2.4399093736            7.7767318527      0.7420000000      12.4100040795      2.9132863169      0.0000000000
2.4404666105            7.7105086082      0.7440000000      12.4025822241      2.9141505998      0.0000000000
2.4410067178            7.6453150690      0.7460000000      12.3951735903      2.9149887945      0.0000000000
2.4415299094            7.5811304336      0.7480000000      12.3877782552      2.9158011993      0.0000000000
2.4420363958            7.5179345444      0.7500000000      12.3803962960      2.9165881086      0.0000000000
2.4425263858            7.4557077068      0.7520000000      12.3730277892      2.9173498147      0.0000000000
2.4430000849            7.3944305126      0.7540000000      12.3656728061      2.9180866057      0.0000000000
2.4434576964            7.3340842643      0.7560000000      12.3583314138      2.9187987673      0.0000000000
2.4438994208            7.2746506758      0.7580000000      12.3510036848      2.9194865816      0.0000000000
2.4443254564            7.2161118240      0.7600000000      12.3436896824      2.9201503280      0.0000000000
2.4447359987            7.1584501698      0.7620000000      12.3363894737      2.9207902823      0.0000000000
2.4451312412            7.1016486896      0.7640000000      12.3291031130      2.9214067181      0.0000000000
2.4455113747            7.0456907573      0.7660000000      12.3218306664      2.9219999053      0.0000000000
2.4458765876            6.9905602137      0.7680000000      12.3145721919      2.9225701112      0.0000000000
2.4462270664            6.9362409779      0.7700000000      12.3073277382      2.9231176004      0.0000000000
2.4465629945            6.8827177057      0.7720000000      12.3000973647      2.9236426338      0.0000000000
2.4468845539            6.8299752201      0.7740000000      12.2928811245      2.9241454705      0.0000000000
2.4471919236            6.7779987520      0.7760000000      12.2856790614      2.9246263658      0.0000000000
2.4474852809            6.7267738451      0.7780000000      12.2784912308      2.9250855731      0.0000000000
2.4477648008            6.6762863864      0.7800000000      12.2713176729      2.9255233422      0.0000000000
2.4480306558            6.6265226268      0.7820000000      12.2641584379      2.9259399207      0.0000000000
2.4482830167            6.5774689935      0.7840000000      12.2570135617      2.9263355532      0.0000000000
2.4485220521            6.5291124749      0.7860000000      12.2498830931      2.9267104822      0.0000000000
2.4487479283            6.4814400466      0.7880000000      12.2427670655      2.9270649467      0.0000000000
2.4489608097            6.4344392853      0.7900000000      12.2356655218      2.9273991835      0.0000000000
2.4491608586            6.3880978101      0.7920000000      12.2285784953      2.9277134267      0.0000000000
2.4493482354            6.3424036011      0.7940000000      12.2215060247      2.9280079083      0.0000000000
2.4495230986            6.2973450538      0.7960000000      12.2144481412      2.9282828573      0.0000000000
2.4496856042            6.2529104338      0.7980000000      12.2074048755      2.9285384996      0.0000000000
2.4498359072            6.2090887755      0.8000000000      12.2003762583      2.9287750601      0.0000000000
2.4499741599            6.1658689296      0.8020000000      12.1933623212      2.9289927600      0.0000000000
2.4501005131            6.1232401674      0.8040000000      12.1863630926      2.9291918187      0.0000000000
2.4502151155            6.0811920976      0.8060000000      12.1793785923      2.9293724526      0.0000000000
2.4503181144            6.0397143384      0.8080000000      12.1724088553      2.9295348767      0.0000000000
2.4504096548            5.9987968054      0.8100000000      12.1654538958      2.9296793024      0.0000000000
2.4504898801            5.9584298002      0.8120000000      12.1585137416      2.9298059398      0.0000000000
2.4505589323            5.9186036223      0.8140000000      12.1515884137      2.9299149963      0.0000000000
2.4506169511            5.8793088690      0.8160000000      12.1446779329      2.9300066769      0.0000000000
2.4506640746            5.8405362659      0.8180000000      12.1377823114      2.9300811844      0.0000000000
2.4507004397            5.8022768649      0.8200000000      12.1309015766      2.9301387199      0.0000000000
2.4507261810            5.7645218922      0.8220000000      12.1240357345      2.9301794813      0.0000000000
2.4507414317            5.7272625613      0.8240000000      12.1171848106      2.9302036652      0.0000000000
2.4507463236            5.6904905462      0.8260000000      12.1103488160      2.9302114656      0.0000000000
2.4507409864            5.6541975669      0.8280000000      12.1035277603      2.9302030745      0.0000000000
2.4507255486            5.6183753979      0.8300000000      12.0967216540      2.9301786817      0.0000000000
2.4507001372            5.5830161570      0.8320000000      12.0899305149      2.9301384752      0.0000000000
2.4506648775            5.5481121008      0.8340000000      12.0831543508      2.9300826411      0.0000000000
2.4506198926            5.5136556173      0.8360000000      12.0763931681      2.9300113616      0.0000000000
2.4505653055            5.4796392672      0.8380000000      12.0696469752      2.9299248198      0.0000000000
2.4505012367            5.4460557248      0.8400000000      12.0629157813      2.9298231951      0.0000000000
2.4504278056            5.4128978374      0.8420000000      12.0561995916      2.9297066651      0.0000000000
2.4503451299            5.3801586000      0.8440000000      12.0494984113      2.9295754055      0.0000000000
2.4502533258            5.3478311556      0.8460000000      12.0428122444      2.9294295899      0.0000000000
2.4501525088            5.3159087715      0.8480000000      12.0361410953      2.9292693907      0.0000000000
2.4500427921            5.2843848602      0.8500000000      12.0294849661      2.9290949776      0.0000000000
2.4499242882            5.2532529654      0.8520000000      12.0228438586      2.9289065191      0.0000000000
2.4497971079            5.2225067643      0.8540000000      12.0162177739      2.9287041814      0.0000000000
2.4496613606            5.1921400936      0.8560000000      12.0096067097      2.9284881287      0.0000000000
2.4495171546            5.1621468565      0.8580000000      12.0030106679      2.9282585239      0.0000000000
2.4493645968            5.1325210263      0.8600000000      11.9964296443      2.9280155281      0.0000000000
2.4492037927            5.1032567952      0.8620000000      11.9898636386      2.9277593002      0.0000000000
2.4490348468            5.0743484611      0.8640000000      11.9833126481      2.9274899978      0.0000000000
2.4488578622            5.0457904457      0.8660000000      11.9767766682      2.9272077765      0.0000000000
2.4486729405            5.0175771772      0.8680000000      11.9702556945      2.9269127903      0.0000000000
2.4484801825            4.9897032675      0.8700000000      11.9637497265      2.9266051916      0.0000000000
2.4482796877            4.9621634868      0.8720000000      11.9572587543      2.9262851311      0.0000000000
2.4480715540            4.9349525715      0.8740000000      11.9507827642      2.9259527573      0.0000000000
2.4478558787            4.9080654870      0.8760000000      11.9443217596      2.9256082182      0.0000000000
2.4476327576            4.8814972396      0.8780000000      11.9378757268      2.9252516593      0.0000000000
2.4474022853            4.8552428740      0.8800000000      11.9314446672      2.9248832244      0.0000000000
2.4471645555            4.8292976277      0.8820000000      11.9250285577      2.9245030567      0.0000000000
2.4469196605            4.8036567812      0.8840000000      11.9186273959      2.9241112967      0.0000000000
2.4466676919            4.7783157671      0.8860000000      11.9122411696      2.9237080842      0.0000000000
2.4464087398            4.7532699525      0.8880000000      11.9058698797      2.9232935572      0.0000000000
2.4461428934            4.7285149165      0.8900000000      11.8995134909      2.9228678519      0.0000000000
2.4458702408            4.7040463369      0.8920000000      11.8931720094      2.9224311034      0.0000000000
2.4455908693            4.6798599235      0.8940000000      11.8868454236      2.9219834453      0.0000000000
2.4453048646            4.6559513879      0.8960000000      11.8805337089      2.9215250096      0.0000000000
2.4450123117            4.6323166676      0.8980000000      11.8742368588      2.9210559264      0.0000000000
2.4447132950            4.6089517625      0.9000000000      11.8679548656      2.9205763257      0.0000000000
2.4444078971            4.5858525540      0.9020000000      11.8616876982      2.9200863346      0.0000000000
2.4440962002            4.5630152556      0.9040000000      11.8554353544      2.9195860801      0.0000000000
2.4437782853            4.5404359671      0.9060000000      11.8491978229      2.9190756867      0.0000000000
2.4434542325            4.5181109660      0.9080000000      11.8429750726      2.9185552783      0.0000000000
2.4431241208            4.4960365925      0.9100000000      11.8367670997      2.9180249770      0.0000000000
2.4427880286            4.4742090924      0.9120000000      11.8305738796      2.9174849040      0.0000000000
2.4424460330            4.4526250144      0.9140000000      11.8243953983      2.9169351786      0.0000000000
2.4420982104            4.4312807993      0.9160000000      11.8182316440      2.9163759195      0.0000000000
2.4417446362            4.4101730461      0.9180000000      11.8120825880      2.9158072437      0.0000000000
2.4413853852            4.3892983543      0.9200000000      11.8059482241      2.9152292672      0.0000000000
2.4410205308            4.3686534395      0.9220000000      11.7998285189      2.9146421040      0.0000000000
2.4406501457            4.3482350061      0.9240000000      11.7937234661      2.9140458675      0.0000000000
2.4402743023            4.3280399043      0.9260000000      11.7876330360      2.9134406703      0.0000000000
2.4398930715            4.3080649331      0.9280000000      11.7815572203      2.9128266230      0.0000000000
2.4395065234            4.2883070704      0.9300000000      11.7754959858      2.9122038349      0.0000000000
2.4391147277            4.2687632045      0.9320000000      11.7694493244      2.9115724148      0.0000000000
2.4387177529            4.2494304563      0.9340000000      11.7634172032      2.9109324701      0.0000000000
2.4383156669            4.2303057800      0.9360000000      11.7573996123      2.9102841068      0.0000000000
2.4379085366            4.2113864263      0.9380000000      11.7513965204      2.9096274295      0.0000000000
2.4374964283            4.1926694111      0.9400000000      11.7454079143      2.9089625427      0.0000000000
2.4370794074            4.1741520753      0.9420000000      11.7394337667      2.9082895484      0.0000000000
2.4366575389            4.1558316256      0.9440000000      11.7334740536      2.9076085492      0.0000000000
2.4362308863            4.1377053944      0.9460000000      11.7275287579      2.9069196444      0.0000000000
2.4357995133            4.1197708360      0.9480000000      11.7215978487      2.9062229346      0.0000000000
2.4353634819            4.1020251838      0.9500000000      11.7156813117      2.9055185172      0.0000000000
2.4349228540            4.0844659994      0.9520000000      11.7097791180      2.9048064900      0.0000000000
2.4344776907            4.0670907332      0.9540000000      11.7038912423      2.9040869492      0.0000000000
2.4340280522            4.0498969198      0.9560000000      11.6980176665      2.9033599898      0.0000000000
2.4335739983            4.0328822260      0.9580000000      11.6921583608      2.9026257063      0.0000000000
2.4331155876            4.0160440951      0.9600000000      11.6863133010      2.9018841916      0.0000000000
2.4326528785            3.9993802985      0.9620000000      11.6804824675      2.9011355379      0.0000000000
2.4321859285            3.9828885844      0.9640000000      11.6746658281      2.9003798363      0.0000000000
2.4317147945            3.9665665239      0.9660000000      11.6688633610      2.8996171771      0.0000000000
2.4312395328            3.9504120015      0.9680000000      11.6630750437      2.8988476496      0.0000000000
2.4307601989            3.9344228219      0.9700000000      11.6573008456      2.8980713421      0.0000000000
2.4302768475            3.9185968057      0.9720000000      11.6515407416      2.8972883413      0.0000000000
2.4297895332            3.9029317659      0.9740000000      11.6457947083      2.8964987342      0.0000000000
2.4292983096            3.8874257361      0.9760000000      11.6400627185      2.8957026060      0.0000000000
2.4288032297            3.8720766333      0.9780000000      11.6343447433      2.8949000414      0.0000000000
2.4283043460            3.8568823548      0.9800000000      11.6286407585      2.8940911240      0.0000000000
2.4278017102            3.8418409647      0.9820000000      11.6229507371      2.8932759360      0.0000000000
2.4272953735            3.8269505472      0.9840000000      11.6172746517      2.8924545597      0.0000000000
2.4267853866            3.8122091536      0.9860000000      11.6116124736      2.8916270760      0.0000000000
2.4262717997            3.7976148735      0.9880000000      11.6059641790      2.8907935651      0.0000000000
2.4257546621            3.7831657900      0.9900000000      11.6003297362      2.8899541058      0.0000000000
2.4252340228            3.7688601911      0.9920000000      11.5947091227      2.8891087770      0.0000000000
2.4247099299            3.7546962030      0.9940000000      11.5891023045      2.8882576557      0.0000000000
2.4241824316            3.7406720736      0.9960000000      11.5835092574      2.8874008189      0.0000000000
2.4236515749            3.7267860452      0.9980000000      11.5779299558      2.8865383426      0.0000000000
2.4231174065            3.7130363269      1.0000000000      11.5723643644      2.8856703016      0.0000000000
2.4225799725            3.6994213354      1.0020000000      11.5668124617      2.8847967702      0.0000000000
2.4220393188            3.6859393737      1.0040000000      11.5612742178      2.8839178221      0.0000000000
2.4214954902            3.6725887706      1.0060000000      11.5557495988      2.8830335296      0.0000000000
2.4209485316            3.6593679374      1.0080000000      11.5502385821      2.8821439651      0.0000000000
2.4203984867            3.6462752802      1.0100000000      11.5447411370      2.8812491991      0.0000000000
2.4198453995            3.6333092204      1.0120000000      11.5392572359      2.8803493026      0.0000000000
2.4192893129            3.6204681945      1.0140000000      11.5337868464      2.8794443451      0.0000000000
2.4187302694            3.6077507232      1.0160000000      11.5283299422      2.8785343951      0.0000000000
2.4181683114            3.5951553109      1.0180000000      11.5228864940      2.8776195213      0.0000000000
2.4176034802            3.5826804753      1.0200000000      11.5174564718      2.8766997907      0.0000000000
2.4170358170            3.5703247711      1.0220000000      11.5120398445      2.8757752700      0.0000000000
2.4164653627            3.5580867501      1.0240000000      11.5066365842      2.8748460254      0.0000000000
2.4158921574            3.5459650269      1.0260000000      11.5012466620      2.8739121222      0.0000000000
2.4153162408            3.5339582151      1.0280000000      11.4958700478      2.8729736247      0.0000000000
2.4147376525            3.5220649473      1.0300000000      11.4905067129      2.8720305977      0.0000000000
2.4141564308            3.5102838835      1.0320000000      11.4851566255      2.8710831028      0.0000000000
2.4135726147            3.4986136910      1.0340000000      11.4798197575      2.8701312039      0.0000000000
2.4129862420            3.4870530683      1.0360000000      11.4744960786      2.8691749627      0.0000000000
2.4123973502            3.4756007319      1.0380000000      11.4691855581      2.8682144400      0.0000000000
2.4118059763            3.4642554173      1.0400000000      11.4638881653      2.8672496965      0.0000000000
2.4112121572            3.4530158759      1.0420000000      11.4586038700      2.8662807921      0.0000000000
2.4106159294            3.4418808719      1.0440000000      11.4533326440      2.8653077865      0.0000000000
2.4100173284            3.4308492039      1.0460000000      11.4480744559      2.8643307380      0.0000000000
2.4094163900            3.4199196790      1.0480000000      11.4428292759      2.8633497048      0.0000000000
2.4088131490            3.4090911212      1.0500000000      11.4375970733      2.8623647441      0.0000000000
2.4082076402            3.3983623704      1.0520000000      11.4323778180      2.8613759128      0.0000000000
2.4075998979            3.3877322783      1.0540000000      11.4271714792      2.8603832671      0.0000000000
2.4069899562            3.3771997309      1.0560000000      11.4219780263      2.8593868630      0.0000000000
2.4063778483            3.3667636154      1.0580000000      11.4167974291      2.8583867551      0.0000000000
2.4057636074            3.3564228401      1.0600000000      11.4116296565      2.8573829976      0.0000000000
2.4051472666            3.3461763263      1.0620000000      11.4064746796      2.8563756451      0.0000000000
2.4045288580            3.3360230136      1.0640000000      11.4013324663      2.8553647504      0.0000000000
2.4039084136            3.3259618530      1.0660000000      11.3962029875      2.8543503663      0.0000000000
2.4032859653            3.3159918130      1.0680000000      11.3910862120      2.8533325450      0.0000000000
2.4026615443            3.3061118809      1.0700000000      11.3859821092      2.8523113380      0.0000000000
2.4020351815            3.2963210544      1.0720000000      11.3808906485      2.8512867965      0.0000000000
2.4014069077            3.2866183313      1.0740000000      11.3758117988      2.8502589712      0.0000000000
2.4007767530            3.2770027544      1.0760000000      11.3707455284      2.8492279116      0.0000000000
2.4001447476            3.2674733594      1.0780000000      11.3656918083      2.8481936677      0.0000000000
2.3995109208            3.2580291966      1.0800000000      11.3606506076      2.8471562882      0.0000000000
2.3988753020            3.2486693490      1.0820000000      11.3556218948      2.8461158213      0.0000000000
2.3982379203            3.2393928566      1.0840000000      11.3506056394      2.8450723154      0.0000000000
2.3975988042            3.2301988301      1.0860000000      11.3456018088      2.8440258177      0.0000000000
2.3969579816            3.2210863795      1.0880000000      11.3406103730      2.8429763743      0.0000000000
2.3963154811            3.2120546037      1.0900000000      11.3356313067      2.8419240329      0.0000000000
2.3956713302            3.2031026406      1.0920000000      11.3306645750      2.8408688389      0.0000000000
2.3950255561            3.1942296385      1.0940000000      11.3257101456      2.8398108375      0.0000000000
2.3943781859            3.1854347460      1.0960000000      11.3207679897      2.8387500736      0.0000000000
2.3937292466            3.1767171584      1.0980000000      11.3158380777      2.8376865923      0.0000000000
2.3930787643            3.1680759805      1.1000000000      11.3109203728      2.8366204370      0.0000000000
2.3924267652            3.1595104548      1.1020000000      11.3060148482      2.8355516512      0.0000000000
2.3917732755            3.1510197554      1.1040000000      11.3011214786      2.8344802787      0.0000000000
2.3911183204            3.1426030788      1.1060000000      11.2962402270      2.8334063612      0.0000000000
2.3904619255            3.1342596707      1.1080000000      11.2913710642      2.8323299415      0.0000000000
2.3898041155            3.1259887737      1.1100000000      11.2865139616      2.8312510609      0.0000000000
2.3891449154            3.1177895811      1.1120000000      11.2816688812      2.8301697611      0.0000000000
2.3884843494            3.1096613837      1.1140000000      11.2768357975      2.8290860826      0.0000000000
2.3878224419            3.1016034093      1.1160000000      11.2720146844      2.8280000660      0.0000000000
2.3871592168            3.0936149422      1.1180000000      11.2672055057      2.8269117513      0.0000000000
2.3864946977            3.0856952730      1.1200000000      11.2624082342      2.8258211779      0.0000000000
2.3858289080            3.0778436721      1.1220000000      11.2576228316      2.8247283853      0.0000000000
2.3851618706            3.0700594607      1.1240000000      11.2528492731      2.8236334116      0.0000000000
2.3844936088            3.0623419169      1.1260000000      11.2480875323      2.8225362960      0.0000000000
2.3838241448            3.0546903725      1.1280000000      11.2433375726      2.8214370755      0.0000000000
2.3831535012            3.0471041468      1.1300000000      11.2385993670      2.8203357882      0.0000000000
2.3824817000            3.0395826040      1.1320000000      11.2338728773      2.8192324711      0.0000000000
2.3818087633            3.0321250472      1.1340000000      11.2291580857      2.8181271612      0.0000000000
2.3811347124            3.0247308503      1.1360000000      11.2244549528      2.8170198941      0.0000000000
2.3804595690            3.0173993489      1.1380000000      11.2197634543      2.8159107067      0.0000000000
2.3797833540            3.0101299551      1.1400000000      11.2150835488      2.8147996340      0.0000000000
2.3791060883            3.0029220072      1.1420000000      11.2104152190      2.8136867111      0.0000000000
2.3784277928            2.9957749117      1.1440000000      11.2057584291      2.8125719733      0.0000000000
2.3777484877            2.9886880218      1.1460000000      11.2011131499      2.8114554546      0.0000000000
2.3770681935            2.9816608084      1.1480000000      11.1964793448      2.8103371896      0.0000000000
2.3763869300            2.9746926101      1.1500000000      11.1918569954      2.8092172117      0.0000000000
2.3757047170            2.9677828915      1.1520000000      11.1872460654      2.8080955542      0.0000000000
2.3750215740            2.9609310155      1.1540000000      11.1826465212      2.8069722502      0.0000000000
2.3743375207            2.9541364890      1.1560000000      11.1780583381      2.8058473330      0.0000000000
2.3736525756            2.9473987034      1.1580000000      11.1734814844      2.8047208338      0.0000000000
2.3729667582            2.9407170810      1.1600000000      11.1689159327      2.8035927855      0.0000000000
2.3722800870            2.9340911435      1.1620000000      11.1643616442      2.8024632195      0.0000000000
2.3715925805            2.9275202786      1.1640000000      11.1598186020      2.8013321672      0.0000000000
2.3709042569            2.9210039862      1.1660000000      11.1552867723      2.8001996595      0.0000000000
2.3702151342            2.9145417319      1.1680000000      11.1507661125      2.7990657267      0.0000000000
2.3695252308            2.9081329951      1.1700000000      11.1462566109      2.7979304000      0.0000000000
2.3688345638            2.9017772749      1.1720000000      11.1417582325      2.7967937085      0.0000000000
2.3681431510            2.8954740086      1.1740000000      11.1372709371      2.7956556826      0.0000000000
2.3674510097            2.8892227556      1.1760000000      11.1327947093      2.7945163515      0.0000000000
2.3667581570            2.8830230083      1.1780000000      11.1283295167      2.7933757442      0.0000000000
2.3660646095            2.8768742224      1.1800000000      11.1238753177      2.7922338890      0.0000000000
2.3653703845            2.8707759787      1.1820000000      11.1194320985      2.7910908154      0.0000000000
2.3646754981            2.8647277780      1.1840000000      11.1149998264      2.7899465507      0.0000000000
2.3639799670            2.8587291265      1.1860000000      11.1105784603      2.7888011234      0.0000000000
2.3632838071            2.8527795841      1.1880000000      11.1061679859      2.7876545606      0.0000000000
2.3625870346            2.8468786672      1.1900000000      11.1017683699      2.7865068898      0.0000000000
2.3618896651            2.8410259559      1.1920000000      11.0973795731      2.7853581378      0.0000000000
2.3611917146            2.8352209606      1.1940000000      11.0930015818      2.7842083317      0.0000000000
2.3604931984            2.8294632295      1.1960000000      11.0886343583      2.7830574978      0.0000000000
2.3597941316            2.8237523694      1.1980000000      11.0842778721      2.7819056618      0.0000000000
2.3590945297            2.8180879450      1.2000000000      11.0799321023      2.7807528501      0.0000000000
