# M(M_sol)                 Lambda          n_Bc(fm^-3)         R(km)            m_B(M_sol)        m_Bquar/M_B
0.1547916704     10551052.6318651363      0.1690000000      16.6489884535      0.1550959316      0.0000000000
0.1620064739      8395032.0040249601      0.1710000000      16.0612689752      0.1624265233      0.0000000000
0.1696009847      6704941.8162619947      0.1730000000      15.5503040727      0.1701523998      0.0000000000
0.1775731448      5375459.0420924528      0.1750000000      15.1049931627      0.1782728167      0.0000000000
0.1859206980      4325999.7318029134      0.1770000000      14.7160888663      0.1867868704      0.0000000000
0.1946410984      3494686.6696084323      0.1790000000      14.3758535181      0.1956934015      0.0000000000
0.2037315183      2833846.7350254264      0.1810000000      14.0777743631      0.2049910002      0.0000000000
0.2131888941      2306652.4466320588      0.1830000000      13.8163558725      0.2146780486      0.0000000000
0.2230098493      1884570.7000012144      0.1850000000      13.5869336591      0.2247526396      0.0000000000
0.2331907194      1545432.7714022857      0.1870000000      13.3855348657      0.2352125979      0.0000000000
0.2437274482      1271962.9628362246      0.1890000000      13.2087524703      0.2460553692      0.0000000000
0.2546157207      1050660.3967628058      0.1910000000      13.0536644700      0.2572781530      0.0000000000
0.2658508675       870940.3636517349      0.1930000000      12.9177477298      0.2688778000      0.0000000000
0.2774279018       724478.8037319995      0.1950000000      12.7988183647      0.2808508455      0.0000000000
0.2893414748       604708.2456516401      0.1970000000      12.6949751521      0.2931934590      0.0000000000
0.3015859060       506430.9751823502      0.1990000000      12.6045597588      0.3059014702      0.0000000000
0.3141552419       425519.3161089183      0.2010000000      12.5261249114      0.3189704263      0.0000000000
0.3270430658       358685.0681693312      0.2030000000      12.4583873794      0.3323953880      0.0000000000
0.3402428191       303300.3649180756      0.2050000000      12.4002311936      0.3461712601      0.0000000000
0.3537474940       257257.8251275590      0.2070000000      12.3506577359      0.3602924654      0.0000000000
0.3675498762       218862.4791221228      0.2090000000      12.3087894587      0.3747531942      0.0000000000
0.3816424316       186746.4267170123      0.2110000000      12.2738428257      0.3895472798      0.0000000000
0.3960173621       159802.4154254512      0.2130000000      12.2451201712      0.4046682529      0.0000000000
0.4106666302       137131.3567638147      0.2150000000      12.2219990900      0.4201093624      0.0000000000
0.4255819336       118000.9134278183      0.2170000000      12.2039198249      0.4358635438      0.0000000000
0.4407547584       101812.8640043733      0.2190000000      12.1903804567      0.4519234708      0.0000000000
0.4561764427        88077.0358307303      0.2210000000      12.1809342777      0.4682816187      0.0000000000
0.4718380553        76390.6463269230      0.2230000000      12.1751713373      0.4849301304      0.0000000000
0.4877305679        66421.7589465972      0.2250000000      12.1727272097      0.5018609963      0.0000000000
0.5038447663        57896.0994651029      0.2270000000      12.1732689060      0.5190659552      0.0000000000
0.5201713363        50586.3589579957      0.2290000000      12.1764971398      0.5365365826      0.0000000000
0.5367008257        44303.6966703082      0.2310000000      12.1821377347      0.5542642457      0.0000000000
0.5534237191        38890.7777573049      0.2330000000      12.1899437414      0.5722401814      0.0000000000
0.5703304295        34216.1920965826      0.2350000000      12.1996906078      0.5904554832      0.0000000000
0.5874112803        30169.9170456094      0.2370000000      12.2111704426      0.6089010796      0.0000000000
0.6046566239        26659.5746584980      0.2390000000      12.2241985475      0.6275678591      0.0000000000
0.6220567301        23607.4523473053      0.2410000000      12.2386024651      0.6464465473      0.0000000000
0.6396019174        20947.9833693255      0.2430000000      12.2542270781      0.6655278472      0.0000000000
0.6572824795        18625.7429170561      0.2450000000      12.2709274078      0.6848023572      0.0000000000
0.6750887757        16593.7578834327      0.2470000000      12.2885735494      0.7042606680      0.0000000000
0.6930112194        14812.1268148056      0.2490000000      12.3070471924      0.7238933492      0.0000000000
0.7110402616        13246.8979685353      0.2510000000      12.3262377576      0.7436909296      0.0000000000
0.7291664316        11869.1060821389      0.2530000000      12.3460438227      0.7636439413      0.0000000000
0.7473803723        10653.9857436821      0.2550000000      12.3663744526      0.7837429577      0.0000000000
0.7656728009         9580.3233624526      0.2570000000      12.3871436191      0.8039785500      0.0000000000
0.7840345814         8629.9119852059      0.2590000000      12.4082751848      0.8243413672      0.0000000000
0.8024566727         7787.0907261544      0.2610000000      12.4296964370      0.8448220784      0.0000000000
0.8209302034         7038.3616905921      0.2630000000      12.4513436072      0.8654114571      0.0000000000
0.8394464253         6372.0739126731      0.2650000000      12.4731560612      0.8861003288      0.0000000000
0.8579967564         5778.1456243231      0.2670000000      12.4950789863      0.9068796204      0.0000000000
0.8765727799         5247.8400582270      0.2690000000      12.5170623046      0.9277403601      0.0000000000
0.8951662457         4773.5712495404      0.2710000000      12.5390595099      0.9486736800      0.0000000000
0.9137690894         4348.7417173260      0.2730000000      12.5610287261      0.9696708389      0.0000000000
0.9323734298         3967.6028213602      0.2750000000      12.5829313292      0.9907232206      0.0000000000
0.9509715762         3625.1365806727      0.2770000000      12.6047320357      1.0118223444      0.0000000000
0.9695560349         3316.9560166586      0.2790000000      12.6263987394      1.0329598739      0.0000000000
0.9881195117         3039.2195461020      0.2810000000      12.6479020663      1.0541276217      0.0000000000
1.0066549166         2788.5575078879      0.2830000000      12.6692153624      1.0753175568      0.0000000000
1.0251553663         2562.0091611182      0.2850000000      12.6903143714      1.0965218101      0.0000000000
1.0436141864         2356.9697793827      0.2870000000      12.7111770844      1.1177326782      0.0000000000
1.0620249121         2171.1435577433      0.2890000000      12.7317834160      1.1389426276      0.0000000000
1.0803812963         2002.5040392142      0.2910000000      12.7521158081      1.1601443059      0.0000000000
1.0986772975         1849.2603336501      0.2930000000      12.7721576450      1.1813305303      0.0000000000
1.1169070930         1709.8271489701      0.2950000000      12.7918946041      1.2024943058      0.0000000000
1.1350650768         1582.7984620349      0.2970000000      12.8113141698      1.2236288249      0.0000000000
1.1531458430         1466.9274634557      0.2990000000      12.8304039873      1.2447274516      0.0000000000
1.1711442178         1361.1038620874      0.3010000000      12.8491550984      1.2657837609      0.0000000000
1.1890552154         1264.3414907410      0.3030000000      12.8675573985      1.2867914902      0.0000000000
1.2068740772         1175.7597083204      0.3050000000      12.8856038877      1.3077445880      0.0000000000
1.2245962410         1094.5733921222      0.3070000000      12.9032873880      1.3286371804      0.0000000000
1.2422173546         1020.0805195849      0.3090000000      12.9206024819      1.3494635901      0.0000000000
1.2597332674          951.6528256856      0.3110000000      12.9375444145      1.3702183291      0.0000000000
1.2771400244          888.7277735666      0.3130000000      12.9541089131      1.3908960941      0.0000000000
1.2944338715          830.8006791809      0.3150000000      12.9702930284      1.4114917763      0.0000000000
1.3116112483          777.4180938813      0.3170000000      12.9860946038      1.4320004548      0.0000000000
1.3286687735          728.1726200655      0.3190000000      13.0015109497      1.4524173824      0.0000000000
1.3456032620          682.6973871888      0.3210000000      13.0165411664      1.4727380079      0.0000000000
1.3624117194          640.6610980683      0.3230000000      13.0311859346      1.4929579740      0.0000000000
1.3790913058          601.7659684119      0.3250000000      13.0454437177      1.5130730739      0.0000000000
1.3956393769          565.7422303351      0.3270000000      13.0593159398      1.5330793056      0.0000000000
1.4120534416          532.3464521028      0.3290000000      13.0728025144      1.5529728217      0.0000000000
1.4283311949          501.3575225458      0.3310000000      13.0859061453      1.5727499727      0.0000000000
1.4444704715          472.5760409622      0.3330000000      13.0986273010      1.5924072523      0.0000000000
1.4604692760          445.8205411536      0.3350000000      13.1109683297      1.6119413370      0.0000000000
1.4763257706          420.9260902281      0.3370000000      13.1229324764      1.6313490735      0.0000000000
1.4920382446          397.7434857131      0.3390000000      13.1345206583      1.6506274431      0.0000000000
1.5076051576          376.1361693840      0.3410000000      13.1457372675      1.6697736176      0.0000000000
1.5230250934          355.9802556133      0.3430000000      13.1565850135      1.6887849037      0.0000000000
1.5382967771          337.1626466220      0.3450000000      13.1670676330      1.7076587674      0.0000000000
1.5534190547          319.5802714899      0.3470000000      13.1771877519      1.7263928100      0.0000000000
1.5683909137          303.1387781725      0.3490000000      13.1869500969      1.7449847954      0.0000000000
1.5832114568          287.7520396803      0.3510000000      13.1963586857      1.7634326202      0.0000000000
1.5978798953          273.3413619905      0.3530000000      13.2054164624      1.7817343063      0.0000000000
1.6123955717          259.8344237750      0.3550000000      13.2141287805      1.7998880315      0.0000000000
1.6267579276          247.1650967922      0.3570000000      13.2224997895      1.8178920910      0.0000000000
1.6409665068          235.2727387120      0.3590000000      13.2305333273      1.8357449023      0.0000000000
1.6550209636          224.1015559738      0.3610000000      13.2382345092      1.8534450178      0.0000000000
1.6689210445          213.6003327975      0.3630000000      13.2456079170      1.8709911033      0.0000000000
1.6826665850          203.7220323912      0.3650000000      13.2526576169      1.8883819348      0.0000000000
1.6962575191          194.4232386202      0.3670000000      13.2593889378      1.9056164123      0.0000000000
1.7096938606          185.6640296195      0.3690000000      13.2658064882      1.9226935376      0.0000000000
1.7229757040          177.4076204260      0.3710000000      13.2719147574      1.9396124160      0.0000000000
1.7361032306          169.6199218401      0.3730000000      13.2777194064      1.9563722660      0.0000000000
1.7490766824          162.2697141887      0.3750000000      13.2832242271      1.9729723865      0.0000000000
1.7618963831          155.3279705096      0.3770000000      13.2884344248      1.9894121854      0.0000000000
1.7745627264          148.7678024824      0.3790000000      13.2933555348      2.0056911648      0.0000000000
1.7870761585          142.5645317869      0.3810000000      13.2979913935      2.0218089001      0.0000000000
1.7994371998          136.6951057493      0.3830000000      13.3023476134      2.0377650689      0.0000000000
1.8116464165          131.1383444579      0.3850000000      13.3064280419      2.0535594144      0.0000000000
1.8237044498          125.8743173199      0.3870000000      13.3102393022      2.0691917855      0.0000000000
1.8356119674          120.8849011620      0.3890000000      13.3137842962      2.0846620727      0.0000000000
1.8473697083          116.1529767493      0.3910000000      13.3170690319      2.0999702688      0.0000000000
1.8589784434          111.6628086409      0.3930000000      13.3200973406      2.1151164172      0.0000000000
1.8704390014          107.3996077599      0.3950000000      13.3228749666      2.1301006466      0.0000000000
1.8817522397          103.3497677480      0.3970000000      13.3254058098      2.1449231344      0.0000000000
1.8929190629           99.5005299048      0.3990000000      13.3276948666      2.1595841294      0.0000000000
1.9039404100           95.8400270827      0.4010000000      13.3297467757      2.1740839379      0.0000000000
1.9148172506           92.3572320144      0.4030000000      13.3315655547      2.1884229174      0.0000000000
1.9255505974           89.0417410603      0.4050000000      13.3331568494      2.2026014947      0.0000000000
1.9361414773           85.8840239828      0.4070000000      13.3345238556      2.2166201271      0.0000000000
1.9465909589           82.8750241335      0.4090000000      13.3356718559      2.2304793403      0.0000000000
1.9569001265           80.0063785304      0.4110000000      13.3366044428      2.2441796928      0.0000000000
1.9670700984           77.2701808971      0.4130000000      13.3373267945      2.2577218021      0.0000000000
1.9771020055           74.6591250391      0.4150000000      13.3378425007      2.2711063151      0.0000000000
1.9869970072           72.1662681542      0.4170000000      13.3381563850      2.2843339307      0.0000000000
1.9967562742           69.7852137961      0.4190000000      13.3382720974      2.2974053763      0.0000000000
2.0063809996           67.5098897013      0.4210000000      13.3381940127      2.3103214227      0.0000000000
2.0158723903           65.3346339139      0.4230000000      13.3379262589      2.3230828739      0.0000000000
2.0252316621           63.2541609986      0.4250000000      13.3374720877      2.3356905590      0.0000000000
2.0344600526           61.2634499091      0.4270000000      13.3368361412      2.3481453509      0.0000000000
2.0435588053           59.3578104284      0.4290000000      13.3360222286      2.3604481447      0.0000000000
2.0525291725           57.5328596946      0.4310000000      13.3350338853      2.3725998612      0.0000000000
2.0613724185           55.7844265634      0.4330000000      13.3338752398      2.3846014523      0.0000000000
2.0700898116           54.1086430136      0.4350000000      13.3325497055      2.3964538888      0.0000000000
2.0786826265           52.5018436032      0.4370000000      13.3310607554      2.4081581650      0.0000000000
2.0871521455           50.9605743429      0.4390000000      13.3294121856      2.4197152995      0.0000000000
2.0954996534           49.4815763847      0.4410000000      13.3276074676      2.4311263287      0.0000000000
2.1037264392           48.0617812696      0.4430000000      13.3256502442      2.4423923089      0.0000000000
2.1118337919           46.6983044366      0.4450000000      13.3235437437      2.4535143104      0.0000000000
2.1198230036           45.3884271318      0.4470000000      13.3212913794      2.4644934220      0.0000000000
2.1276953633           44.1295845286      0.4490000000      13.3188960565      2.4753307423      0.0000000000
2.1354521653           42.9193302618      0.4510000000      13.3163614892      2.4860273909      0.0000000000
2.1430946997           41.7553715139      0.4530000000      13.3136908585      2.4965844957      0.0000000000
2.1506242526           40.6355502909      0.4550000000      13.3108869727      2.5070031929      0.0000000000
2.1580421093           39.5578149349      0.4570000000      13.3079528636      2.5172846311      0.0000000000
2.1653495524           38.5202285606      0.4590000000      13.3048915986      2.5274299690      0.0000000000
2.1725478617           37.5209405125      0.4610000000      13.3017064408      2.5374403746      0.0000000000
2.1796383099           36.5582254206      0.4630000000      13.2984001100      2.5473170198      0.0000000000
2.1866221648           35.6304388530      0.4650000000      13.2949752537      2.5570610825      0.0000000000
2.1935006900           34.7360255926      0.4670000000      13.2914347785      2.5666737481      0.0000000000
2.2002751431           33.8734950458      0.4690000000      13.2877815307      2.5761562067      0.0000000000
2.2069467747           33.0414540534      0.4710000000      13.2840181502      2.5855096512      0.0000000000
2.2135168279           32.2385766155      0.4730000000      13.2801471776      2.5947352769      0.0000000000
2.2199865403           31.4635893160      0.4750000000      13.2761714327      2.6038342838      0.0000000000
2.2263571403           30.7153033878      0.4770000000      13.2720934082      2.6128078717      0.0000000000
2.2326298450           29.9925966517      0.4790000000      13.2679149145      2.6216572365      0.0000000000
2.2388058731           29.2943529858      0.4810000000      13.2636395990      2.6303835887      0.0000000000
2.2448864223           28.6195790724      0.4830000000      13.2592687050      2.6389881208      0.0000000000
2.2508726904           27.9672860437      0.4850000000      13.2548052085      2.6474720375      0.0000000000
2.2567658629           27.3365396327      0.4870000000      13.2502513397      2.6558365380      0.0000000000
2.2625671153           26.7264613205      0.4890000000      13.2456093141      2.6640828184      0.0000000000
2.2682776144           26.1362095305      0.4910000000      13.2408813588      2.6722120740      0.0000000000
2.2738985165           25.5649800929      0.4930000000      13.2360696557      2.6802254963      0.0000000000
2.2794309687           25.0120151962      0.4950000000      13.2311763933      2.6881242749      0.0000000000
2.2848761045           24.4765955759      0.4970000000      13.2262031010      2.6959095907      0.0000000000
2.2902350548           23.9580064758      0.4990000000      13.2211528044      2.7035826316      0.0000000000
2.2955089303           23.4556095780      0.5010000000      13.2160265216      2.7111445672      0.0000000000
2.3006988389           22.9687614298      0.5030000000      13.2108268782      2.7185965735      0.0000000000
2.3058058747           22.4968634159      0.5050000000      13.2055556934      2.7259398170      0.0000000000
2.3108311196           22.0393461494      0.5070000000      13.2002146504      2.7331754567      0.0000000000
2.3157756461           21.5956600971      0.5090000000      13.1948055995      2.7403046479      0.0000000000
2.3206405164           21.1652808158      0.5110000000      13.1893304382      2.7473285409      0.0000000000
2.3254267801           20.7477113707      0.5130000000      13.1837908023      2.7542482773      0.0000000000
2.3301354772           20.3424748125      0.5150000000      13.1781885613      2.7610649945      0.0000000000
2.3347676373           19.9491028593      0.5170000000      13.1725256485      2.7677798241      0.0000000000
2.3393242751           19.5671743173      0.5190000000      13.1668032853      2.7743938850      0.0000000000
2.3438063978           19.1962640093      0.5210000000      13.1610233567      2.7809082945      0.0000000000
2.3482149995           18.8359768858      0.5230000000      13.1551873034      2.7873241594      0.0000000000
2.3525510657           18.4859223181      0.5250000000      13.1492970510      2.7936425828      0.0000000000
2.3568155656           18.1457447867      0.5270000000      13.1433535334      2.7998646528      0.0000000000
2.3610094623           17.8150893547      0.5290000000      13.1373586214      2.8059914565      0.0000000000
2.3651337060           17.4936195008      0.5310000000      13.1313137745      2.8120240708      0.0000000000
2.3691892356           17.1810131850      0.5330000000      13.1252204102      2.8179635639      0.0000000000
2.3731769788           16.8769620141      0.5350000000      13.1190799316      2.8238109960      0.0000000000
2.3770978525           16.5811711596      0.5370000000      13.1128937323      2.8295674185      0.0000000000
2.3809527627           16.2933579883      0.5390000000      13.1066631979      2.8352338749      0.0000000000
2.3847426029           16.0132524180      0.5410000000      13.1003893016      2.8408113978      0.0000000000
2.3884682584           15.7405908020      0.5430000000      13.0940737281      2.8463010154      0.0000000000
2.3921306029           15.4751205976      0.5450000000      13.0877178127      2.8517037454      0.0000000000
2.3957304961           15.2166094401      0.5470000000      13.0813222742      2.8570205925      0.0000000000
2.3992687925           14.9648164273      0.5490000000      13.0748889521      2.8622525604      0.0000000000
2.4027463308           14.7195278922      0.5510000000      13.0684185868      2.8674006365      0.0000000000
2.4061639419           14.4805302531      0.5530000000      13.0619124235      2.8724658030      0.0000000000
2.4095224465           14.2476119621      0.5550000000      13.0553718431      2.8774490341      0.0000000000
2.4128226532           14.0205822508      0.5570000000      13.0487978112      2.8823512920      0.0000000000
2.4160653607           13.7992518121      0.5590000000      13.0421913659      2.8871735308      0.0000000000
2.4192513575           13.5834386249      0.5610000000      13.0355535303      2.8919166954      0.0000000000
2.4223814224           13.3729668440      0.5630000000      13.0288854265      2.8965817228      0.0000000000
2.4254563233           13.1676691883      0.5650000000      13.0221880004      2.9011695394      0.0000000000
2.4284768187           12.9673839204      0.5670000000      13.0154623018      2.9056810634      0.0000000000
2.4314436573           12.7719553505      0.5690000000      13.0087093395      2.9101172041      0.0000000000
2.4343575782           12.5812281130      0.5710000000      13.0019302346      2.9144788625      0.0000000000
2.4372193092           12.3950638884      0.5730000000      12.9951257256      2.9187669274      0.0000000000
2.4400295687           12.2133252918      0.5750000000      12.9882965140      2.9229822797      0.0000000000
2.4427890686           12.0358688747      0.5770000000      12.9814440964      2.9271257956      0.0000000000
2.4454985059           11.8625765752      0.5790000000      12.9745686257      2.9311983339      0.0000000000
2.4481585746           11.6933134607      0.5810000000      12.9676717261      2.9352007542      0.0000000000
2.4507699527           11.5279688301      0.5830000000      12.9607534417      2.9391338970      0.0000000000
2.4533333151           11.3664203887      0.5850000000      12.9538152005      2.9429986028      0.0000000000
2.4558493245           11.2085578891      0.5870000000      12.9468577367      2.9467956989      0.0000000000
2.4583186335           11.0542760315      0.5890000000      12.9398814479      2.9505260018      0.0000000000
2.4607418887           10.9034695905      0.5910000000      12.9328873998      2.9541903235      0.0000000000
2.4631197267           10.7560378502      0.5930000000      12.9258763473      2.9577894654      0.0000000000
2.4654527751           10.6118828716      0.5950000000      12.9188490220      2.9613242198      0.0000000000
2.4677416532           10.4709122464      0.5970000000      12.9118061203      2.9647953708      0.0000000000
2.4699869717           10.3330360970      0.5990000000      12.9047483298      2.9682036934      0.0000000000
2.4721893332           10.1981663629      0.6010000000      12.8976763738      2.9715499547      0.0000000000
2.4743493318           10.0662186603      0.6030000000      12.8905909405      2.9748349130      0.0000000000
2.4764675535            9.9371123164      0.6050000000      12.8834927041      2.9780593181      0.0000000000
2.4785445757            9.8107690193      0.6070000000      12.8763822166      2.9812239105      0.0000000000
2.4805809681            9.6871137519      0.6090000000      12.8692600053      2.9843294230      0.0000000000
2.4825772938            9.5660701629      0.6110000000      12.8621269905      2.9873765823      0.0000000000
2.4845341070            9.4475674915      0.6130000000      12.8549837590      2.9903661043      0.0000000000
2.4864519522            9.3315410070      0.6150000000      12.8478304590      2.9932986947      0.0000000000
2.4883313711            9.2179176915      0.6170000000      12.8406683124      2.9961750581      0.0000000000
2.4901728930            9.1066396709      0.6190000000      12.8334972949      2.9989958830      0.0000000000
2.4919770437            8.9976390410      0.6210000000      12.8263185037      3.0017618567      0.0000000000
2.4937443381            8.8908615293      0.6230000000      12.8191318965      3.0044736526      0.0000000000
2.4954752877            8.7862417937      0.6250000000      12.8119385975      3.0071319422      0.0000000000
2.4971703935            8.6837289006      0.6270000000      12.8047387025      3.0097373840      0.0000000000
2.4988301510            8.5832677233      0.6290000000      12.7975327807      3.0122906314      0.0000000000
2.5004550498            8.4848010091      0.6310000000      12.7903215631      3.0147923317      0.0000000000
2.5020455712            8.3882808770      0.6330000000      12.7831054216      3.0172431218      0.0000000000
2.5036021890            8.2936577697      0.6350000000      12.7758846518      3.0196436308      0.0000000000
2.5051253723            8.2008829975      0.6370000000      12.7686598203      3.0219944828      0.0000000000
2.5066155829            8.1099095959      0.6390000000      12.7614314399      3.0242962937      0.0000000000
2.5080732760            8.0206921726      0.6410000000      12.7541999437      3.0265496715      0.0000000000
2.5094989005            7.9331867604      0.6430000000      12.7469657605      3.0287552180      0.0000000000
2.5108928986            7.8473508021      0.6450000000      12.7397293110      3.0309135263      0.0000000000
2.5122557071            7.7631430567      0.6470000000      12.7324910131      3.0330251842      0.0000000000
2.5135877561            7.6805235900      0.6490000000      12.7252512782      3.0350907718      0.0000000000
2.5148894697            7.5994536124      0.6510000000      12.7180105078      3.0371108614      0.0000000000
2.5161612661            7.5198957930      0.6530000000      12.7107690235      3.0390860198      0.0000000000
2.5174035571            7.4418138510      0.6550000000      12.7035271341      3.0410168052      0.0000000000
2.5186167501            7.3651721025      0.6570000000      12.6962853417      3.0429037719      0.0000000000
2.5198012462            7.2899334470      0.6590000000      12.6890441389      3.0447474663      0.0000000000
2.5209574401            7.2160675191      0.6610000000      12.6818037146      3.0465484272      0.0000000000
2.5220857207            7.1435423113      0.6630000000      12.6745642260      3.0483071862      0.0000000000
2.5231864737            7.0723231243      0.6650000000      12.6673264105      3.0500242726      0.0000000000
2.5242600770            7.0023818844      0.6670000000      12.6600903399      3.0517002051      0.0000000000
2.5253069040            6.9336886344      0.6690000000      12.6528563212      3.0533354973      0.0000000000
2.5263273239            6.8662125538      0.6710000000      12.6456249189      3.0549306588      0.0000000000
2.5273216982            6.7999284552      0.6730000000      12.6383960405      3.0564861887      0.0000000000
2.5282903865            6.7348057605      0.6750000000      12.6311704278      3.0580025849      0.0000000000
2.5292337405            6.6708208059      0.6770000000      12.6239479934      3.0594803351      0.0000000000
2.5301521091            6.6079461496      0.6790000000      12.6167292601      3.0609199242      0.0000000000
2.5310458352            6.5461566239      0.6810000000      12.6095145349      3.0623218295      0.0000000000
2.5319152561            6.4854298309      0.6830000000      12.6023037600      3.0636865212      0.0000000000
2.5327607069            6.4257389078      0.6850000000      12.5950976277      3.0650144681      0.0000000000
2.5335825161            6.3670625461      0.6870000000      12.5878962795      3.0663061298      0.0000000000
2.5343810068            6.3093790893      0.6890000000      12.5806996570      3.0675619593      0.0000000000
2.5351565000            6.2526660201      0.6910000000      12.5735083264      3.0687824078      0.0000000000
2.5359093110            6.1969002574      0.6930000000      12.5663225594      3.0699679191      0.0000000000
2.5366397504            6.1420629890      0.6950000000      12.5591425144      3.0711189313      0.0000000000
2.5373481246            6.0881339772      0.6970000000      12.5519683998      3.0722358770      0.0000000000
2.5380347355            6.0350937488      0.6990000000      12.5448003215      3.0733191835      0.0000000000
2.5386998816            5.9829228233      0.7010000000      12.5376386435      3.0743692741      0.0000000000
2.5393438568            5.9316026113      0.7030000000      12.5304835797      3.0753865659      0.0000000000
2.5399669509            5.8811149969      0.7050000000      12.5233353371      3.0763714713      0.0000000000
2.5405694494            5.8314423373      0.7070000000      12.5161941183      3.0773243971      0.0000000000
2.5411516343            5.7825674642      0.7090000000      12.5090601249      3.0782457459      0.0000000000
2.5417137834            5.7344736703      0.7110000000      12.5019335533      3.0791359147      0.0000000000
2.5422561706            5.6871446393      0.7130000000      12.4948145963      3.0799952958      0.0000000000
2.5427790661            5.6405645621      0.7150000000      12.4877034428      3.0808242771      0.0000000000
2.5432827363            5.5947181461      0.7170000000      12.4806002459      3.0816232410      0.0000000000
2.5437674434            5.5495903771      0.7190000000      12.4735051020      3.0823925650      0.0000000000
2.5442334471            5.5051665152      0.7210000000      12.4664182920      3.0831326236      0.0000000000
2.5446810027            5.4614322011      0.7230000000      12.4593399911      3.0838437853      0.0000000000
2.5451103627            5.4183720593      0.7250000000      12.4522704548      3.0845264155      0.0000000000
2.5455217751            5.3759739886      0.7270000000      12.4452097775      3.0851808732      0.0000000000
2.5459154843            5.3342252722      0.7290000000      12.4381578508      3.0858075130      0.0000000000
2.5462917323            5.2931124169      0.7310000000      12.4311151007      3.0864066865      0.0000000000
2.5466507584            5.2526208598      0.7330000000      12.4240817954      3.0869787425      0.0000000000
2.5469927963            5.2127408842      0.7350000000      12.4170577857      3.0875240209      0.0000000000
2.5473180781            5.1734602227      0.7370000000      12.4100432699      3.0880428609      0.0000000000
2.5476268332            5.1347645387      0.7390000000      12.4030386767      3.0885355981      0.0000000000
2.5479192858            5.0966456890      0.7410000000      12.3960436882      3.0890025603      0.0000000000
2.5481956592            5.0590904755      0.7430000000      12.3890587750      3.0894440753      0.0000000000
2.5484561723            5.0220884807      0.7450000000      12.3820839651      3.0898604646      0.0000000000
2.5487010410            4.9856297131      0.7470000000      12.3751192848      3.0902520455      0.0000000000
2.5489304798            4.9497022570      0.7490000000      12.3681650794      3.0906191344      0.0000000000
2.5491446974            4.9142978897      0.7510000000      12.3612211681      3.0909620387      0.0000000000
2.5493439029            4.8794047146      0.7530000000      12.3542879747      3.0912810679      0.0000000000
2.5495282998            4.8450147390      0.7550000000      12.3473653502      3.0915765224      0.0000000000
2.5496980908            4.8111175157      0.7570000000      12.3404535631      3.0918487031      0.0000000000
2.5498534747            4.7777038539      0.7590000000      12.3335527234      3.0920979044      0.0000000000
2.5499946474            4.7447660449      0.7610000000      12.3266627248      3.0923244177      0.0000000000
2.5501218039            4.7122925974      0.7630000000      12.3197840253      3.0925285334      0.0000000000
2.5502351339            4.6802775190      0.7650000000      12.3129163589      3.0927105337      0.0000000000
2.5503348265            4.6487115753      0.7670000000      12.3060599967      3.0928707008      0.0000000000
2.5504210681            4.6175853113      0.7690000000      12.2992151471      3.0930093135      0.0000000000
2.5504940413            4.5868924516      0.7710000000      12.2923816370      3.0931266446      0.0000000000
2.5505539271            4.5566250399      0.7730000000      12.2855596295      3.0932229655      0.0000000000
2.5506009049            4.5267734596      0.7750000000      12.2787494054      3.0932985454      0.0000000000
2.5506351500            4.4973317946      0.7770000000      12.2719509342      3.0933536473      0.0000000000
2.5506568358            4.4682928750      0.7790000000      12.2651641041      3.0933885323      0.0000000000
2.5506661339            4.4396493941      0.7810000000      12.2583891460      3.0934034587      0.0000000000
2.5506632138            4.4113935305      0.7830000000      12.2516262151      3.0933986825      0.0000000000
2.5506482419            4.3835185658      0.7850000000      12.2448753389      3.0933744547      0.0000000000
2.5506213829            4.3560182640      0.7870000000      12.2381365689      3.0933310242      0.0000000000
2.5505827986            4.3288860117      0.7890000000      12.2314099403      3.0932686362      0.0000000000
2.5505326493            4.3021155340      0.7910000000      12.2246954469      3.0931875336      0.0000000000
2.5504710930            4.2757003406      0.7930000000      12.2179932571      3.0930879564      0.0000000000
2.5503982855            4.2496342457      0.7950000000      12.2113034295      3.0929701411      0.0000000000
2.5503143809            4.2239112215      0.7970000000      12.2046260226      3.0928343224      0.0000000000
2.5502195306            4.1985253531      0.7990000000      12.1979610905      3.0926807310      0.0000000000
2.5501138843            4.1734708564      0.8010000000      12.1913086890      3.0925095952      0.0000000000
2.5499975897            4.1487419621      0.8030000000      12.1846688854      3.0923211406      0.0000000000
2.5498707924            4.1243334164      0.8050000000      12.1780416968      3.0921155899      0.0000000000
2.5497336362            4.1002397975      0.8070000000      12.1714271769      3.0918931630      0.0000000000
2.5495862630            4.0764556478      0.8090000000      12.1648253948      3.0916540779      0.0000000000
2.5494288127            4.0529757882      0.8110000000      12.1582363999      3.0913985490      0.0000000000
2.5492614236            4.0297952118      0.8130000000      12.1516602320      3.0911267890      0.0000000000
2.5490842318            4.0069089568      0.8150000000      12.1450969357      3.0908390072      0.0000000000
2.5488973718            3.9843121892      0.8170000000      12.1385465534      3.0905354106      0.0000000000
2.5487009763            3.9620001728      0.8190000000      12.1320091302      3.0902162040      0.0000000000
2.5484951759            3.9399683631      0.8210000000      12.1254846570      3.0898815892      0.0000000000
2.5482800999            3.9182120963      0.8230000000      12.1189731419      3.0895317657      0.0000000000
2.5480558761            3.8967268864      0.8250000000      12.1124746903      3.0891669315      0.0000000000
2.5478226301            3.8755084306      0.8270000000      12.1059893452      3.0887872810      0.0000000000
2.5475804862            3.8545516717      0.8290000000      12.0995171765      3.0883930074      0.0000000000
2.5473295670            3.8338529416      0.8310000000      12.0930582127      3.0879843005      0.0000000000
2.5470699930            3.8134085062      0.8330000000      12.0866123906      3.0875613481      0.0000000000
2.5468018836            3.7932141644      0.8350000000      12.0801796811      3.0871243356      0.0000000000
2.5465253566            3.7732660533      0.8370000000      12.0737602332      3.0866734468      0.0000000000
2.5462405288            3.7535589570      0.8390000000      12.0673541819      3.0862088637      0.0000000000
2.5459475142            3.7340905405      0.8410000000      12.0609614273      3.0857307645      0.0000000000
2.5456464259            3.7148569871      0.8430000000      12.0545818178      3.0852393256      0.0000000000
2.5453373758            3.6958543007      0.8450000000      12.0482156092      3.0847347225      0.0000000000
2.5450204749            3.6770781090      0.8470000000      12.0418629010      3.0842171289      0.0000000000
2.5446958307            3.6585262795      0.8490000000      12.0355234220      3.0836867135      0.0000000000
2.5443635513            3.6401951106      0.8510000000      12.0291973133      3.0831436457      0.0000000000
2.5440237430            3.6220796975      0.8530000000      12.0228848062      3.0825880928      0.0000000000
2.5436765097            3.6041785978      0.8550000000      12.0165855787      3.0820202180      0.0000000000
2.5433219551            3.5864880177      0.8570000000      12.0102997904      3.0814401847      0.0000000000
2.5429601814            3.5690036913      0.8590000000      12.0040276630      3.0808481541      0.0000000000
2.5425912881            3.5517242353      0.8610000000      11.9977687466      3.0802442831      0.0000000000
2.5422153757            3.5346451251      0.8630000000      11.9915234764      3.0796287306      0.0000000000
2.5418325417            3.5177640253      0.8650000000      11.9852916932      3.0790016505      0.0000000000
2.5414428827            3.5010782503      0.8670000000      11.9790733382      3.0783631958      0.0000000000
2.5410464949            3.4845837201      0.8690000000      11.9728686916      3.0777135190      0.0000000000
2.5406434714            3.4682793269      0.8710000000      11.9666773359      3.0770527678      0.0000000000
2.5402339066            3.4521601539      0.8730000000      11.9604997760      3.0763810918      0.0000000000
2.5398178910            3.4362256595      0.8750000000      11.9543355007      3.0756986348      0.0000000000
2.5393955167            3.4204711865      0.8770000000      11.9481850106      3.0750055437      0.0000000000
2.5389668717            3.4048958235      0.8790000000      11.9420478688      3.0743019582      0.0000000000
2.5385320460            3.3894953448      0.8810000000      11.9359244976      3.0735880220      0.0000000000
2.5380911251            3.3742688272      0.8830000000      11.9298144791      3.0728638713      0.0000000000
2.5376441969            3.3592120158      0.8850000000      11.9237182688      3.0721296465      0.0000000000
2.5371913444            3.3443244883      0.8870000000      11.9176353482      3.0713854804      0.0000000000
2.5367326538            3.3296015063      0.8890000000      11.9115662751      3.0706315108      0.0000000000
2.5362682058            3.3150428512      0.8910000000      11.9055105436      3.0698678668      0.0000000000
2.5357980838            3.3006445906      0.8930000000      11.8994685497      3.0690946824      0.0000000000
2.5353223678            3.2864054273      0.8950000000      11.8934400647      3.0683120855      0.0000000000
2.5348411376            3.2723229351      0.8970000000      11.8874251197      3.0675202046      0.0000000000
2.5343544724            3.2583941977      0.8990000000      11.8814239043      3.0667191670      0.0000000000
2.5338624487            3.2446184818      0.9010000000      11.8754359875      3.0659090954      0.0000000000
2.5333651447            3.2309919739      0.9030000000      11.8694618345      3.0650901160      0.0000000000
2.5328626354            3.2175136670      0.9050000000      11.8635012139      3.0642623498      0.0000000000
2.5323549954            3.2041817506      0.9070000000      11.8575540276      3.0634259168      0.0000000000
2.5318422993            3.1909927785      0.9090000000      11.8516205564      3.0625809378      0.0000000000
2.5313246194            3.1779461789      0.9110000000      11.8457005464      3.0617275292      0.0000000000
2.5308020276            3.1650398705      0.9130000000      11.8397940051      3.0608658077      0.0000000000
2.5302745958            3.1522707616      0.9150000000      11.8339011300      3.0599958894      0.0000000000
2.5297423935            3.1396381522      0.9170000000      11.8280217377      3.0591178872      0.0000000000
2.5292054897            3.1271402980      0.9190000000      11.8221557311      3.0582319126      0.0000000000
2.5286639539            3.1147742247      0.9210000000      11.8163033725      3.0573380789      0.0000000000
2.5281178529            3.1025388801      0.9230000000      11.8104645609      3.0564364942      0.0000000000
2.5275672534            3.0904328654      0.9250000000      11.8046390540      3.0555272672      0.0000000000
2.5270122215            3.0784541305      0.9270000000      11.7988270668      3.0546105050      0.0000000000
2.5264528225            3.0666002770      0.9290000000      11.7930286345      3.0536863145      0.0000000000
2.5258891205            3.0548703890      0.9310000000      11.7872437034      3.0527548001      0.0000000000
2.5253211785            3.0432631070      0.9330000000      11.7814720271      3.0518160641      0.0000000000
2.5247490595            3.0317765257      0.9350000000      11.7757138084      3.0508702099      0.0000000000
2.5241728256            3.0204083006      0.9370000000      11.7699691128      3.0499173388      0.0000000000
2.5235925377            3.0091576000      0.9390000000      11.7642378375      3.0489575502      0.0000000000
2.5230082563            2.9980229095      0.9410000000      11.7585199292      3.0479909434      0.0000000000
2.5224200402            2.9870028845      0.9430000000      11.7528152936      3.0470176144      0.0000000000
2.5218279492            2.9760958215      0.9450000000      11.7471240419      3.0460376614      0.0000000000
2.5212320410            2.9652997605      0.9470000000      11.7414462153      3.0450511792      0.0000000000
2.5206323731            2.9546136865      0.9490000000      11.7357817344      3.0440582621      0.0000000000
2.5200290023            2.9440362787      0.9510000000      11.7301305847      3.0430590033      0.0000000000
2.5194219841            2.9335661299      0.9530000000      11.7244927029      3.0420534943      0.0000000000
2.5188113741            2.9232019960      0.9550000000      11.7188680390      3.0410418263      0.0000000000
2.5181972267            2.9129424042      0.9570000000      11.7132566571      3.0400240893      0.0000000000
2.5175795961            2.9027859929      0.9590000000      11.7076585394      3.0390003722      0.0000000000
2.5169585355            2.8927311050      0.9610000000      11.7020737124      3.0379707632      0.0000000000
2.5163340974            2.8827768021      0.9630000000      11.6965020995      3.0369353487      0.0000000000
2.5157063337            2.8729218647      0.9650000000      11.6909436935      3.0358942146      0.0000000000
2.5150752958            2.8631650425      0.9670000000      11.6853984725      3.0348474455      0.0000000000
2.5144410343            2.8535051014      0.9690000000      11.6798664188      3.0337951255      0.0000000000
2.5138035994            2.8439407817      0.9710000000      11.6743475155      3.0327373379      0.0000000000
2.5131630402            2.8344710529      0.9730000000      11.6688416771      3.0316741637      0.0000000000
2.5125194058            2.8250946416      0.9750000000      11.6633489525      3.0306056845      0.0000000000
2.5118727442            2.8158103983      0.9770000000      11.6578693202      3.0295319796      0.0000000000
2.5112231032            2.8066171898      0.9790000000      11.6524027611      3.0284531289      0.0000000000
2.5105705300            2.7975139022      0.9810000000      11.6469492550      3.0273692107      0.0000000000
2.5099150708            2.7884994390      0.9830000000      11.6415087799      3.0262803016      0.0000000000
2.5092567716            2.7795727220      0.9850000000      11.6360813153      3.0251864785      0.0000000000
2.5085956776            2.7707326883      0.9870000000      11.6306668392      3.0240878163      0.0000000000
2.5079318339            2.7619782935      0.9890000000      11.6252653324      3.0229843906      0.0000000000
2.5072652844            2.7533085089      0.9910000000      11.6198767716      3.0218762742      0.0000000000
2.5065960730            2.7447223228      0.9930000000      11.6145011364      3.0207635406      0.0000000000
2.5059242428            2.7362187390      0.9950000000      11.6091384052      3.0196462619      0.0000000000
2.5052498364            2.7277967774      0.9970000000      11.6037885559      3.0185245092      0.0000000000
2.5045728960            2.7194554736      0.9990000000      11.5984515671      3.0173983529      0.0000000000
2.5038934632            2.7111938775      1.0010000000      11.5931274170      3.0162678630      0.0000000000
2.5032115789            2.7030110526      1.0030000000      11.5878160822      3.0151331076      0.0000000000
2.5025272840            2.6949060787      1.0050000000      11.5825175422      3.0139941556      0.0000000000
2.5018406183            2.6868780477      1.0070000000      11.5772317740      3.0128510737      0.0000000000
2.5011516217            2.6789260693      1.0090000000      11.5719587555      3.0117039286      0.0000000000
2.5004603329            2.6710493482      1.0110000000      11.5666984161      3.0105527855      0.0000000000
2.4997667909            2.6632468803      1.0130000000      11.5614507636      3.0093977100      0.0000000000
2.4990710339            2.6555178608      1.0150000000      11.5562157870      3.0082387663      0.0000000000
2.4983730996            2.6478614576      1.0170000000      11.5509934640      3.0070760176      0.0000000000
2.4976730250            2.6402768413      1.0190000000      11.5457837716      3.0059095265      0.0000000000
2.4969708472            2.6327631931      1.0210000000      11.5405866883      3.0047393554      0.0000000000
2.4962666025            2.6253195569      1.0230000000      11.5354021879      3.0035655656      0.0000000000
2.4955603272            2.6179450534      1.0250000000      11.5302302799      3.0023882183      0.0000000000
2.4948520563            2.6106391383      1.0270000000      11.5250709119      3.0012073726      0.0000000000
2.4941418250            2.6034010387      1.0290000000      11.5199240605      3.0000230878      0.0000000000
2.4934296678            2.5962300973      1.0310000000      11.5147896297      2.9988354223      0.0000000000
2.4927156190            2.5891254245      1.0330000000      11.5096676220      2.9976444344      0.0000000000
2.4919997126            2.5820863369      1.0350000000      11.5045580572      2.9964501813      0.0000000000
2.4912819819            2.5751121019      1.0370000000      11.4994609135      2.9952527197      0.0000000000
2.4905624599            2.5682016062      1.0390000000      11.4943761771      2.9940521052      0.0000000000
2.4898411796            2.5613544100      1.0410000000      11.4893038390      2.9928483940      0.0000000000
2.4891181724            2.5545699565      1.0430000000      11.4842438484      2.9916416392      0.0000000000
2.4883934706            2.5478476838      1.0450000000      11.4791960380      2.9904318957      0.0000000000
2.4876671056            2.5411867400      1.0470000000      11.4741605202      2.9892192170      0.0000000000
2.4869391083            2.5345865309      1.0490000000      11.4691372681      2.9880036554      0.0000000000
2.4862095101            2.5280457835      1.0510000000      11.4641263097      2.9867852646      0.0000000000
2.4854783405            2.5215644014      1.0530000000      11.4591275885      2.9855640946      0.0000000000
2.4847456297            2.5151419018      1.0550000000      11.4541409725      2.9843401968      0.0000000000
2.4840114074            2.5087775362      1.0570000000      11.4491664540      2.9831136218      0.0000000000
2.4832757028            2.5024707160      1.0590000000      11.4442040790      2.9818844196      0.0000000000
2.4825385446            2.4962201400      1.0610000000      11.4392538794      2.9806526390      0.0000000000
2.4817999621            2.4900258399      1.0630000000      11.4343157961      2.9794183300      0.0000000000
2.4810599826            2.4838874024      1.0650000000      11.4293896211      2.9781815393      0.0000000000
2.4803186342            2.4778040726      1.0670000000      11.4244754708      2.9769423150      0.0000000000
2.4795759447            2.4717749167      1.0690000000      11.4195733596      2.9757007044      0.0000000000
2.4788319415            2.4657993678      1.0710000000      11.4146832980      2.9744567544      0.0000000000
2.4780866511            2.4598773761      1.0730000000      11.4098050793      2.9732105108      0.0000000000
2.4773400995            2.4540082595      1.0750000000      11.4049387320      2.9719620175      0.0000000000
2.4765923140            2.4481910785      1.0770000000      11.4000843256      2.9707113219      0.0000000000
2.4758433205            2.4424252606      1.0790000000      11.3952418737      2.9694584680      0.0000000000
2.4750931436            2.4367108492      1.0810000000      11.3904111241      2.9682034980      0.0000000000
2.4743418093            2.4310471608      1.0830000000      11.3855921713      2.9669464569      0.0000000000
2.4735893429            2.4254330451      1.0850000000      11.3807850755      2.9656873880      0.0000000000
2.4728357688            2.4198684788      1.0870000000      11.3759897883      2.9644263329      0.0000000000
2.4720811112            2.4143532128      1.0890000000      11.3712060583      2.9631633336      0.0000000000
2.4713253942            2.4088864230      1.0910000000      11.3664340820      2.9618984315      0.0000000000
2.4705686424            2.4034671660      1.0930000000      11.3616739044      2.9606316687      0.0000000000
2.4698108785            2.3980958045      1.0950000000      11.3569252391      2.9593630849      0.0000000000
2.4690521259            2.3927717017      1.0970000000      11.3521881694      2.9580927198      0.0000000000
2.4682924084            2.3874934980      1.0990000000      11.3474628202      2.9568206146      0.0000000000
2.4675317477            2.3822616920      1.1010000000      11.3427489748      2.9555468068      0.0000000000
2.4667701668            2.3770757814      1.1030000000      11.3380465938      2.9542713362      0.0000000000
2.4660076878            2.3719345261      1.1050000000      11.3333558273      2.9529942408      0.0000000000
2.4652443328            2.3668381477      1.1070000000      11.3286765309      2.9517155588      0.0000000000
2.4644801228            2.3617863444      1.1090000000      11.3240085907      2.9504353267      0.0000000000
2.4637150802            2.3567778665      1.1110000000      11.3193521924      2.9491535831      0.0000000000
2.4629492254            2.3518129498      1.1130000000      11.3147071722      2.9478703634      0.0000000000
2.4621825794            2.3468913124      1.1150000000      11.3100734375      2.9465857037      0.0000000000
2.4614151633            2.3420116217      1.1170000000      11.3054511798      2.9452996407      0.0000000000
2.4606469971            2.3371743563      1.1190000000      11.3008401662      2.9440122092      0.0000000000
2.4598781009            2.3323790481      1.1210000000      11.2962403898      2.9427234440      0.0000000000
2.4591084952            2.3276243536      1.1230000000      11.2916520600      2.9414333805      0.0000000000
2.4583381988            2.3229110862      1.1250000000      11.2870747840      2.9401420515      0.0000000000
2.4575672318            2.3182382029      1.1270000000      11.2825087689      2.9388494917      0.0000000000
2.4567956135            2.3136051554      1.1290000000      11.2779540442      2.9375557350      0.0000000000
2.4560233624            2.3090122650      1.1310000000      11.2734102977      2.9362608134      0.0000000000
2.4552504977            2.3044582336      1.1330000000      11.2688778187      2.9349647602      0.0000000000
2.4544770376            2.2999433753      1.1350000000      11.2643563838      2.9336676072      0.0000000000
2.4537030005            2.2954672753      1.1370000000      11.2598459774      2.9323693863      0.0000000000
2.4529284052            2.2910288385      1.1390000000      11.2553468033      2.9310701303      0.0000000000
2.4521532683            2.2866288542      1.1410000000      11.2508584048      2.9297698681      0.0000000000
2.4513776086            2.2822658845      1.1430000000      11.2463811570      2.9284686326      0.0000000000
2.4506014431            2.2779402480      1.1450000000      11.2419148191      2.9271664533      0.0000000000
2.4498247889            2.2736514967      1.1470000000      11.2374593896      2.9258633602      0.0000000000
2.4490476637            2.2693988068      1.1490000000      11.2330150024      2.9245593841      0.0000000000
2.4482700837            2.2651827166      1.1510000000      11.2285813188      2.9232545533      0.0000000000
2.4474920659            2.2610017553      1.1530000000      11.2241586736      2.9219488975      0.0000000000
2.4467136265            2.2568567245      1.1550000000      11.2197466964      2.9206424451      0.0000000000
2.4459347821            2.2527464792      1.1570000000      11.2153456152      2.9193352252      0.0000000000
2.4451555487            2.2486710772      1.1590000000      11.2109552919      2.9180272655      0.0000000000
2.4443759417            2.2446302435      1.1610000000      11.2065756737      2.9167185933      0.0000000000
2.4435959774            2.2406232138      1.1630000000      11.2022068875      2.9154092370      0.0000000000
2.4428156710            2.2366504884      1.1650000000      11.1978486307      2.9140992233      0.0000000000
2.4420350382            2.2327105507      1.1670000000      11.1935012738      2.9127885796      0.0000000000
2.4412540935            2.2288044938      1.1690000000      11.1891643036      2.9114773314      0.0000000000
2.4404728524            2.2249306990      1.1710000000      11.1848381576      2.9101655059      0.0000000000
2.4396913292            2.2210900200      1.1730000000      11.1805224214      2.9088531285      0.0000000000
2.4389095390            2.2172812032      1.1750000000      11.1762173863      2.9075402250      0.0000000000
2.4381274959            2.2135047110      1.1770000000      11.1719227798      2.9062268209      0.0000000000
2.4373452143            2.2097596760      1.1790000000      11.1676387550      2.9049129413      0.0000000000
2.4365627082            2.2060462248      1.1810000000      11.1633651623      2.9035986107      0.0000000000
2.4357799916            2.2023638074      1.1830000000      11.1591020482      2.9022838537      0.0000000000
2.4349970784            2.1987122890      1.1850000000      11.1548493554      2.9009686950      0.0000000000
2.4342139820            2.1950913549      1.1870000000      11.1506070533      2.8996531580      0.0000000000
2.4334307156            2.1915006879      1.1890000000      11.1463751440      2.8983372660      0.0000000000
2.4326472929            2.1879401232      1.1910000000      11.1421535530      2.8970210431      0.0000000000
2.4318637268            2.1844092522      1.1930000000      11.1379423154      2.8957045124      0.0000000000
2.4310800304            2.1809079697      1.1950000000      11.1337413372      2.8943876965      0.0000000000
2.4302962164            2.1774358636      1.1970000000      11.1295506572      2.8930706181      0.0000000000
2.4295122974            2.1739928015      1.1990000000      11.1253701923      2.8917532993      0.0000000000
