# M(M_sol)                 Lambda          n_Bc(fm^-3)         R(km)            m_B(M_sol)        m_Bquar/M_B
0.1515659912     40258539.9210125431      0.1040000000      22.8854375914      0.1517847486      0.0000000000
0.1561582608     34560541.0875684023      0.1060000000      22.1403990863      0.1564394487      0.0000000000
0.1608367781     29780660.7551514357      0.1080000000      21.4751863625      0.1611846923      0.0000000000
0.1655997961     25748576.8164521270      0.1100000000      20.8783213320      0.1660188676      0.0000000000
0.1704458197     22330909.0005604997      0.1120000000      20.3403810200      0.1709406175      0.0000000000
0.1753435463     19437932.0961683057      0.1140000000      19.8563614242      0.1759182791      0.0000000000
0.1802287083     17005645.9003978781      0.1160000000      19.4241297552      0.1808865682      0.0000000000
0.1851419300     14930769.1606741175      0.1180000000      19.0328111634      0.1858868090      0.0000000000
0.1900949282     13148188.2655628026      0.1200000000      18.6761557883      0.1909309898      0.0000000000
0.1950935558     11608821.9633741528      0.1220000000      18.3495012857      0.1960251555      0.0000000000
0.2001416750     10273845.0170189291      0.1240000000      18.0491123571      0.2011733369      0.0000000000
0.2052422221      9111879.1576022338      0.1260000000      17.7719087832      0.2063786325      0.0000000000
0.2103976274      8097225.2235883968      0.1280000000      17.5153062023      0.2116436337      0.0000000000
0.2156100239      7208622.3041240089      0.1300000000      17.2771111980      0.2169706361      0.0000000000
0.2208813459      6428347.9779263623      0.1320000000      17.0554446394      0.2223617404      0.0000000000
0.2262133969      5741531.7212214507      0.1340000000      16.8486849025      0.2278189204      0.0000000000
0.2316078809      5135625.8097900981      0.1360000000      16.6554235457      0.2333440553      0.0000000000
0.2370664293      4599988.8488141159      0.1380000000      16.4744302043      0.2389389570      0.0000000000
0.2425906106      4125558.7342306538      0.1400000000      16.3046249337      0.2446053793      0.0000000000
0.2481819440      3704585.3636285141      0.1420000000      16.1450554979      0.2503450330      0.0000000000
0.2538418992      3330415.7585148024      0.1440000000      15.9948781201      0.2561595843      0.0000000000
0.2595719038      2997321.2874353728      0.1460000000      15.8533433087      0.2620506632      0.0000000000
0.2653733432      2700351.6836332716      0.1480000000      15.7197816390      0.2680198633      0.0000000000
0.2712475608      2435218.7193981158      0.1500000000      15.5935941720      0.2740687414      0.0000000000
0.2771958571      2198196.5833150400      0.1520000000      15.4742427875      0.2801988174      0.0000000000
0.2832194999      1986039.5850716878      0.1540000000      15.3612427143      0.2864115841      0.0000000000
0.2893196883      1795914.7867391882      0.1560000000      15.2541560824      0.2927084705      0.0000000000
0.2954975984      1625342.2516315205      0.1580000000      15.1525857669      0.2990908883      0.0000000000
0.3017543526      1472147.9998843528      0.1600000000      15.0561713434      0.3055602012      0.0000000000
0.3080910234      1334421.5927067923      0.1620000000      14.9645844581      0.3121177276      0.0000000000
0.3145086343      1210480.8704432375      0.1640000000      14.8775250647      0.3187647420      0.0000000000
0.3210081540      1098842.9474781451      0.1660000000      14.7947190668      0.3255024693      0.0000000000
0.3275904978       998197.5083529736      0.1680000000      14.7159146993      0.3323320853      0.0000000000
0.3342565247       907385.0983864638      0.1700000000      14.6408805969      0.3392547142      0.0000000000
0.3410070357       825378.4811221580      0.1720000000      14.5694038447      0.3462714264      0.0000000000
0.3478427707       751265.7617488903      0.1740000000      14.5012874564      0.3533832355      0.0000000000
0.3547644043       684236.6704783880      0.1760000000      14.4363495848      0.3605910932      0.0000000000
0.3617725616       623570.2337429746      0.1780000000      14.3744216427      0.3678959060      0.0000000000
0.3688677887       568624.0228467291      0.1800000000      14.3153470233      0.3752985041      0.0000000000
0.3760505701       518824.9515759600      0.1820000000      14.2589800451      0.3827996595      0.0000000000
0.3833213226       473661.2643881007      0.1840000000      14.2051849770      0.3904000790      0.0000000000
0.3906803931       432675.4789241772      0.1860000000      14.1538350504      0.3981004024      0.0000000000
0.3981280609       395457.9956814251      0.1880000000      14.1048116300      0.4059012035      0.0000000000
0.4056645315       361642.1110295458      0.1900000000      14.0580038126      0.4138029845      0.0000000000
0.4132899398       330898.8711781902      0.1920000000      14.0133072997      0.4218061783      0.0000000000
0.4210043475       302933.0983025573      0.1940000000      13.9706242306      0.4299111457      0.0000000000
0.4288077440       277479.5467992499      0.1960000000      13.9298623087      0.4381181762      0.0000000000
0.4367000433       254299.8873184522      0.1980000000      13.8909347175      0.4464274838      0.0000000000
0.4446810863       233179.5988992070      0.2000000000      13.8537594131      0.4548392098      0.0000000000
0.4527506384       213925.5496663878      0.2020000000      13.8182587893      0.4633534192      0.0000000000
0.4609083918       196363.6976944979      0.2040000000      13.7843594911      0.4719701034      0.0000000000
0.4691539625       180337.1204265495      0.2060000000      13.7519917852      0.4806891759      0.0000000000
0.4774868939       165704.1960067819      0.2080000000      13.7210897147      0.4895104763      0.0000000000
0.4859066543       152337.0750749191      0.2100000000      13.6915904882      0.4984337670      0.0000000000
0.4944126382       140120.2241043555      0.2120000000      13.6634343100      0.5074587338      0.0000000000
0.5030041678       128949.2073024933      0.2140000000      13.6365643366      0.5165849876      0.0000000000
0.5116804923       118729.5453178138      0.2160000000      13.6109263109      0.5258120628      0.0000000000
0.5204407896       109375.7277574955      0.2180000000      13.5864684308      0.5351394186      0.0000000000
0.5292841671       100810.3112558736      0.2200000000      13.5631412580      0.5445664396      0.0000000000
0.5382096628        92963.1124410538      0.2220000000      13.5408974754      0.5540924365      0.0000000000
0.5472162458        85770.5321967882      0.2240000000      13.5196918436      0.5637166456      0.0000000000
0.5563028187        79174.8529870407      0.2260000000      13.4994809132      0.5734382314      0.0000000000
0.5654682179        73123.7083882264      0.2280000000      13.4802231692      0.5832562865      0.0000000000
0.5747112163        67569.5557802799      0.2300000000      13.4618787027      0.5931698332      0.0000000000
0.5840305234        62469.2044696579      0.2320000000      13.4444092878      0.6031778241      0.0000000000
0.5934247883        57783.4006955421      0.2340000000      13.4277780478      0.6132791439      0.0000000000
0.6028926013        53476.4560977755      0.2360000000      13.4119497247      0.6234726110      0.0000000000
0.6124324945        49515.9007013077      0.2380000000      13.3968902797      0.6337569780      0.0000000000
0.6220429454        45872.1963999469      0.2400000000      13.3825670269      0.6441309341      0.0000000000
0.6317223779        42518.4433921102      0.2420000000      13.3689484932      0.6545931067      0.0000000000
0.6414691651        39430.1376896496      0.2440000000      13.3560043834      0.6651420631      0.0000000000
0.6512816302        36584.9577388064      0.2460000000      13.3437054707      0.6757763115      0.0000000000
0.6611580498        33962.5521675144      0.2480000000      13.3320236439      0.6864943037      0.0000000000
0.6710966561        31544.3561637804      0.2500000000      13.3209317261      0.6972944374      0.0000000000
0.6810956385        29313.4370210914      0.2520000000      13.3104036450      0.7081750571      0.0000000000
0.6911531461        27254.3400098274      0.2540000000      13.3004141267      0.7191344564      0.0000000000
0.7012672907        25352.9495524119      0.2560000000      13.2909389060      0.7301708810      0.0000000000
0.7114361483        23596.3711886276      0.2580000000      13.2819544310      0.7412825296      0.0000000000
0.7216577621        21972.8247593500      0.2600000000      13.2734381520      0.7524675570      0.0000000000
0.7319301444        20471.5372032778      0.2620000000      13.2653681829      0.7637240756      0.0000000000
0.7422512793        19082.6580424301      0.2640000000      13.2577234428      0.7750501582      0.0000000000
0.7526191251        17797.1722595377      0.2660000000      13.2504835949      0.7864438396      0.0000000000
0.7630316166        16606.8306271376      0.2680000000      13.2436290301      0.7979031196      0.0000000000
0.7734866676        15504.0774418192      0.2700000000      13.2371407517      0.8094259647      0.0000000000
0.7839821732        14481.9909809816      0.2720000000      13.2310004826      0.8210103106      0.0000000000
0.7945160122        13534.2308626220      0.2740000000      13.2251906163      0.8326540644      0.0000000000
0.8050860494        12654.9823510269      0.2760000000      13.2196941039      0.8443551070      0.0000000000
0.8156901382        11838.9119771467      0.2780000000      13.2144945514      0.8561112957      0.0000000000
0.8263261222        11081.1285402845      0.2800000000      13.2095760698      0.8679204650      0.0000000000
0.8369918382        10377.1405687309      0.2820000000      13.2049233997      0.8797804309      0.0000000000
0.8476851181         9722.8246335294      0.2840000000      13.2005218014      0.8916889917      0.0000000000
0.8584037910         9114.3933208765      0.2860000000      13.1963570679      0.9036439308      0.0000000000
0.8691456856         8548.3654367560      0.2880000000      13.1924154776      0.9156430188      0.0000000000
0.8799086320         8021.5415289101      0.2900000000      13.1886838310      0.9276840151      0.0000000000
0.8906904636         7530.9790250501      0.2920000000      13.1851494144      0.9397646707      0.0000000000
0.9014890201         7073.9688256571      0.2940000000      13.1817999357      0.9518827309      0.0000000000
0.9123021478         6648.0206102197      0.2960000000      13.1786236175      0.9640359350      0.0000000000
0.9231277028         6250.8390139428      0.2980000000      13.1756090901      0.9762220212      0.0000000000
0.9339635524         5880.3098936896      0.3000000000      13.1727453840      0.9884387265      0.0000000000
0.9448075765         5534.4865043936      0.3020000000      13.1700219858      1.0006837892      0.0000000000
0.9556576707         5211.5721374742      0.3040000000      13.1674287352      1.0129549521      0.0000000000
0.9665117446         4909.9116273655      0.3060000000      13.1649559135      1.0252499608      0.0000000000
0.9773677278         4627.9764444525      0.3080000000      13.1625941583      1.0375665700      0.0000000000
0.9882235682         4364.3570469683      0.3100000000      13.1603344208      1.0499025417      0.0000000000
0.9990772349         4117.7509101592      0.3120000000      13.1581681015      1.0622556492      0.0000000000
1.0099267187         3886.9554358722      0.3140000000      13.1560868717      1.0746236767      0.0000000000
1.0207700341         3670.8591722748      0.3160000000      13.1540827672      1.0870044225      0.0000000000
1.0316052204         3468.4347054843      0.3180000000      13.1521481400      1.0993956996      0.0000000000
1.0424303423         3278.7315960559      0.3200000000      13.1502756272      1.1117953373      0.0000000000
1.0532434922         3100.8707774642      0.3220000000      13.1484582313      1.1242011830      0.0000000000
1.0640427898         2934.0383403371      0.3240000000      13.1466892218      1.1366111032      0.0000000000
1.0748263841         2777.4811610106      0.3260000000      13.1449621178      1.1490229842      0.0000000000
1.0855924542         2630.5009445625      0.3280000000      13.1432707925      1.1614347348      0.0000000000
1.0963392096         2492.4511010877      0.3300000000      13.1416092699      1.1738442858      0.0000000000
1.1070648914         2362.7320542800      0.3320000000      13.1399719571      1.1862495922      0.0000000000
1.1177677733         2240.7876082775      0.3340000000      13.1383534542      1.1986486340      0.0000000000
1.1284461617         2126.1019775023      0.3360000000      13.1367486074      1.2110394168      0.0000000000
1.1390983967         2018.1961569251      0.3380000000      13.1351524928      1.2234199734      0.0000000000
1.1497228522         1916.6256689853      0.3400000000      13.1335604527      1.2357883639      0.0000000000
1.1603179371         1820.9773081857      0.3420000000      13.1319679989      1.2481426774      0.0000000000
1.1708820950         1730.8674819206      0.3440000000      13.1303708838      1.2604810314      0.0000000000
1.1814138051         1645.9392034463      0.3460000000      13.1287650550      1.2728015742      0.0000000000
1.1919115832         1565.8608100621      0.3480000000      13.1271466872      1.2851024856      0.0000000000
1.2023739784         1490.3235531044      0.3500000000      13.1255121207      1.2973819731      0.0000000000
1.2127995786         1419.0401401623      0.3520000000      13.1238578891      1.3096382794      0.0000000000
1.2231870078         1351.7428780370      0.3540000000      13.1221807251      1.3218696788      0.0000000000
1.2335349257         1288.1827332093      0.3560000000      13.1204774981      1.3340744776      0.0000000000
1.2438420293         1228.1274618778      0.3580000000      13.1187452755      1.3462510157      0.0000000000
1.2541070519         1171.3605442126      0.3600000000      13.1169812761      1.3583976663      0.0000000000
1.2643287639         1117.6801998224      0.3620000000      13.1151828756      1.3705128367      0.0000000000
1.2745059719         1066.8980569366      0.3640000000      13.1133476101      1.3825949679      0.0000000000
1.2846375194         1018.8383984293      0.3660000000      13.1114731383      1.3946425355      0.0000000000
1.2947222863          973.3371237910      0.3680000000      13.1095572907      1.4066540495      0.0000000000
1.3047591888          930.2409594071      0.3700000000      13.1075980190      1.4186280545      0.0000000000
1.3147471792          889.4067309899      0.3720000000      13.1055933958      1.4305631301      0.0000000000
1.3246852456          850.7005889066      0.3740000000      13.1035416119      1.4424578901      0.0000000000
1.3345724121          813.9973871694      0.3760000000      13.1014410181      1.4543109839      0.0000000000
1.3444077381          779.1800511472      0.3780000000      13.0992900641      1.4661210954      0.0000000000
1.3541903180          746.1390195039      0.3800000000      13.0970872553      1.4778869432      0.0000000000
1.3639192809          714.7717823109      0.3820000000      13.0948313042      1.4896072810      0.0000000000
1.3735937907          684.9822839231      0.3840000000      13.0925209432      1.5012808967      0.0000000000
1.3832130453          656.6805280462      0.3860000000      13.0901550697      1.5129066135      0.0000000000
1.3927762759          629.7822518277      0.3880000000      13.0877326161      1.5244832882      0.0000000000
1.4022827473          604.2083965115      0.3900000000      13.0852526397      1.5360098121      0.0000000000
1.4117317572          579.8848116064      0.3920000000      13.0827142971      1.5474851108      0.0000000000
1.4211226355          556.7419569851      0.3940000000      13.0801167863      1.5589081432      0.0000000000
1.4304547442          534.7145667497      0.3960000000      13.0774594285      1.5702779022      0.0000000000
1.4397274767          513.7413758452      0.3980000000      13.0747416029      1.5815934136      0.0000000000
1.4489402573          493.7648026805      0.4000000000      13.0719627553      1.5928537364      0.0000000000
1.4580925411          474.7307559333      0.4020000000      13.0691224242      1.6040579622      0.0000000000
1.4671838128          456.5884392892      0.4040000000      13.0662202011      1.6152052150      0.0000000000
1.4762135867          439.2900567783      0.4060000000      13.0632557526      1.6262946507      0.0000000000
1.4851814061          422.7906391271      0.4080000000      13.0602287797      1.6373254570      0.0000000000
1.4940868426          407.0479231514      0.4100000000      13.0571390821      1.6482968526      0.0000000000
1.5029294957          392.0220860376      0.4120000000      13.0539864962      1.6592080875      0.0000000000
1.5117089922          377.6756599477      0.4140000000      13.0507709099      1.6700584418      0.0000000000
1.5204249857          363.9733529346      0.4160000000      13.0474922702      1.6808472258      0.0000000000
1.5290771560          350.8819073365      0.4180000000      13.0441505609      1.6915737795      0.0000000000
1.5376652084          338.3699700738      0.4200000000      13.0407458280      1.7022374721      0.0000000000
1.5461888734          326.4080100376      0.4220000000      13.0372781555      1.7128377015      0.0000000000
1.5546479063          314.9681151331      0.4240000000      13.0337476704      1.7233738944      0.0000000000
1.5630420858          304.0240289984      0.4260000000      13.0301545391      1.7338455046      0.0000000000
1.5713712145          293.5509238790      0.4280000000      13.0264989597      1.7442520139      0.0000000000
1.5796351176          283.5253619961      0.4300000000      13.0227811822      1.7545929309      0.0000000000
1.5878336427          273.9252330437      0.4320000000      13.0190014799      1.7648677907      0.0000000000
1.5959666592          264.7296098440      0.4340000000      13.0151601517      1.7750761543      0.0000000000
1.6040340575          255.9187600150      0.4360000000      13.0112575533      1.7852176086      0.0000000000
1.6120357486          247.4740097273      0.4380000000      13.0072940290      1.7952917649      0.0000000000
1.6199716641          239.3776814027      0.4400000000      13.0032699994      1.8052982599      0.0000000000
1.6278417544          231.6130977913      0.4420000000      12.9991858690      1.8152367538      0.0000000000
1.6356459896          224.1644428528      0.4440000000      12.9950420849      1.8251069305      0.0000000000
1.6433843578          217.0167564907      0.4460000000      12.9908391216      1.8349084972      0.0000000000
1.6510568653          210.1558738599      0.4480000000      12.9865774660      1.8446411838      0.0000000000
1.6586635357          203.5683843625      0.4500000000      12.9822576315      1.8543047421      0.0000000000
1.6662044098          197.2415758225      0.4520000000      12.9778801356      1.8638989457      0.0000000000
1.6736795444          191.1634054383      0.4540000000      12.9734455385      1.8734235895      0.0000000000
1.6810890124          185.3224602631      0.4560000000      12.9689544014      1.8828784888      0.0000000000
1.6884329023          179.7079020603      0.4580000000      12.9644072970      1.8922634797      0.0000000000
1.6957113172          174.3094704431      0.4600000000      12.9598048165      1.9015784174      0.0000000000
1.7029243748          169.1174157049      0.4620000000      12.9551475786      1.9108231769      0.0000000000
1.7100722069          164.1224870370      0.4640000000      12.9504361806      1.9199976519      0.0000000000
1.7171549585          159.3159098830      0.4660000000      12.9456712710      1.9291017544      0.0000000000
1.7241727879          154.6893460805      0.4680000000      12.9408534853      1.9381354142      0.0000000000
1.7311258658          150.2348643981      0.4700000000      12.9359834638      1.9470985789      0.0000000000
1.7380143753          145.9449445297      0.4720000000      12.9310618764      1.9559912129      0.0000000000
1.7448385109          141.8124323458      0.4740000000      12.9260893747      1.9648132970      0.0000000000
1.7515984787          137.8305220776      0.4760000000      12.9210666378      1.9735648284      0.0000000000
1.7582944954          133.9927431149      0.4780000000      12.9159943489      1.9822458199      0.0000000000
1.7649267883          130.2929454845      0.4800000000      12.9108731858      1.9908562994      0.0000000000
1.7714955946          126.7252711332      0.4820000000      12.9057038396      1.9993963097      0.0000000000
1.7780011616          123.2841418115      0.4840000000      12.9004870003      2.0078659083      0.0000000000
1.7844437453          119.9642524349      0.4860000000      12.8952233646      2.0162651663      0.0000000000
1.7908236109          116.7605516033      0.4880000000      12.8899136355      2.0245941685      0.0000000000
1.7971410320          113.6682183113      0.4900000000      12.8845585026      2.0328530129      0.0000000000
1.8033962906          110.6826674542      0.4920000000      12.8791586865      2.0410418104      0.0000000000
1.8095896763          107.7995256793      0.4940000000      12.8737148776      2.0491606844      0.0000000000
1.8157214860          105.0146261397      0.4960000000      12.8682277832      2.0572097696      0.0000000000
1.8217920242          102.3239871019      0.4980000000      12.8626981187      2.0651892134      0.0000000000
1.8278016018           99.7238219643      0.5000000000      12.8571265804      2.0730991737      0.0000000000
1.8337505362           97.2105094807      0.5020000000      12.8515138749      2.0809398195      0.0000000000
1.8396391513           94.7805965289      0.5040000000      12.8458607117      2.0887113306      0.0000000000
1.8454677764           92.4307838092      0.5060000000      12.8401677775      2.0964138965      0.0000000000
1.8512367467           90.1579248766      0.5080000000      12.8344357918      2.1040477173      0.0000000000
1.8569464025           87.9590179511      0.5100000000      12.8286654480      2.1116130017      0.0000000000
1.8625970891           85.8311837584      0.5120000000      12.8228574288      2.1191099683      0.0000000000
1.8681891565           83.7716790401      0.5140000000      12.8170124513      2.1265388443      0.0000000000
1.8737229592           81.7778832694      0.5160000000      12.8111311948      2.1338998654      0.0000000000
1.8791988559           79.8472844732      0.5180000000      12.8052143379      2.1411932756      0.0000000000
1.8846172091           77.9774865997      0.5200000000      12.7992625808      2.1484193268      0.0000000000
1.8899783851           76.1661948258      0.5220000000      12.7932765953      2.1555782785      0.0000000000
1.8952827535           74.4112144804      0.5240000000      12.7872570602      2.1626703975      0.0000000000
1.9005306873           72.7104448355      0.5260000000      12.7812046459      2.1696959577      0.0000000000
1.9057225622           71.0618757784      0.5280000000      12.7751200280      2.1766552397      0.0000000000
1.9108587570           69.4635789445      0.5300000000      12.7690038531      2.1835485307      0.0000000000
1.9159396529           67.9137161333      0.5320000000      12.7628567914      2.1903761240      0.0000000000
1.9209656332           66.4105171332      0.5340000000      12.7566795097      2.1971383190      0.0000000000
1.9259370837           64.9522924861      0.5360000000      12.7504726245      2.2038354205      0.0000000000
1.9308543920           63.5374203066      0.5380000000      12.7442368091      2.2104677390      0.0000000000
1.9357179474           62.1643482891      0.5400000000      12.7379726783      2.2170355901      0.0000000000
1.9405281409           60.8315831642      0.5420000000      12.7316808871      2.2235392945      0.0000000000
1.9452853648           59.5376996635      0.5440000000      12.7253620458      2.2299791774      0.0000000000
1.9499900125           58.2813264619      0.5460000000      12.7190167821      2.2363555687      0.0000000000
1.9546424789           57.0611476716      0.5480000000      12.7126457132      2.2426688025      0.0000000000
1.9592431593           55.8759029208      0.5500000000      12.7062494460      2.2489192169      0.0000000000
1.9637924501           54.7243808700      0.5520000000      12.6998285829      2.2551071539      0.0000000000
1.9682907480           53.6054203569      0.5540000000      12.6933837229      2.2612329593      0.0000000000
1.9727384504           52.5179040920      0.5560000000      12.6869154626      2.2672969820      0.0000000000
1.9771359550           51.4607607347      0.5580000000      12.6804243850      2.2732995745      0.0000000000
1.9814836609           50.4329603307      0.5600000000      12.6739110627      2.2792410941      0.0000000000
1.9857819632           49.4335162549      0.5620000000      12.6673760710      2.2851218953      0.0000000000
1.9900312610           48.4614732740      0.5640000000      12.6608199909      2.2909423408      0.0000000000
1.9942319520           47.5159221527      0.5660000000      12.6542433602      2.2967027943      0.0000000000
1.9983844333           46.5959815639      0.5680000000      12.6476467522      2.3024036216      0.0000000000
2.0024891019           45.7008093837      0.5700000000      12.6410307048      2.3080451906      0.0000000000
2.0065463540           44.8295890066      0.5720000000      12.6343957597      2.3136278715      0.0000000000
2.0105565854           43.9815429160      0.5740000000      12.6277424571      2.3191520363      0.0000000000
2.0145201910           43.1559179758      0.5760000000      12.6210713174      2.3246180583      0.0000000000
2.0184375647           42.3519909539      0.5780000000      12.6143828699      2.3300263130      0.0000000000
2.0223091000           41.5690646361      0.5800000000      12.6076776273      2.3353771769      0.0000000000
2.0261351888           40.8064687394      0.5820000000      12.6009560997      2.3406710279      0.0000000000
2.0299162224           40.0635573881      0.5840000000      12.5942187916      2.3459082450      0.0000000000
2.0336525906           39.3397089011      0.5860000000      12.5874662004      2.3510892085      0.0000000000
2.0373446820           38.6343250589      0.5880000000      12.5806988104      2.3562142990      0.0000000000
2.0409928839           37.9468287864      0.5900000000      12.5739171146      2.3612838983      0.0000000000
2.0445975822           37.2766629881      0.5920000000      12.5671215736      2.3662983889      0.0000000000
2.0481591615           36.6232930851      0.5940000000      12.5603126734      2.3712581537      0.0000000000
2.0516780045           35.9862014048      0.5960000000      12.5534908801      2.3761635758      0.0000000000
2.0551544926           35.3648904335      0.5980000000      12.5466566391      2.3810150388      0.0000000000
2.0585890055           34.7588793326      0.6000000000      12.5398104182      2.3858129268      0.0000000000
2.0619819210           34.1677061702      0.6020000000      12.5329526479      2.3905576234      0.0000000000
2.0653336154           33.5909217228      0.6040000000      12.5260837845      2.3952495129      0.0000000000
2.0686444629           33.0280970526      0.6060000000      12.5192042503      2.3998889785      0.0000000000
2.0719148362           32.4788157849      0.6080000000      12.5123144727      2.4044764044      0.0000000000
2.0751451057           31.9426739830      0.6100000000      12.5054148807      2.4090121738      0.0000000000
2.0783356400           31.4192876402      0.6120000000      12.4985058820      2.4134966694      0.0000000000
2.0814868058           30.9082799251      0.6140000000      12.4915878922      2.4179302742      0.0000000000
2.0845989677           30.4092899918      0.6160000000      12.4846613113      2.4223133700      0.0000000000
2.0876724881           29.9219689439      0.6180000000      12.4777265393      2.4266463382      0.0000000000
2.0907077274           29.4459793882      0.6200000000      12.4707839676      2.4309295595      0.0000000000
2.0937050439           28.9809955691      0.6220000000      12.4638339803      2.4351634139      0.0000000000
2.0966647937           28.5267028883      0.6240000000      12.4568769594      2.4393482808      0.0000000000
2.0995873305           28.0827970901      0.6260000000      12.4499132824      2.4434845381      0.0000000000
2.1024730061           27.6489829144      0.6280000000      12.4429433133      2.4475725635      0.0000000000
2.1053221698           27.2249784342      0.6300000000      12.4359674108      2.4516127330      0.0000000000
2.1081351687           26.8105056844      0.6320000000      12.4289859478      2.4556054220      0.0000000000
2.1109123476           26.4053008450      0.6340000000      12.4219992677      2.4595510048      0.0000000000
2.1136540490           26.0091064913      0.6360000000      12.4150077105      2.4634498539      0.0000000000
2.1163606131           25.6216731144      0.6380000000      12.4080116358      2.4673023415      0.0000000000
2.1190323775           25.2427604308      0.6400000000      12.4010113592      2.4711088376      0.0000000000
2.1216696778           24.8721352611      0.6420000000      12.3940072281      2.4748697114      0.0000000000
2.1242728468           24.5095727633      0.6440000000      12.3869995533      2.4785853305      0.0000000000
2.1268422152           24.1548533703      0.6460000000      12.3799886714      2.4822560613      0.0000000000
2.1293781113           23.8077674010      0.6480000000      12.3729748892      2.4858822684      0.0000000000
2.1318808606           23.4681093802      0.6500000000      12.3659585096      2.4894643151      0.0000000000
2.1343507868           23.1356806465      0.6520000000      12.3589398530      2.4930025634      0.0000000000
2.1367882105           22.8102908544      0.6540000000      12.3519192087      2.4964973729      0.0000000000
2.1391934502           22.4917527056      0.6560000000      12.3448968773      2.4999491024      0.0000000000
2.1415668220           22.1798868912      0.6580000000      12.3378731471      2.5033581087      0.0000000000
2.1439086393           21.8745185185      0.6600000000      12.3308483042      2.5067247468      0.0000000000
2.1462192132           21.5754784981      0.6620000000      12.3238226310      2.5100493702      0.0000000000
2.1484988524           21.2826027191      0.6640000000      12.3167964018      2.5133323305      0.0000000000
2.1507478629           20.9957324657      0.6660000000      12.3097698878      2.5165739777      0.0000000000
2.1529665485           20.7147136852      0.6680000000      12.3027433566      2.5197746598      0.0000000000
2.1551552102           20.4393967530      0.6700000000      12.2957170733      2.5229347227      0.0000000000
2.1573141468           20.1696370353      0.6720000000      12.2886912974      2.5260545113      0.0000000000
2.1594436547           19.9052937310      0.6740000000      12.2816662782      2.5291343677      0.0000000000
2.1615440274           19.6462308768      0.6760000000      12.2746422681      2.5321746326      0.0000000000
2.1636155565           19.3923155321      0.6780000000      12.2676195094      2.5351756446      0.0000000000
2.1656585308           19.1434202688      0.6800000000      12.2605982431      2.5381377405      0.0000000000
2.1676732365           18.8994196442      0.6820000000      12.2535787097      2.5410612548      0.0000000000
2.1696599580           18.6601930748      0.6840000000      12.2465611402      2.5439465209      0.0000000000
2.1716189764           18.4256232917      0.6860000000      12.2395457600      2.5467938689      0.0000000000
2.1735505710           18.1955962865      0.6880000000      12.2325328010      2.5496036278      0.0000000000
2.1754550184           17.9700014102      0.6900000000      12.2255224724      2.5523761246      0.0000000000
2.1773325929           17.7487310581      0.6920000000      12.2185150047      2.5551116838      0.0000000000
2.1791835662           17.5316810672      0.6940000000      12.2115105960      2.5578106281      0.0000000000
2.1810082079           17.3187498588      0.6960000000      12.2045094686      2.5604732783      0.0000000000
2.1828067849           17.1098393833      0.6980000000      12.1975118196      2.5630999529      0.0000000000
2.1845795618           16.9048533527      0.7000000000      12.1905178530      2.5656909683      0.0000000000
2.1863268008           16.7036993003      0.7020000000      12.1835277659      2.5682466390      0.0000000000
2.1880487620           16.5062868131      0.7040000000      12.1765417541      2.5707672773      0.0000000000
2.1897457028           16.3125275349      0.7060000000      12.1695600037      2.5732531936      0.0000000000
2.1914178783           16.1223368480      0.7080000000      12.1625827084      2.5757046960      0.0000000000
2.1930655415           15.9356312065      0.7100000000      12.1556100474      2.5781220904      0.0000000000
2.1946889429           15.7523302214      0.7120000000      12.1486422049      2.5805056810      0.0000000000
2.1962883306           15.5723553354      0.7140000000      12.1416793545      2.5828557693      0.0000000000
2.1978639505           15.3956300653      0.7160000000      12.1347216654      2.5851726554      0.0000000000
2.1994160465           15.2220802235      0.7180000000      12.1277693159      2.5874566368      0.0000000000
2.2009448596           15.0516336899      0.7200000000      12.1208224707      2.5897080089      0.0000000000
2.2024506291           14.8842201891      0.7220000000      12.1138812932      2.5919270650      0.0000000000
2.2039335918           14.7197713571      0.7240000000      12.1069459445      2.5941140966      0.0000000000
2.2053939824           14.5582206834      0.7260000000      12.1000165828      2.5962693929      0.0000000000
2.2068320331           14.3995034165      0.7280000000      12.0930933623      2.5983932405      0.0000000000
2.2082479742           14.2435563618      0.7300000000      12.0861764312      2.6004859249      0.0000000000
2.2096420338           14.0903183094      0.7320000000      12.0792659415      2.6025477285      0.0000000000
2.2110144376           13.9397296420      0.7340000000      12.0723620400      2.6045789324      0.0000000000
2.2123654091           13.7917320936      0.7360000000      12.0654648678      2.6065798148      0.0000000000
2.2136951701           13.6462690763      0.7380000000      12.0585745660      2.6085506524      0.0000000000
2.2150039398           13.5032854880      0.7400000000      12.0516912727      2.6104917196      0.0000000000
2.2162919356           13.3627274254      0.7420000000      12.0448151177      2.6124032887      0.0000000000
2.2175593725           13.2245427533      0.7440000000      12.0379462382      2.6142856300      0.0000000000
2.2188064636           13.0886806025      0.7460000000      12.0310847655      2.6161390115      0.0000000000
2.2200334200           12.9550908522      0.7480000000      12.0242308138      2.6179636996      0.0000000000
2.2212404504           12.8237256113      0.7500000000      12.0173845196      2.6197599578      0.0000000000
2.2224277620           12.6945375419      0.7520000000      12.0105460014      2.6215280484      0.0000000000
2.2235955594           12.5674805260      0.7540000000      12.0037153749      2.6232682311      0.0000000000
2.2247440456           12.4425101104      0.7560000000      11.9968927613      2.6249807639      0.0000000000
2.2258734214           12.3195822190      0.7580000000      11.9900782675      2.6266659024      0.0000000000
2.2269838857           12.1986547291      0.7600000000      11.9832720135      2.6283239004      0.0000000000
2.2280756354           12.0796856845      0.7620000000      11.9764741005      2.6299550097      0.0000000000
2.2291488655           11.9626349588      0.7640000000      11.9696846420      2.6315594796      0.0000000000
2.2302037690           11.8474628702      0.7660000000      11.9629037385      2.6331375583      0.0000000000
2.2312405370           11.7341310566      0.7680000000      11.9561314938      2.6346894913      0.0000000000
2.2322593587           11.6226018360      0.7700000000      11.9493680144      2.6362155222      0.0000000000
2.2332604215           11.5128386159      0.7720000000      11.9426133833      2.6377158925      0.0000000000
2.2342439108           11.4048058196      0.7740000000      11.9358677085      2.6391908422      0.0000000000
2.2352100102           11.2984684005      0.7760000000      11.9291310848      2.6406406090      0.0000000000
2.2361589015           11.1937923100      0.7780000000      11.9224035934      2.6420654285      0.0000000000
2.2370907645           11.0907445653      0.7800000000      11.9156853311      2.6434655346      0.0000000000
2.2380057777           10.9892924821      0.7820000000      11.9089763871      2.6448411593      0.0000000000
2.2389041170           10.8894046630      0.7840000000      11.9022768452      2.6461925324      0.0000000000
2.2397859571           10.7910501897      0.7860000000      11.8955867876      2.6475198820      0.0000000000
2.2406514710           10.6941986810      0.7880000000      11.8889062926      2.6488234343      0.0000000000
2.2415008295           10.5988210529      0.7900000000      11.8822354454      2.6501034134      0.0000000000
2.2423342021           10.5048884370      0.7920000000      11.8755743252      2.6513600416      0.0000000000
2.2431517563           10.4123727170      0.7940000000      11.8689230054      2.6525935396      0.0000000000
2.2439536582           10.3212464864      0.7960000000      11.8622815597      2.6538041258      0.0000000000
2.2447400718           10.2314830639      0.7980000000      11.8556500617      2.6549920169      0.0000000000
2.2455111598           10.1430562961      0.8000000000      11.8490285820      2.6561574279      0.0000000000
2.2462670831           10.0559406235      0.8020000000      11.8424171898      2.6573005719      0.0000000000
2.2470080010            9.9701110930      0.8040000000      11.8358159525      2.6584216599      0.0000000000
2.2477340711            9.8855433254      0.8060000000      11.8292249360      2.6595209016      0.0000000000
2.2484454495            9.8022135133      0.8080000000      11.8226442042      2.6605985044      0.0000000000
2.2491422906            9.7200983864      0.8100000000      11.8160738202      2.6616546743      0.0000000000
2.2498247473            9.6391751735      0.8120000000      11.8095138424      2.6626896152      0.0000000000
2.2504929709            9.5594216802      0.8140000000      11.8029643322      2.6637035294      0.0000000000
2.2511471113            9.4808161839      0.8160000000      11.7964253478      2.6646966177      0.0000000000
2.2517873165            9.4033372707      0.8180000000      11.7898969510      2.6656690785      0.0000000000
2.2524137335            9.3269643452      0.8200000000      11.7833791827      2.6666211092      0.0000000000
2.2530265072            9.2516771402      0.8220000000      11.7768721041      2.6675529048      0.0000000000
2.2536257815            9.1774556330      0.8240000000      11.7703757702      2.6684646592      0.0000000000
2.2542116987            9.1042806406      0.8260000000      11.7638902265      2.6693565643      0.0000000000
2.2547843994            9.0321329094      0.8280000000      11.7574155287      2.6702288103      0.0000000000
2.2553440230            8.9609939904      0.8300000000      11.7509517138      2.6710815857      0.0000000000
2.2558907076            8.8908457676      0.8320000000      11.7444988370      2.6719150776      0.0000000000
2.2564245895            8.8216705372      0.8340000000      11.7380569407      2.6727294711      0.0000000000
2.2569458039            8.7534505459      0.8360000000      11.7316260695      2.6735249501      0.0000000000
2.2574544843            8.6861692433      0.8380000000      11.7252062629      2.6743016963      0.0000000000
2.2579507632            8.6198098482      0.8400000000      11.7187975667      2.6750598903      0.0000000000
2.2584347715            8.5543557677      0.8420000000      11.7124000170      2.6757997109      0.0000000000
2.2589066388            8.4897914970      0.8440000000      11.7060136541      2.6765213351      0.0000000000
2.2593664933            8.4261012993      0.8460000000      11.6996385167      2.6772249387      0.0000000000
2.2598144621            8.3632698352      0.8480000000      11.6932746387      2.6779106959      0.0000000000
2.2602506707            8.3012823105      0.8500000000      11.6869220603      2.6785787791      0.0000000000
2.2606752434            8.2401238142      0.8520000000      11.6805808074      2.6792293590      0.0000000000
2.2610883033            8.1797804360      0.8540000000      11.6742509205      2.6798626055      0.0000000000
2.2614899723            8.1202377254      0.8560000000      11.6679324272      2.6804786863      0.0000000000
2.2618803707            8.0614824396      0.8580000000      11.6616253614      2.6810777677      0.0000000000
2.2622596179            8.0035006385      0.8600000000      11.6553297497      2.6816600148      0.0000000000
2.2626278320            7.9462796389      0.8620000000      11.6490456241      2.6822255911      0.0000000000
2.2629851297            7.8898061371      0.8640000000      11.6427730074      2.6827746584      0.0000000000
2.2633316267            7.8340678895      0.8660000000      11.6365119310      2.6833073773      0.0000000000
2.2636674374            7.7790522183      0.8680000000      11.6302624199      2.6838239070      0.0000000000
2.2639926748            7.7247471263      0.8700000000      11.6240244984      2.6843244047      0.0000000000
2.2643074513            7.6711409478      0.8720000000      11.6177981923      2.6848090271      0.0000000000
2.2646118777            7.6182216964      0.8740000000      11.6115835158      2.6852779288      0.0000000000
2.2649060637            7.5659783146      0.8760000000      11.6053804985      2.6857312632      0.0000000000
2.2651901180            7.5143994760      0.8780000000      11.5991891661      2.6861691822      0.0000000000
2.2654641479            7.4634741787      0.8800000000      11.5930095248      2.6865918364      0.0000000000
2.2657282600            7.4131919441      0.8820000000      11.5868416027      2.6869993753      0.0000000000
2.2659825594            7.3635420917      0.8840000000      11.5806854216      2.6873919465      0.0000000000
2.2662271504            7.3145144074      0.8860000000      11.5745409888      2.6877696969      0.0000000000
2.2664621361            7.2660986613      0.8880000000      11.5684083302      2.6881327714      0.0000000000
2.2666876185            7.2182853027      0.8900000000      11.5622874537      2.6884813140      0.0000000000
2.2669036986            7.1710642654      0.8920000000      11.5561783850      2.6888154675      0.0000000000
2.2671104764            7.1244263130      0.8940000000      11.5500811267      2.6891353728      0.0000000000
2.2673080507            7.0783618614      0.8960000000      11.5439956988      2.6894411701      0.0000000000
2.2674965195            7.0328620811      0.8980000000      11.5379221124      2.6897329981      0.0000000000
2.2676759795            6.9879178827      0.9000000000      11.5318603777      2.6900109942      0.0000000000
2.2678465267            6.9435204024      0.9020000000      11.5258105124      2.6902752947      0.0000000000
2.2680082559            6.8996611693      0.9040000000      11.5197725220      2.6905260345      0.0000000000
2.2681612610            6.8563316777      0.9060000000      11.5137464133      2.6907633471      0.0000000000
2.2683056351            6.8135235138      0.9080000000      11.5077321998      2.6909873654      0.0000000000
2.2684414701            6.7712287010      0.9100000000      11.5017298905      2.6911982207      0.0000000000
2.2685688565            6.7294392886      0.9120000000      11.4957394895      2.6913960420      0.0000000000
2.2686878850            6.6881474492      0.9140000000      11.4897610061      2.6915809593      0.0000000000
2.2687986446            6.6473454723      0.9160000000      11.4837944475      2.6917531003      0.0000000000
2.2689012232            6.6070257554      0.9180000000      11.4778398180      2.6919125907      0.0000000000
2.2689957085            6.5671809657      0.9200000000      11.4718971241      2.6920595565      0.0000000000
2.2690821867            6.5278038778      0.9220000000      11.4659663697      2.6921941218      0.0000000000
2.2691607432            6.4888873776      0.9240000000      11.4600475580      2.6923164094      0.0000000000
2.2692314629            6.4504244834      0.9260000000      11.4541406929      2.6924265414      0.0000000000
2.2692944293            6.4124083441      0.9280000000      11.4482457772      2.6925246386      0.0000000000
2.2693497254            6.3748322373      0.9300000000      11.4423628132      2.6926108207      0.0000000000
2.2693974332            6.3376895558      0.9320000000      11.4364918022      2.6926852061      0.0000000000
2.2694376339            6.3009738208      0.9340000000      11.4306327449      2.6927479127      0.0000000000
2.2694704078            6.2646786615      0.9360000000      11.4247856424      2.6927990565      0.0000000000
2.2694958343            6.2287978100      0.9380000000      11.4189504957      2.6928387528      0.0000000000
2.2695139924            6.1933251752      0.9400000000      11.4131273037      2.6928671162      0.0000000000
2.2695249598            6.1582547847      0.9420000000      11.4073160655      2.6928842598      0.0000000000
2.2695288135            6.1235807040      0.9440000000      11.4015167789      2.6928902955      0.0000000000
2.2695256299            6.0892970830      0.9460000000      11.3957294376      2.6928853348      0.0000000000
2.2695154845            6.0553982052      0.9480000000      11.3899540453      2.6928694876      0.0000000000
2.2694984519            6.0218785411      0.9500000000      11.3841905975      2.6928428630      0.0000000000
2.2694746061            5.9887326049      0.9520000000      11.3784390896      2.6928055692      0.0000000000
2.2694440204            5.9559549161      0.9540000000      11.3726995198      2.6927577131      0.0000000000
2.2694067671            5.9235401976      0.9560000000      11.3669718858      2.6926994008      0.0000000000
2.2693629181            5.8914832975      0.9580000000      11.3612561744      2.6926307376      0.0000000000
2.2693125440            5.8597790268      0.9600000000      11.3555523852      2.6925518274      0.0000000000
2.2692557153            5.8284224257      0.9620000000      11.3498605139      2.6924627736      0.0000000000
2.2691925014            5.7974085248      0.9640000000      11.3441805528      2.6923636781      0.0000000000
2.2691229713            5.7667324003      0.9660000000      11.3385125020      2.6922546427      0.0000000000
2.2690471926            5.7363894068      0.9680000000      11.3328563391      2.6921357670      0.0000000000
2.2689652331            5.7063747707      0.9700000000      11.3272120707      2.6920071510      0.0000000000
2.2688771593            5.6766839842      0.9720000000      11.3215796829      2.6918688927      0.0000000000
2.2687830374            5.6473123433      0.9740000000      11.3159591746      2.6917210902      0.0000000000
2.2686829324            5.6182555861      0.9760000000      11.3103505260      2.6915638397      0.0000000000
2.2685769094            5.5895092888      0.9780000000      11.3047537362      2.6913972374      0.0000000000
2.2684650320            5.5610690578      0.9800000000      11.2991688007      2.6912213776      0.0000000000
2.2683473637            5.5329308157      0.9820000000      11.2935956945      2.6910363549      0.0000000000
2.2682239672            5.5050903193      0.9840000000      11.2880344209      2.6908422621      0.0000000000
2.2680949046            5.4775434983      0.9860000000      11.2824849711      2.6906391915      0.0000000000
2.2679602372            5.4502863839      0.9880000000      11.2769473209      2.6904272344      0.0000000000
2.2678200259            5.4233150038      0.9900000000      11.2714214716      2.6902064818      0.0000000000
2.2676743308            5.3966254004      0.9920000000      11.2659074135      2.6899770230      0.0000000000
2.2675232114            5.3702139300      0.9940000000      11.2604051245      2.6897389471      0.0000000000
2.2673667267            5.3440767937      0.9960000000      11.2549145993      2.6894923418      0.0000000000
2.2672049351            5.3182101226      0.9980000000      11.2494358273      2.6892372948      0.0000000000
2.2670378943            5.2926105041      1.0000000000      11.2439687932      2.6889738924      0.0000000000
2.2668656614            5.2672742518      1.0020000000      11.2385134893      2.6887022203      0.0000000000
2.2666882930            5.2421979783      1.0040000000      11.2330698933      2.6884223630      0.0000000000
2.2665058452            5.2173781820      1.0060000000      11.2276380030      2.6881344049      0.0000000000
2.2663183733            5.1928113868      1.0080000000      11.2222177946      2.6878384293      0.0000000000
2.2661259323            5.1684943902      1.0100000000      11.2168092618      2.6875345185      0.0000000000
2.2659285763            5.1444237257      1.0120000000      11.2114123889      2.6872227544      0.0000000000
2.2657263592            5.1205963785      1.0140000000      11.2060271607      2.6869032178      0.0000000000
2.2655193342            5.0970089626      1.0160000000      11.2006535650      2.6865759891      0.0000000000
2.2653075539            5.0736585694      1.0180000000      11.1952915841      2.6862411477      0.0000000000
2.2650910705            5.0505419092      1.0200000000      11.1899412065      2.6858987726      0.0000000000
2.2648699356            5.0276561718      1.0220000000      11.1846024138      2.6855489415      0.0000000000
2.2646442001            5.0049981564      1.0240000000      11.1792751927      2.6851917315      0.0000000000
2.2644139148            4.9825651724      1.0260000000      11.1739595272      2.6848272198      0.0000000000
2.2641791297            4.9603540609      1.0280000000      11.1686554019      2.6844554821      0.0000000000
2.2639398941            4.9383622252      1.0300000000      11.1633628009      2.6840765930      0.0000000000
2.2636962573            4.9165866961      1.0320000000      11.1580817050      2.6836906276      0.0000000000
2.2634482677            4.8950248442      1.0340000000      11.1528121030      2.6832976593      0.0000000000
2.2631959736            4.8736739481      1.0360000000      11.1475539737      2.6828977618      0.0000000000
2.2629394221            4.8525312964      1.0380000000      11.1423073036      2.6824910065      0.0000000000
2.2626786607            4.8315944154      1.0400000000      11.1370720736      2.6820774661      0.0000000000
2.2624137358            4.8108604605      1.0420000000      11.1318482683      2.6816572113      0.0000000000
2.2621446937            4.7903270765      1.0440000000      11.1266358701      2.6812303126      0.0000000000
2.2618715797            4.7699916987      1.0460000000      11.1214348590      2.6807968394      0.0000000000
2.2615944393            4.7498518883      1.0480000000      11.1162452211      2.6803568612      0.0000000000
2.2613133174            4.7299053573      1.0500000000      11.1110669371      2.6799104466      0.0000000000
2.2610282580            4.7101493871      1.0520000000      11.1058999863      2.6794576632      0.0000000000
2.2607393050            4.6905818613      1.0540000000      11.1007443557      2.6789985782      0.0000000000
2.2604465018            4.6712005814      1.0560000000      11.0956000234      2.6785332582      0.0000000000
2.2601498916            4.6520029374      1.0580000000      11.0904669706      2.6780617695      0.0000000000
2.2598495167            4.6329868870      1.0600000000      11.0853451821      2.6775841771      0.0000000000
2.2595454193            4.6141503364      1.0620000000      11.0802346370      2.6771005460      0.0000000000
2.2592376411            4.5954907934      1.0640000000      11.0751353138      2.6766109402      0.0000000000
2.2589262233            4.5770063131      1.0660000000      11.0700471992      2.6761154233      0.0000000000
2.2586112069            4.5586949100      1.0680000000      11.0649702688      2.6756140584      0.0000000000
2.2582926322            4.5405541797      1.0700000000      11.0599045065      2.6751069078      0.0000000000
2.2579705393            4.5225823005      1.0720000000      11.0548498934      2.6745940334      0.0000000000
2.2576449678            4.5047772228      1.0740000000      11.0498064059      2.6740754962      0.0000000000
2.2573159569            4.4871369685      1.0760000000      11.0447740301      2.6735513573      0.0000000000
2.2569835457            4.4696594328      1.0780000000      11.0397527397      2.6730216768      0.0000000000
2.2566477724            4.4523428515      1.0800000000      11.0347425213      2.6724865138      0.0000000000
2.2563086751            4.4351853201      1.0820000000      11.0297433491      2.6719459276      0.0000000000
2.2559662916            4.4181849060      1.0840000000      11.0247552099      2.6713999768      0.0000000000
2.2556206591            4.4013396851      1.0860000000      11.0197780744      2.6708487191      0.0000000000
2.2552718147            4.3846479764      1.0880000000      11.0148119312      2.6702922122      0.0000000000
2.2549197948            4.3681079490      1.0900000000      11.0098567535      2.6697305126      0.0000000000
2.2545646358            4.3517178763      1.0920000000      11.0049125250      2.6691636770      0.0000000000
2.2542063733            4.3354758724      1.0940000000      10.9999792239      2.6685917609      0.0000000000
2.2538450430            4.3193803397      1.0960000000      10.9950568269      2.6680148200      0.0000000000
2.2534806800            4.3034295542      1.0980000000      10.9901453191      2.6674329088      0.0000000000
2.2531133189            4.2876218979      1.1000000000      10.9852446720      2.6668460814      0.0000000000
2.2527429944            4.2719557272      1.1020000000      10.9803548699      2.6662543920      0.0000000000
2.2523697405            4.2564293043      1.1040000000      10.9754758949      2.6656578937      0.0000000000
2.2519935908            4.2410411222      1.1060000000      10.9706077150      2.6650566392      0.0000000000
2.2516145789            4.2257896210      1.1080000000      10.9657503182      2.6644506811      0.0000000000
2.2512327380            4.2106731975      1.1100000000      10.9609036833      2.6638400713      0.0000000000
2.2508481005            4.1956904068      1.1120000000      10.9560677829      2.6632248606      0.0000000000
2.2504606991            4.1808397083      1.1140000000      10.9512425992      2.6626051002      0.0000000000
2.2500705659            4.1661195632      1.1160000000      10.9464281136      2.6619808408      0.0000000000
2.2496777327            4.1515285179      1.1180000000      10.9416243030      2.6613521320      0.0000000000
2.2492822308            4.1370651772      1.1200000000      10.9368311403      2.6607190232      0.0000000000
2.2488840916            4.1227280812      1.1220000000      10.9320486083      2.6600815637      0.0000000000
2.2484833457            4.1085158346      1.1240000000      10.9272766868      2.6594398019      0.0000000000
2.2480800239            4.0944270381      1.1260000000      10.9225153536      2.6587937861      0.0000000000
2.2476741564            4.0804603710      1.1280000000      10.9177645855      2.6581435640      0.0000000000
2.2472657731            4.0666144766      1.1300000000      10.9130243587      2.6574891826      0.0000000000
2.2468549035            4.0528880030      1.1320000000      10.9082946541      2.6568306888      0.0000000000
2.2464415773            4.0392796467      1.1340000000      10.9035754502      2.6561681293      0.0000000000
2.2460258233            4.0257880796      1.1360000000      10.8988667249      2.6555015496      0.0000000000
2.2456076703            4.0124120707      1.1380000000      10.8941684559      2.6548309955      0.0000000000
2.2451871470            3.9991503572      1.1400000000      10.8894806207      2.6541565120      0.0000000000
2.2447642814            3.9860017096      1.1420000000      10.8848031969      2.6534781440      0.0000000000
2.2443391016            3.9729648965      1.1440000000      10.8801361628      2.6527959356      0.0000000000
2.2439116352            3.9600387144      1.1460000000      10.8754794948      2.6521099308      0.0000000000
2.2434819096            3.9472219513      1.1480000000      10.8708331720      2.6514201729      0.0000000000
2.2430499518            3.9345134495      1.1500000000      10.8661971725      2.6507267053      0.0000000000
2.2426157888            3.9219120517      1.1520000000      10.8615714736      2.6500295702      0.0000000000
2.2421794472            3.9094166151      1.1540000000      10.8569560533      2.6493288103      0.0000000000
2.2417409532            3.8970260154      1.1560000000      10.8523508892      2.6486244673      0.0000000000
2.2413003331            3.8847391383      1.1580000000      10.8477559595      2.6479165831      0.0000000000
2.2408576126            3.8725548867      1.1600000000      10.8431712413      2.6472051985      0.0000000000
2.2404128172            3.8604721777      1.1620000000      10.8385967123      2.6464903542      0.0000000000
2.2399659722            3.8484899428      1.1640000000      10.8340323502      2.6457720908      0.0000000000
2.2395171027            3.8366071280      1.1660000000      10.8294781324      2.6450504481      0.0000000000
2.2390662336            3.8248226928      1.1680000000      10.8249340367      2.6443254661      0.0000000000
2.2386133892            3.8131355973      1.1700000000      10.8204000403      2.6435971833      0.0000000000
2.2381585942            3.8015448420      1.1720000000      10.8158761196      2.6428656395      0.0000000000
2.2377018724            3.7900494281      1.1740000000      10.8113622534      2.6421308730      0.0000000000
2.2372432481            3.7786483679      1.1760000000      10.8068584198      2.6413929222      0.0000000000
2.2367827443            3.7673406862      1.1780000000      10.8023645949      2.6406518244      0.0000000000
2.2363203848            3.7561254329      1.1800000000      10.7978807570      2.6399076176      0.0000000000
2.2358561927            3.7450016509      1.1820000000      10.7934068837      2.6391603389      0.0000000000
2.2353901909            3.7339684037      1.1840000000      10.7889429521      2.6384100249      0.0000000000
2.2349224021            3.7230247318      1.1860000000      10.7844889418      2.6376567123      0.0000000000
2.2344528487            3.7121697436      1.1880000000      10.7800448283      2.6369004372      0.0000000000
2.2339815533            3.7014025489      1.1900000000      10.7756105885      2.6361412355      0.0000000000
2.2335085376            3.6907222714      1.1920000000      10.7711862006      2.6353791426      0.0000000000
2.2330338237            3.6801280517      1.1940000000      10.7667716411      2.6346141939      0.0000000000
2.2325574330            3.6696189977      1.1960000000      10.7623668890      2.6338464241      0.0000000000
2.2320793871            3.6591942128      1.1980000000      10.7579719228      2.6330758676      0.0000000000
2.2315997071            3.6488528649      1.2000000000      10.7535867147      2.6323025588      0.0000000000
