# M(M_sol)                 Lambda          n_Bc(fm^-3)         R(km)            m_B(M_sol)        m_Bquar/M_B
0.1529383118     46770091.6353177130      0.0900000000      23.7424863532      0.1531831814      0.0000000000
0.1581304736     39926515.1350082383      0.0920000000      22.9247834572      0.1584486994      0.0000000000
0.1633368165     34309306.0518955067      0.0940000000      22.2125845061      0.1637324436      0.0000000000
0.1685592268     29648821.8380153328      0.0960000000      21.5865105360      0.1690363313      0.0000000000
0.1738001129     25746781.3041738980      0.0980000000      21.0316197868      0.1743628205      0.0000000000
0.1790623085     22454084.5372173674      0.1000000000      20.5362134452      0.1797148115      0.0000000000
0.1843489903     19656523.7289018147      0.1020000000      20.0910077351      0.1850955657      0.0000000000
0.1896636182     17265257.0347994342      0.1040000000      19.6885451642      0.1905086440      0.0000000000
0.1950098788     15210258.4257262032      0.1060000000      19.3227711035      0.1959578513      0.0000000000
0.2003916495     13435713.1131973341      0.1080000000      18.9887221595      0.2014471993      0.0000000000
0.2058129610     11896677.8847723138      0.1100000000      18.6822931929      0.2069808699      0.0000000000
0.2112779684     10556639.7624163982      0.1120000000      18.4000620304      0.2125631854      0.0000000000
0.2167441174      9394952.0709722135      0.1140000000      18.1412755927      0.2181507184      0.0000000000
0.2221509380      8394453.9151639026      0.1160000000      17.9056757824      0.2236815847      0.0000000000
0.2275533563      7520188.5225184830      0.1180000000      17.6881846004      0.2292118954      0.0000000000
0.2329700033      6751151.5494396677      0.1200000000      17.4861231076      0.2347607294      0.0000000000
0.2384127167      6071442.6796463691      0.1220000000      17.2975190634      0.2403402540      0.0000000000
0.2438908067      5468366.9217353985      0.1240000000      17.1208009016      0.2459600784      0.0000000000
0.2494123043      4931534.4800593620      0.1260000000      16.9546736065      0.2516285262      0.0000000000
0.2549844809      4452325.4849229781      0.1280000000      16.7980524650      0.2573531657      0.0000000000
0.2606141007      4023503.3822221397      0.1300000000      16.6500168318      0.2631410666      0.0000000000
0.2663075618      3638945.7180390749      0.1320000000      16.5097791425      0.2689989438      0.0000000000
0.2720709791      3293430.6192340045      0.1340000000      16.3766603366      0.2749332423      0.0000000000
0.2779102366      2982481.4096620921      0.1360000000      16.2500728149      0.2809501901      0.0000000000
0.2838310197      2702233.0652668276      0.1380000000      16.1295042343      0.2870558315      0.0000000000
0.2898388361      2449334.5555399060      0.1400000000      16.0145071276      0.2932560484      0.0000000000
0.2959390327      2220865.5523137911      0.1420000000      15.9046886686      0.2995565779      0.0000000000
0.3021367960      2014269.8662286773      0.1440000000      15.7997025448      0.3059630122      0.0000000000
0.3084371660      1827301.0602522606      0.1460000000      15.6992429012      0.3124808138      0.0000000000
0.3148450348      1657977.0694025459      0.1480000000      15.6030383805      0.3191153133      0.0000000000
0.3213651421      1504543.6079343169      0.1500000000      15.5108473616      0.3258717054      0.0000000000
0.3280020793      1365442.5286622832      0.1520000000      15.4224544707      0.3327550531      0.0000000000
0.3347602858      1239285.4329680842      0.1540000000      15.3376666189      0.3397702842      0.0000000000
0.3416440491      1124832.1945665956      0.1560000000      15.2563100993      0.3469221906      0.0000000000
0.3486574737      1020972.3483450619      0.1580000000      15.1782284501      0.3542153972      0.0000000000
0.3558045199       926708.5273051821      0.1600000000      15.1032794921      0.3616544013      0.0000000000
0.3630889673       841144.0640144550      0.1620000000      15.0313342711      0.3692435353      0.0000000000
0.3705144185       763470.5789892880      0.1640000000      14.9622748153      0.3769869698      0.0000000000
0.3780842931       692958.2377212780      0.1660000000      14.8959928124      0.3848887076      0.0000000000
0.3858018197       628947.3088042542      0.1680000000      14.8323883088      0.3929525754      0.0000000000
0.3936700321       570840.4968553534      0.1700000000      14.7713687094      0.4011822191      0.0000000000
0.4016917653       518096.4727528335      0.1720000000      14.7128477664      0.4095810991      0.0000000000
0.4098696450       470224.1310538549      0.1740000000      14.6567445365      0.4181524798      0.0000000000
0.4182060861       426777.6827790441      0.1760000000      14.6029828191      0.4268994266      0.0000000000
0.4267032869       387352.1577738246      0.1780000000      14.5514906046      0.4358247999      0.0000000000
0.4353632184       351579.4800395298      0.1800000000      14.5021993318      0.4449312428      0.0000000000
0.4441876456       319124.8651346581      0.1820000000      14.4550433497      0.4542212031      0.0000000000
0.4531780844       289683.9899709524      0.1840000000      14.4099596819      0.4636968867      0.0000000000
0.4623358261       262979.8991436014      0.1860000000      14.3668874942      0.4733602829      0.0000000000
0.4716619254       238760.7537172388      0.1880000000      14.3257680062      0.4832131508      0.0000000000
0.4811572014       216797.4057449060      0.1900000000      14.2865439906      0.4932570186      0.0000000000
0.4908222333       196881.3780709486      0.1920000000      14.2491596039      0.5034931789      0.0000000000
0.5006573605       178823.1425443048      0.1940000000      14.2135604222      0.5139226866      0.0000000000
0.5106626822       162450.2739159905      0.1960000000      14.1796928201      0.5245463576      0.0000000000
0.5208380581       147606.0744631537      0.1980000000      14.1475045422      0.5353647682      0.0000000000
0.5311831057       134148.0874582103      0.2000000000      14.1169437672      0.5463782505      0.0000000000
0.5416972070       121946.8831838871      0.2020000000      14.0879597750      0.5575868978      0.0000000000
0.5523795056       110884.8939805755      0.2040000000      14.0605024298      0.5689905605      0.0000000000
0.5632289107       100855.3579360055      0.2060000000      14.0345222248      0.5805888478      0.0000000000
0.5742441024        91761.3565803100      0.2080000000      14.0099704903      0.5923811322      0.0000000000
0.5854235300        83514.9540267721      0.2100000000      13.9867990036      0.6043665456      0.0000000000
0.5967654205        76036.3574711413      0.2120000000      13.9649602119      0.6165439867      0.0000000000
0.6082677818        69253.2248875894      0.2140000000      13.9444072506      0.6289121219      0.0000000000
0.6199284069        63099.9624418749      0.2160000000      13.9250938052      0.6414693887      0.0000000000
0.6317448806        57517.1199124783      0.2180000000      13.9069742460      0.6542140002      0.0000000000
0.6437145845        52450.8370415598      0.2200000000      13.8900035382      0.6671439489      0.0000000000
0.6558347038        47852.3259500677      0.2220000000      13.8741374047      0.6802570117      0.0000000000
0.6681022332        43677.4038566815      0.2240000000      13.8593321428      0.6935507541      0.0000000000
0.6805139862        39886.0709657080      0.2260000000      13.8455448819      0.7070225388      0.0000000000
0.6930665989        36442.1188447326      0.2280000000      13.8327333639      0.7206695268      0.0000000000
0.7057565426        33312.7804906568      0.2300000000      13.8208562447      0.7344886901      0.0000000000
0.7185801272        30468.3998088288      0.2320000000      13.8098727990      0.7484768124      0.0000000000
0.7315335108        27882.1518426639      0.2340000000      13.7997431462      0.7626304982      0.0000000000
0.7446127105        25529.7686831941      0.2360000000      13.7904282796      0.7769461819      0.0000000000
0.7578136078        23389.2965823332      0.2380000000      13.7818899876      0.7914201326      0.0000000000
0.7711319602        21440.8769419904      0.2400000000      13.7740909645      0.8060484643      0.0000000000
0.7845634071        19666.5495919766      0.2420000000      13.7669946565      0.8208271405      0.0000000000
0.7981034821        18050.0680815167      0.2440000000      13.7605655363      0.8357519863      0.0000000000
0.8117476191        16576.7392752321      0.2460000000      13.7547688524      0.8508186928      0.0000000000
0.8254911638        15233.2711538704      0.2480000000      13.7495708307      0.8660228288      0.0000000000
0.8393293812        14007.6399968574      0.2500000000      13.7449386121      0.8813598467      0.0000000000
0.8532574655        12888.9666501552      0.2520000000      13.7408401790      0.8968250926      0.0000000000
0.8672705490        11867.4105271628      0.2540000000      13.7372445443      0.9124138140      0.0000000000
0.8813637107        10934.0639838679      0.2560000000      13.7341215825      0.9281211690      0.0000000000
0.8955319854        10080.8664557348      0.2580000000      13.7314420743      0.9439422341      0.0000000000
0.9097703728         9300.5200616932      0.2600000000      13.7291777566      0.9598720135      0.0000000000
0.9240738455         8586.4176265645      0.2620000000      13.7273012768      0.9759054472      0.0000000000
0.9384373578         7932.5757389935      0.2640000000      13.7257862049      0.9920374198      0.0000000000
0.9528558534         7333.5737642550      0.2660000000      13.7246069950      1.0082627678      0.0000000000
0.9673242739         6784.5007957799      0.2680000000      13.7237390148      1.0245762886      0.0000000000
0.9818375670         6280.9047784755      0.2700000000      13.7231584651      1.0409727491      0.0000000000
0.9963906931         5818.7504869401      0.2720000000      13.7228425346      1.0574468925      0.0000000000
1.0109786330         5394.3777503055      0.2740000000      13.7227691740      1.0739934464      0.0000000000
1.0255963953         5004.4661106605      0.2760000000      13.7229172437      1.0906071308      0.0000000000
1.0402390230         4646.0023633223      0.2780000000      13.7232664329      1.1072826651      0.0000000000
1.0549015992         4316.2507326078      0.2800000000      13.7237971978      1.1240147748      0.0000000000
1.0695792547         4012.7269055668      0.2820000000      13.7244908862      1.1407981994      0.0000000000
1.0842671728         3733.1734345432      0.2840000000      13.7253295875      1.1576276985      0.0000000000
1.0989605953         3475.5389107689      0.2860000000      13.7262961767      1.1744980583      0.0000000000
1.1136548280         3237.9576674182      0.2880000000      13.7273742970      1.1914040981      0.0000000000
1.1283452450         3018.7329934199      0.2900000000      13.7285483115      1.2083406756      0.0000000000
1.1430272941         2816.3203327161      0.2920000000      13.7298032793      1.2253026933      0.0000000000
1.1576965007         2629.3138260713      0.2940000000      13.7311250115      1.2422851035      0.0000000000
1.1723484722         2456.4326825478      0.2960000000      13.7324999964      1.2592829140      0.0000000000
1.1869789015         2296.5098405018      0.2980000000      13.7339153905      1.2762911922      0.0000000000
1.2015835698         2148.4813208006      0.3000000000      13.7353589368      1.2933050694      0.0000000000
1.2161583514         2011.3764948658      0.3020000000      13.7368190762      1.3103197472      0.0000000000
1.2306992147         1884.3096795844      0.3040000000      13.7382848141      1.3273304990      0.0000000000
1.2452022265         1766.4721453785      0.3060000000      13.7397457832      1.3443326758      0.0000000000
1.2596635521         1657.1252611110      0.3080000000      13.7411921375      1.3613217080      0.0000000000
1.2740794602         1555.5938693272      0.3100000000      13.7426146165      1.3782931111      0.0000000000
1.2884463203         1461.2605235310      0.3120000000      13.7440044586      1.3952424839      0.0000000000
1.3027606093         1373.5605422726      0.3140000000      13.7453534885      1.4121655176      0.0000000000
1.3170189089         1291.9769877042      0.3160000000      13.7466539459      1.4290579934      0.0000000000
1.3312179082         1216.0363557043      0.3180000000      13.7478985921      1.4459157869      0.0000000000
1.3453544039         1145.3048983032      0.3200000000      13.7490806275      1.4627348696      0.0000000000
1.3594253010         1079.3848680603      0.3220000000      13.7501937138      1.4795113104      0.0000000000
1.3734276128         1017.9115584267      0.3240000000      13.7512319224      1.4962412772      0.0000000000
1.3873584616          960.5501620565      0.3260000000      13.7521897524      1.5129210386      0.0000000000
1.4012150776          906.9933320101      0.3280000000      13.7530620809      1.5295469642      0.0000000000
1.4149947993          856.9586889488      0.3300000000      13.7538441654      1.5461155262      0.0000000000
1.4286950731          810.1866030280      0.3320000000      13.7545316132      1.5626232997      0.0000000000
1.4423134521          766.4383889416      0.3340000000      13.7551203914      1.5790669633      0.0000000000
1.4558475957          725.4944233958      0.3360000000      13.7556068333      1.5954432992      0.0000000000
1.4692952686          687.1524147947      0.3380000000      13.7559875102      1.6117491935      0.0000000000
1.4826543392          651.2261533285      0.3400000000      13.7562593598      1.6279816358      0.0000000000
1.4959227794          617.5438650533      0.3420000000      13.7564195667      1.6441377196      0.0000000000
1.5090986623          585.9473111746      0.3440000000      13.7564656454      1.6602146414      0.0000000000
1.5221801614          556.2903867358      0.3460000000      13.7563952990      1.6762097005      0.0000000000
1.5351655486          528.4382422227      0.3480000000      13.7562065637      1.6921202983      0.0000000000
1.5480531928          502.2663658877      0.3500000000      13.7558976386      1.7079439369      0.0000000000
1.5608415580          477.6596724786      0.3520000000      13.7554669966      1.7236782193      0.0000000000
1.5735292023          454.5117541919      0.3540000000      13.7549133186      1.7393208479      0.0000000000
1.5861147745          432.7241716950      0.3560000000      13.7542354615      1.7548696230      0.0000000000
1.5985970140          412.2058280711      0.3580000000      13.7534325186      1.7703224423      0.0000000000
1.6109747473          392.8723556773      0.3600000000      13.7525037371      1.7856772990      0.0000000000
1.6232468871          374.6455850798      0.3620000000      13.7514485576      1.8009322813      0.0000000000
1.6354124296          357.4530510910      0.3640000000      13.7502665531      1.8160855697      0.0000000000
1.6474704526          341.2275422353      0.3660000000      13.7489574906      1.8311354367      0.0000000000
1.6594201137          325.9066949778      0.3680000000      13.7475212697      1.8460802445      0.0000000000
1.6712606476          311.4326048208      0.3700000000      13.7459579046      1.8609184436      0.0000000000
1.6829913647          297.7514689770      0.3720000000      13.7442675815      1.8756485715      0.0000000000
1.6946116482          284.8133020598      0.3740000000      13.7424505811      1.8902692502      0.0000000000
1.7061209527          272.5716153987      0.3760000000      13.7405072940      1.9047791852      0.0000000000
1.7175188014          260.9831695850      0.3780000000      13.7384382402      1.9191771632      0.0000000000
1.7288047845          250.0076963035      0.3800000000      13.7362440450      1.9334620510      0.0000000000
1.7399785567          239.6077105923      0.3820000000      13.7339253792      1.9476327924      0.0000000000
1.7510398353          229.7482788568      0.3840000000      13.7314830569      1.9616884080      0.0000000000
1.7619883980          220.3968480770      0.3860000000      13.7289179602      1.9756279921      0.0000000000
1.7728240809          211.5230433731      0.3880000000      13.7262310359      1.9894507113      0.0000000000
1.7835467764          203.0985272251      0.3900000000      13.7234232999      2.0031558024      0.0000000000
1.7941564313          195.0968486258      0.3920000000      13.7204958514      2.0167425711      0.0000000000
1.8046530443          187.4932983890      0.3940000000      13.7174498379      2.0302103893      0.0000000000
1.8150366646          180.2647937779      0.3960000000      13.7142864634      2.0435586939      0.0000000000
1.8253073901          173.3897375022      0.3980000000      13.7110069815      2.0567869848      0.0000000000
1.8354653645          166.8479520068      0.4000000000      13.7076127099      2.0698948228      0.0000000000
1.8455107765          160.6205412611      0.4020000000      13.7041049860      2.0828818278      0.0000000000
1.8554438574          154.6898165745      0.4040000000      13.7004852023      2.0957476775      0.0000000000
1.8652648792          149.0392182232      0.4060000000      13.6967547901      2.1084921048      0.0000000000
1.8749741535          143.6532117766      0.4080000000      13.6929151881      2.1211148967      0.0000000000
1.8845720289          138.5172547509      0.4100000000      13.6889678935      2.1336158920      0.0000000000
1.8940588898          133.6176952052      0.4120000000      13.6849144229      2.1459949801      0.0000000000
1.9034351546          128.9417250244      0.4140000000      13.6807562824      2.1582520986      0.0000000000
1.9127012745          124.4773201337      0.4160000000      13.6764950455      2.1703872326      0.0000000000
1.9218577313          120.2131921844      0.4180000000      13.6721322848      2.1824004119      0.0000000000
1.9309050360          116.1387315539      0.4200000000      13.6676695870      2.1942917102      0.0000000000
1.9398437277          112.2439656143      0.4220000000      13.6631085246      2.2060612430      0.0000000000
1.9486743719          108.5195174814      0.4240000000      13.6584507308      2.2177091666      0.0000000000
1.9573975590          104.9565652775      0.4260000000      13.6536978133      2.2292356757      0.0000000000
1.9660139032          101.5468077309      0.4280000000      13.6488513867      2.2406410027      0.0000000000
1.9745240407           98.2824266629      0.4300000000      13.6439130884      2.2519254157      0.0000000000
1.9829286290           95.1560533888      0.4320000000      13.6388845231      2.2630892173      0.0000000000
1.9912283451           92.1607569260      0.4340000000      13.6337673452      2.2741327431      0.0000000000
1.9994238851           89.2899878031      0.4360000000      13.6285631562      2.2850563605      0.0000000000
2.0075159617           86.5375819196      0.4380000000      13.6232735930      2.2958604666      0.0000000000
2.0155053046           83.8977152555      0.4400000000      13.6179002810      2.3065454882      0.0000000000
2.0233926582           81.3648949762      0.4420000000      13.6124448242      2.3171118792      0.0000000000
2.0311787812           78.9339345470      0.4440000000      13.6069088413      2.3275601200      0.0000000000
2.0388644455           76.5999286268      0.4460000000      13.6012939165      2.3378907163      0.0000000000
2.0464504349           74.3582522339      0.4480000000      13.5956016677      2.3481041978      0.0000000000
2.0539375444           72.2045227010      0.4500000000      13.5898336461      2.3582011167      0.0000000000
2.0613265794           70.1346044536      0.4520000000      13.5839914510      2.3681820472      0.0000000000
2.0686183546           68.1445789323      0.4540000000      13.5780766387      2.3780475840      0.0000000000
2.0758136931           66.2307401851      0.4560000000      13.5720907462      2.3877983413      0.0000000000
2.0829134259           64.3895781754      0.4580000000      13.5660353223      2.3974349518      0.0000000000
2.0899183909           62.6177705101      0.4600000000      13.5599118851      2.4069580657      0.0000000000
2.0968294320           60.9121671788      0.4620000000      13.5537219397      2.4163683495      0.0000000000
2.1036473988           59.2697846504      0.4640000000      13.5474669927      2.4256664858      0.0000000000
2.1103731457           57.6877921865      0.4660000000      13.5411485159      2.4348531712      0.0000000000
2.1170075309           56.1635061956      0.4680000000      13.5347679763      2.4439291167      0.0000000000
2.1235514163           54.6943806158      0.4700000000      13.5283268234      2.4528950456      0.0000000000
2.1300056667           53.2779982309      0.4720000000      13.5218264832      2.4617516937      0.0000000000
2.1363711491           51.9120641069      0.4740000000      13.5152683752      2.4704998081      0.0000000000
2.1426487322           50.5943991119      0.4760000000      13.5086539014      2.4791401462      0.0000000000
2.1488392858           49.3229324713      0.4780000000      13.5019844352      2.4876734749      0.0000000000
2.1549436808           48.0956957258      0.4800000000      13.4952613595      2.4961005712      0.0000000000
2.1609627877           46.9108183286      0.4820000000      13.4884859950      2.5044222190      0.0000000000
2.1668974773           45.7665201562      0.4840000000      13.4816596908      2.5126392109      0.0000000000
2.1727486194           44.6611087311      0.4860000000      13.4747837505      2.5207523462      0.0000000000
2.1785170827           43.5929730102      0.4880000000      13.4678594704      2.5287624305      0.0000000000
2.1842037345           42.5605780123      0.4900000000      13.4608881212      2.5366702754      0.0000000000
2.1898094401           41.5624643761      0.4920000000      13.4538709643      2.5444766973      0.0000000000
2.1953350626           40.5972399486      0.4940000000      13.4468092366      2.5521825178      0.0000000000
2.2007814624           39.6635795978      0.4960000000      13.4397041520      2.5597885621      0.0000000000
2.2061494972           38.7602201036      0.4980000000      13.4325569216      2.5672956593      0.0000000000
2.2114400215           37.8859558395      0.5000000000      13.4253687415      2.5747046419      0.0000000000
2.2166538859           37.0396371200      0.5020000000      13.4181407569      2.5820163441      0.0000000000
2.2217919376           36.2201693141      0.5040000000      13.4108741244      2.5892316033      0.0000000000
2.2268550194           35.4265050995      0.5060000000      13.4035699732      2.5963512573      0.0000000000
2.2318439704           34.6576455840      0.5080000000      13.3962294182      2.6033761470      0.0000000000
2.2367596245           33.9126378505      0.5100000000      13.3888535545      2.6103071126      0.0000000000
2.2416028115           33.1905706298      0.5120000000      13.3814434532      2.6171449959      0.0000000000
2.2463743556           32.4905734888      0.5140000000      13.3740001779      2.6238906379      0.0000000000
2.2510750766           31.8118147489      0.5160000000      13.3665247686      2.6305448801      0.0000000000
2.2557057884           31.1534996456      0.5180000000      13.3590182497      2.6371085631      0.0000000000
2.2602672998           30.5148675421      0.5200000000      13.3514816290      2.6435825268      0.0000000000
2.2647604139           29.8951911196      0.5220000000      13.3439158890      2.6499676099      0.0000000000
2.2691859279           29.2937750832      0.5240000000      13.3363220107      2.6562646492      0.0000000000
2.2735446332           28.7099525441      0.5260000000      13.3287009435      2.6624744803      0.0000000000
2.2778373154           28.1430872896      0.5280000000      13.3210536365      2.6685979366      0.0000000000
2.2820647536           27.5925678165      0.5300000000      13.3133809914      2.6746358488      0.0000000000
2.2862277209           27.0578100505      0.5320000000      13.3056839368      2.6805890456      0.0000000000
2.2903269841           26.5382538839      0.5340000000      13.2979633513      2.6864583529      0.0000000000
2.2943633034           26.0333625855      0.5360000000      13.2902201127      2.6922445930      0.0000000000
2.2983374325           25.5426218072      0.5380000000      13.2824550726      2.6979485855      0.0000000000
2.3022501190           25.0655380199      0.5400000000      13.2746690769      2.7035711467      0.0000000000
2.3061021033           24.6016380903      0.5420000000      13.2668629540      2.7091130892      0.0000000000
2.3098941192           24.1504686388      0.5440000000      13.2590375154      2.7145752212      0.0000000000
2.3136268941           23.7115941134      0.5460000000      13.2511935522      2.7199583480      0.0000000000
2.3173011483           23.2845967448      0.5480000000      13.2433318593      2.7252632701      0.0000000000
2.3209175956           22.8690747680      0.5500000000      13.2354531835      2.7304907841      0.0000000000
2.3244769424           22.4646438211      0.5520000000      13.2275582973      2.7356416817      0.0000000000
2.3279798889           22.0709335091      0.5540000000      13.2196479239      2.7407167509      0.0000000000
2.3314271280           21.6875887103      0.5560000000      13.2117228061      2.7457167744      0.0000000000
2.3348193456           21.3142675559      0.5580000000      13.2037836294      2.7506425301      0.0000000000
2.3381572209           20.9506422045      0.5600000000      13.1958311096      2.7554947913      0.0000000000
2.3414414263           20.5963972702      0.5620000000      13.1878659290      2.7602743267      0.0000000000
2.3446726267           20.2512292029      0.5640000000      13.1798887410      2.7649818988      0.0000000000
2.3478514806           19.9148460781      0.5660000000      13.1719002144      2.7696182659      0.0000000000
2.3509786395           19.5869674974      0.5680000000      13.1639009943      2.7741841808      0.0000000000
2.3540547478           19.2673233114      0.5700000000      13.1558917101      2.7786803909      0.0000000000
2.3570804430           18.9556536278      0.5720000000      13.1478729815      2.7831076382      0.0000000000
2.3600563559           18.6517082934      0.5740000000      13.1398454170      2.7874666591      0.0000000000
2.3629831102           18.3552460603      0.5760000000      13.1318096042      2.7917581849      0.0000000000
2.3658613229           18.0660353294      0.5780000000      13.1237661262      2.7959829407      0.0000000000
2.3686916042           17.7838526365      0.5800000000      13.1157155598      2.8001416467      0.0000000000
2.3714745571           17.5084830740      0.5820000000      13.1076584572      2.8042350165      0.0000000000
2.3742107784           17.2397181270      0.5840000000      13.0995953702      2.8082637590      0.0000000000
2.3769008580           16.9773589105      0.5860000000      13.0915268375      2.8122285766      0.0000000000
2.3795453788           16.7212119865      0.5880000000      13.0834533787      2.8161301664      0.0000000000
2.3821449172           16.4710920286      0.5900000000      13.0753755175      2.8199692190      0.0000000000
2.3847000431           16.2268192391      0.5920000000      13.0672937460      2.8237464200      0.0000000000
2.3872113197           15.9882211789      0.5940000000      13.0592085647      2.8274624486      0.0000000000
2.3896793037           15.7551308491      0.5960000000      13.0511204673      2.8311179785      0.0000000000
2.3921045451           15.5273870943      0.5980000000      13.0430299070      2.8347136770      0.0000000000
2.3944875877           15.3048347847      0.6000000000      13.0349373618      2.8382502060      0.0000000000
2.3968289687           15.0873239930      0.6020000000      13.0268432786      2.8417282211      0.0000000000
2.3991292189           14.8747095611      0.6040000000      13.0187481109      2.8451483723      0.0000000000
2.4013888631           14.6668519023      0.6060000000      13.0106522866      2.8485113036      0.0000000000
2.4036084194           14.4636158492      0.6080000000      13.0025562299      2.8518176529      0.0000000000
2.4057883999           14.2648708490      0.6100000000      12.9944603597      2.8550680526      0.0000000000
2.4079293107           14.0704908262      0.6120000000      12.9863650855      2.8582631290      0.0000000000
2.4100316512           13.8803539343      0.6140000000      12.9782708006      2.8614035018      0.0000000000
2.4120959154           13.6943422468      0.6160000000      12.9701779038      2.8644897862      0.0000000000
2.4141225909           13.5123420585      0.6180000000      12.9620867773      2.8675225906      0.0000000000
2.4161121593           13.3342427312      0.6200000000      12.9539977819      2.8705025175      0.0000000000
2.4180650966           13.1599382934      0.6220000000      12.9459112953      2.8734301642      0.0000000000
2.4199818728           12.9893255897      0.6240000000      12.9378276735      2.8763061218      0.0000000000
2.4218629520           12.8223046132      0.6260000000      12.9297472604      2.8791309754      0.0000000000
2.4237087926           12.6587792359      0.6280000000      12.9216704042      2.8819053047      0.0000000000
2.4255198475           12.4986559358      0.6300000000      12.9135974376      2.8846296834      0.0000000000
2.4272965636           12.3418445043      0.6320000000      12.9055286852      2.8873046796      0.0000000000
2.4290393826           12.1882571922      0.6340000000      12.8974644715      2.8899308556      0.0000000000
2.4307487406           12.0378096196      0.6360000000      12.8894051105      2.8925087686      0.0000000000
2.4324250681           11.8904192287      0.6380000000      12.8813508945      2.8950389690      0.0000000000
2.4340687904           11.7460069844      0.6400000000      12.8733021374      2.8975220027      0.0000000000
2.4356803271           11.6044958369      0.6420000000      12.8652591283      2.8999584094      0.0000000000
2.4372600931           11.4658110431      0.6440000000      12.8572221416      2.9023487235      0.0000000000
2.4388084974           11.3298803212      0.6460000000      12.8491914705      2.9046934739      0.0000000000
2.4403259443           11.1966337236      0.6480000000      12.8411673801      2.9069931836      0.0000000000
2.4418128329           11.0660031824      0.6500000000      12.8331501398      2.9092483709      0.0000000000
2.4432695571           10.9379229883      0.6520000000      12.8251400079      2.9114595481      0.0000000000
2.4446965059           10.8123292547      0.6540000000      12.8171372356      2.9136272223      0.0000000000
2.4460940634           10.6891599557      0.6560000000      12.8091420751      2.9157518954      0.0000000000
2.4474626086           10.5683550316      0.6580000000      12.8011547687      2.9178340638      0.0000000000
2.4488025161           10.4498561786      0.6600000000      12.7931755530      2.9198742189      0.0000000000
2.4501141551           10.3336068744      0.6620000000      12.7852046590      2.9218728464      0.0000000000
2.4513978906           10.2195522721      0.6640000000      12.7772423138      2.9238304274      0.0000000000
2.4526540828           10.1076391012      0.6660000000      12.7692887325      2.9257474376      0.0000000000
2.4538830872            9.9978157164      0.6680000000      12.7613441325      2.9276243477      0.0000000000
2.4550852546            9.8900318513      0.6700000000      12.7534087311      2.9294616226      0.0000000000
2.4562609318            9.7842386393      0.6720000000      12.7454827161      2.9312597236      0.0000000000
2.4574104606            9.6803888481      0.6740000000      12.7375663083      2.9330191057      0.0000000000
2.4585341788            9.5784367006      0.6760000000      12.7296596866      2.9347402199      0.0000000000
2.4596324195            9.4783372338      0.6780000000      12.7217630485      2.9364235115      0.0000000000
2.4607055119            9.3800471649      0.6800000000      12.7138765788      2.9380694217      0.0000000000
2.4617537807            9.2835245374      0.6820000000      12.7060004600      2.9396783864      0.0000000000
2.4627775464            9.1887280684      0.6840000000      12.6981348568      2.9412508367      0.0000000000
2.4637771257            9.0956180693      0.6860000000      12.6902799625      2.9427871997      0.0000000000
2.4647528308            9.0041558611      0.6880000000      12.6824359230      2.9442878967      0.0000000000
2.4657049700            8.9143038074      0.6900000000      12.6746029229      2.9457533453      0.0000000000
2.4666338478            8.8260252352      0.6920000000      12.6667810976      2.9471839579      0.0000000000
2.4675397647            8.7392846279      0.6940000000      12.6589706268      2.9485801430      0.0000000000
2.4684230169            8.6540473861      0.6960000000      12.6511716422      2.9499423034      0.0000000000
2.4692838975            8.5702798540      0.6980000000      12.6433843017      2.9512708389      0.0000000000
2.4701226954            8.4879492800      0.7000000000      12.6356087508      2.9525661440      0.0000000000
2.4709396955            8.4070237740      0.7020000000      12.6278451146      2.9538286087      0.0000000000
2.4717351797            8.3274723463      0.7040000000      12.6200935449      2.9550586193      0.0000000000
2.4725094258            8.2492647928      0.7060000000      12.6123541684      2.9562565573      0.0000000000
2.4732627077            8.1723718221      0.7080000000      12.6046271161      2.9574227997      0.0000000000
2.4739952967            8.0967647786      0.7100000000      12.5969125023      2.9585577206      0.0000000000
2.4747074597            8.0224158511      0.7120000000      12.5892104597      2.9596616882      0.0000000000
2.4753994605            7.9492979151      0.7140000000      12.5815211095      2.9607350675      0.0000000000
2.4760715596            7.8773846238      0.7160000000      12.5738445614      2.9617782197      0.0000000000
2.4767240138            7.8066502141      0.7180000000      12.5661809270      2.9627915009      0.0000000000
2.4773570771            7.7370696871      0.7200000000      12.5585303177      2.9637752644      0.0000000000
2.4779709996            7.6686186657      0.7220000000      12.5508928382      2.9647298586      0.0000000000
2.4785660286            7.6012734140      0.7240000000      12.5432685901      2.9656556284      0.0000000000
2.4791424081            7.5350107498      0.7260000000      12.5356576748      2.9665529148      0.0000000000
2.4797003788            7.4698081110      0.7280000000      12.5280601889      2.9674220548      0.0000000000
2.4802401783            7.4056435171      0.7300000000      12.5204762272      2.9682633817      0.0000000000
2.4807620415            7.3424955413      0.7320000000      12.5129058808      2.9690772251      0.0000000000
2.4812661999            7.2803432582      0.7340000000      12.5053492355      2.9698639108      0.0000000000
2.4817528820            7.2191663593      0.7360000000      12.4978063801      2.9706237608      0.0000000000
2.4822223134            7.1589449991      0.7380000000      12.4902773983      2.9713570936      0.0000000000
2.4826747172            7.0996596654      0.7400000000      12.4827623740      2.9720642244      0.0000000000
2.4831103130            7.0412915654      0.7420000000      12.4752613773      2.9727454641      0.0000000000
2.4835293177            6.9838223244      0.7440000000      12.4677744909      2.9734011205      0.0000000000
2.4839319459            6.9272339678      0.7460000000      12.4603017807      2.9740314981      0.0000000000
2.4843184088            6.8715089393      0.7480000000      12.4528433256      2.9746368975      0.0000000000
2.4846889152            6.8166300473      0.7500000000      12.4453991894      2.9752176164      0.0000000000
2.4850436713            6.7625807120      0.7520000000      12.4379694427      2.9757739485      0.0000000000
2.4853828803            6.7093447787      0.7540000000      12.4305541430      2.9763061846      0.0000000000
2.4857067431            6.6569059555      0.7560000000      12.4231533560      2.9768146120      0.0000000000
2.4860154579            6.6052490741      0.7580000000      12.4157671451      2.9772995152      0.0000000000
2.4863092205            6.5543589699      0.7600000000      12.4083955592      2.9777611747      0.0000000000
2.4865882237            6.5042206357      0.7620000000      12.4010386625      2.9781998681      0.0000000000
2.4868526586            6.4548199167      0.7640000000      12.3936965056      2.9786158704      0.0000000000
2.4871027130            6.4061424162      0.7660000000      12.3863691361      2.9790094524      0.0000000000
2.4873385732            6.3581746317      0.7680000000      12.3790566115      2.9793808832      0.0000000000
2.4875604221            6.3109029436      0.7700000000      12.3717589706      2.9797304272      0.0000000000
2.4877684409            6.2643143495      0.7720000000      12.3644762685      2.9800583469      0.0000000000
2.4879628088            6.2183958974      0.7740000000      12.3572085405      2.9803649020      0.0000000000
2.4881437016            6.1731351545      0.7760000000      12.3499558368      2.9806503479      0.0000000000
2.4883112941            6.1285197886      0.7780000000      12.3427181901      2.9809149390      0.0000000000
2.4884657579            6.0845379308      0.7800000000      12.3354956439      2.9811589250      0.0000000000
2.4886072630            6.0411778022      0.7820000000      12.3282882399      2.9813825539      0.0000000000
2.4887359768            5.9984280189      0.7840000000      12.3210960055      2.9815860703      0.0000000000
2.4888520652            5.9562774100      0.7860000000      12.3139189803      2.9817697165      0.0000000000
2.4889556911            5.9147150666      0.7880000000      12.3067571900      2.9819337313      0.0000000000
2.4890470160            5.8737302820      0.7900000000      12.2996106726      2.9820783514      0.0000000000
2.4891261992            5.8333126211      0.7920000000      12.2924794557      2.9822038111      0.0000000000
2.4891933977            5.7934519516      0.7940000000      12.2853635648      2.9823103407      0.0000000000
2.4892487671            5.7541381670      0.7960000000      12.2782630268      2.9823981695      0.0000000000
2.4892924601            5.7153616324      0.7980000000      12.2711778654      2.9824675226      0.0000000000
2.4893246285            5.6771127417      0.8000000000      12.2641081135      2.9825186242      0.0000000000
2.4893454215            5.6393822202      0.8020000000      12.2570537820      2.9825516948      0.0000000000
2.4893549865            5.6021608086      0.8040000000      12.2500148930      2.9825669524      0.0000000000
2.4893534691            5.5654396731      0.8060000000      12.2429914716      2.9825646130      0.0000000000
2.4893410131            5.5292101175      0.8080000000      12.2359835316      2.9825448898      0.0000000000
2.4893177606            5.4934634533      0.8100000000      12.2289910964      2.9825079940      0.0000000000
2.4892838516            5.4581914197      0.8120000000      12.2220141784      2.9824541339      0.0000000000
2.4892394245            5.4233858499      0.8140000000      12.2150527883      2.9823835156      0.0000000000
2.4891846160            5.3890386599      0.8160000000      12.2081069410      2.9822963428      0.0000000000
2.4891195609            5.3551419524      0.8180000000      12.2011766507      2.9821928170      0.0000000000
2.4890443926            5.3216881272      0.8200000000      12.1942619299      2.9820731376      0.0000000000
2.4889592425            5.2886696779      0.8220000000      12.1873627878      2.9819375013      0.0000000000
2.4888642407            5.2560792330      0.8240000000      12.1804792326      2.9817861030      0.0000000000
2.4887595151            5.2239095720      0.8260000000      12.1736112722      2.9816191345      0.0000000000
2.4886451925            5.1921536351      0.8280000000      12.1667589143      2.9814367866      0.0000000000
2.4885213980            5.1608045215      0.8300000000      12.1599221649      2.9812392473      0.0000000000
2.4883882550            5.1298554635      0.8320000000      12.1531010285      2.9810267025      0.0000000000
2.4882458856            5.0992998334      0.8340000000      12.1462955095      2.9807993361      0.0000000000
2.4880944100            5.0691311454      0.8360000000      12.1395056113      2.9805573297      0.0000000000
2.4879339474            5.0393430453      0.8380000000      12.1327313357      2.9803008633      0.0000000000
2.4877646148            5.0099292755      0.8400000000      12.1259726835      2.9800301141      0.0000000000
2.4875865283            4.9808837031      0.8420000000      12.1192296525      2.9797452578      0.0000000000
2.4873998026            4.9522003875      0.8440000000      12.1125022464      2.9794464684      0.0000000000
2.4872045507            4.9238734758      0.8460000000      12.1057904632      2.9791339176      0.0000000000
2.4870008841            4.8958972598      0.8480000000      12.0990942995      2.9788077745      0.0000000000
2.4867889131            4.8682660723      0.8500000000      12.0924137495      2.9784682072      0.0000000000
2.4865687468            4.8409743815      0.8520000000      12.0857488169      2.9781153820      0.0000000000
2.4863404926            4.8140167996      0.8540000000      12.0790994954      2.9777494622      0.0000000000
2.4861042566            4.7873879885      0.8560000000      12.0724657696      2.9773706104      0.0000000000
2.4858601440            4.7610827898      0.8580000000      12.0658476442      2.9769789869      0.0000000000
2.4856082581            4.7350961144      0.8600000000      12.0592451071      2.9765747502      0.0000000000
2.4853487013            4.7094229899      0.8620000000      12.0526581561      2.9761580567      0.0000000000
2.4850815748            4.6840584472      0.8640000000      12.0460867791      2.9757290619      0.0000000000
2.4848069783            4.6589977079      0.8660000000      12.0395309658      2.9752879186      0.0000000000
2.4845250102            4.6342361000      0.8680000000      12.0329907081      2.9748347781      0.0000000000
2.4842357680            4.6097690187      0.8700000000      12.0264659997      2.9743697904      0.0000000000
2.4839393478            4.5855918319      0.8720000000      12.0199568223      2.9738931035      0.0000000000
2.4836358446            4.5617001678      0.8740000000      12.0134631710      2.9734048639      0.0000000000
2.4833253521            4.5380897060      0.8760000000      12.0069850292      2.9729052161      0.0000000000
2.4830079631            4.5147561001      0.8780000000      12.0005223880      2.9723943035      0.0000000000
2.4826837689            4.4916951497      0.8800000000      11.9940752317      2.9718722672      0.0000000000
2.4823528600            4.4689028376      0.8820000000      11.9876435467      2.9713392473      0.0000000000
2.4820153257            4.4463749987      0.8840000000      11.9812273190      2.9707953823      0.0000000000
2.4816712539            4.4241077181      0.8860000000      11.9748265340      2.9702408083      0.0000000000
2.4813207320            4.4020971660      0.8880000000      11.9684411782      2.9696756611      0.0000000000
2.4809638459            4.3803394454      0.8900000000      11.9620712296      2.9691000745      0.0000000000
2.4806006804            4.3588308602      0.8920000000      11.9557166770      2.9685141800      0.0000000000
2.4802313197            4.3375676675      0.8940000000      11.9493775022      2.9679181090      0.0000000000
2.4798558467            4.3165463166      0.8960000000      11.9430536888      2.9673119905      0.0000000000
2.4794743431            4.2957632686      0.8980000000      11.9367452180      2.9666959522      0.0000000000
2.4790868899            4.2752150089      0.9000000000      11.9304520698      2.9660701205      0.0000000000
2.4786935670            4.2548981714      0.9020000000      11.9241742292      2.9654346203      0.0000000000
2.4782944532            4.2348093269      0.9040000000      11.9179116716      2.9647895751      0.0000000000
2.4778896267            4.2149452682      0.9060000000      11.9116643836      2.9641351070      0.0000000000
2.4774791645            4.1953026753      0.9080000000      11.9054323388      2.9634713371      0.0000000000
2.4770631425            4.1758784576      0.9100000000      11.8992155232      2.9627983843      0.0000000000
2.4766416360            4.1566694201      0.9120000000      11.8930139087      2.9621163670      0.0000000000
2.4762147193            4.1376725700      0.9140000000      11.8868274816      2.9614254020      0.0000000000
2.4757824656            4.1188848449      0.9160000000      11.8806562133      2.9607256043      0.0000000000
2.4753449475            4.1003033233      0.9180000000      11.8745000867      2.9600170887      0.0000000000
2.4749022367            4.0819250917      0.9200000000      11.8683590785      2.9592999680      0.0000000000
2.4744544036            4.0637472826      0.9220000000      11.8622331650      2.9585743531      0.0000000000
2.4740015184            4.0457671222      0.9240000000      11.8561223265      2.9578403550      0.0000000000
2.4735436501            4.0279817927      0.9260000000      11.8500265314      2.9570980831      0.0000000000
2.4730808666            4.0103886906      0.9280000000      11.8439457647      2.9563476445      0.0000000000
2.4726132355            3.9929851071      0.9300000000      11.8378799969      2.9555891463      0.0000000000
2.4721408234            3.9757684257      0.9320000000      11.8318292078      2.9548226944      0.0000000000
2.4716636962            3.9587360737      0.9340000000      11.8257933720      2.9540483929      0.0000000000
2.4711819184            3.9418855220      0.9360000000      11.8197724588      2.9532663444      0.0000000000
2.4706955546            3.9252143452      0.9380000000      11.8137664506      2.9524766518      0.0000000000
2.4702046681            3.9087200609      0.9400000000      11.8077753213      2.9516794156      0.0000000000
2.4697093216            3.8924002576      0.9420000000      11.8017990370      2.9508747355      0.0000000000
2.4692095769            3.8762526308      0.9440000000      11.7958375804      2.9500627104      0.0000000000
2.4687054954            3.8602748267      0.9460000000      11.7898909248      2.9492434378      0.0000000000
2.4681971373            3.8444645887      0.9480000000      11.7839590360      2.9484170139      0.0000000000
2.4676845624            3.8288196661      0.9500000000      11.7780418962      2.9475835344      0.0000000000
2.4671678299            3.8133378629      0.9520000000      11.7721394746      2.9467430939      0.0000000000
2.4666469978            3.7980170591      0.9540000000      11.7662517434      2.9458957852      0.0000000000
2.4661221238            3.7828550065      0.9560000000      11.7603786741      2.9450417006      0.0000000000
2.4655932649            3.7678497593      0.9580000000      11.7545202428      2.9441809316      0.0000000000
2.4650604772            3.7529991468      0.9600000000      11.7486764206      2.9433135683      0.0000000000
2.4645238165            3.7383012647      0.9620000000      11.7428471772      2.9424397000      0.0000000000
2.4639833376            3.7237539500      0.9640000000      11.7370324849      2.9415594151      0.0000000000
2.4634390947            3.7093554178      0.9660000000      11.7312323180      2.9406728005      0.0000000000
2.4628911414            3.6951036200      0.9680000000      11.7254466452      2.9397799426      0.0000000000
2.4623395310            3.6809967586      0.9700000000      11.7196754402      2.9388809273      0.0000000000
2.4617843153            3.6670329026      0.9720000000      11.7139186686      2.9379758379      0.0000000000
2.4612255464            3.6532102127      0.9740000000      11.7081763072      2.9370647589      0.0000000000
2.4606632753            3.6395269555      0.9760000000      11.7024483244      2.9361477721      0.0000000000
2.4600975526            3.6259812694      0.9780000000      11.6967346906      2.9352249595      0.0000000000
2.4595284282            3.6125714739      0.9800000000      11.6910353782      2.9342964020      0.0000000000
2.4589559513            3.5992958534      0.9820000000      11.6853503538      2.9333621791      0.0000000000
2.4583801708            3.5861526433      0.9840000000      11.6796795880      2.9324223697      0.0000000000
2.4578011349            3.5731402289      0.9860000000      11.6740230540      2.9314770525      0.0000000000
2.4572188910            3.5602569885      0.9880000000      11.6683807189      2.9305263039      0.0000000000
2.4566334864            3.5475012890      0.9900000000      11.6627525551      2.9295702009      0.0000000000
2.4560449672            3.5348715246      0.9920000000      11.6571385289      2.9286088185      0.0000000000
2.4554533797            3.5223661657      0.9940000000      11.6515386123      2.9276422318      0.0000000000
2.4548587693            3.5099836791      0.9960000000      11.6459527719      2.9266705147      0.0000000000
2.4542611806            3.4977225395      0.9980000000      11.6403809801      2.9256937399      0.0000000000
2.4536606581            3.4855812470      1.0000000000      11.6348232039      2.9247119800      0.0000000000
2.4530572457            3.4735583139      1.0020000000      11.6292794118      2.9237253063      0.0000000000
2.4524509865            3.4616523233      1.0040000000      11.6237495744      2.9227337894      0.0000000000
2.4518419235            3.4498618615      1.0060000000      11.6182336600      2.9217374992      0.0000000000
2.4512300989            3.4381855291      1.0080000000      11.6127316375      2.9207365053      0.0000000000
2.4506155544            3.4266219383      1.0100000000      11.6072434749      2.9197308753      0.0000000000
2.4499983316            3.4151697298      1.0120000000      11.6017691423      2.9187206775      0.0000000000
2.4493784710            3.4038275701      1.0140000000      11.5963086070      2.9177059783      0.0000000000
2.4487560131            3.3925941364      1.0160000000      11.5908618374      2.9166868440      0.0000000000
2.4481309978            3.3814681330      1.0180000000      11.5854288013      2.9156633399      0.0000000000
2.4475034646            3.3704482853      1.0200000000      11.5800094676      2.9146355311      0.0000000000
2.4468734523            3.3595333338      1.0220000000      11.5746038049      2.9136034813      0.0000000000
2.4462409996            3.3487220425      1.0240000000      11.5692117805      2.9125672539      0.0000000000
2.4456061440            3.3380131925      1.0260000000      11.5638333623      2.9115269108      0.0000000000
2.4449689239            3.3274055798      1.0280000000      11.5584685197      2.9104825152      0.0000000000
2.4443293760            3.3168980166      1.0300000000      11.5531172198      2.9094341275      0.0000000000
2.4436875370            3.3064893376      1.0320000000      11.5477794297      2.9083818078      0.0000000000
2.4430434434            3.2961783945      1.0340000000      11.5424551179      2.9073256169      0.0000000000
2.4423971312            3.2859640552      1.0360000000      11.5371442532      2.9062656141      0.0000000000
2.4417486355            3.2758452028      1.0380000000      11.5318468018      2.9052018572      0.0000000000
2.4410979917            3.2658207372      1.0400000000      11.5265627325      2.9041344046      0.0000000000
2.4404452343            3.2558895748      1.0420000000      11.5212920127      2.9030633135      0.0000000000
2.4397903975            3.2460506441      1.0440000000      11.5160346107      2.9019886406      0.0000000000
2.4391335153            3.2363028959      1.0460000000      11.5107904940      2.9009104420      0.0000000000
2.4384746210            3.2266452955      1.0480000000      11.5055596300      2.8998287731      0.0000000000
2.4378137479            3.2170768177      1.0500000000      11.5003419862      2.8987436889      0.0000000000
2.4371509284            3.2075964453      1.0520000000      11.4951375263      2.8976552433      0.0000000000
2.4364861952            3.1982031990      1.0540000000      11.4899462223      2.8965634904      0.0000000000
2.4358195799            3.1888960947      1.0560000000      11.4847680416      2.8954684831      0.0000000000
2.4351511142            3.1796741660      1.0580000000      11.4796029533      2.8943702736      0.0000000000
2.4344808294            3.1705364707      1.0600000000      11.4744509229      2.8932689143      0.0000000000
2.4338087563            3.1614820679      1.0620000000      11.4693119143      2.8921644564      0.0000000000
2.4331349252            3.1525100350      1.0640000000      11.4641858982      2.8910569503      0.0000000000
2.4324593666            3.1436194563      1.0660000000      11.4590728443      2.8899464469      0.0000000000
2.4317821097            3.1348094435      1.0680000000      11.4539727189      2.8888329948      0.0000000000
2.4311031847            3.1260790711      1.0700000000      11.4488854841      2.8877166445      0.0000000000
2.4304226202            3.1174275114      1.0720000000      11.4438111111      2.8865974437      0.0000000000
2.4297404452            3.1088538761      1.0740000000      11.4387495729      2.8854754409      0.0000000000
2.4290566879            3.1003573362      1.0760000000      11.4337008296      2.8843506831      0.0000000000
2.4283713767            3.0919370547      1.0780000000      11.4286648488      2.8832232180      0.0000000000
2.4276845394            3.0835921972      1.0800000000      11.4236416035      2.8820930921      0.0000000000
2.4269962030            3.0753219359      1.0820000000      11.4186310565      2.8809603506      0.0000000000
2.4263063952            3.0671254794      1.0840000000      11.4136331726      2.8798250397      0.0000000000
2.4256151427            3.0590020358      1.0860000000      11.4086479281      2.8786872045      0.0000000000
2.4249224721            3.0509508246      1.0880000000      11.4036752852      2.8775468894      0.0000000000
2.4242284092            3.0429710914      1.0900000000      11.3987152077      2.8764041376      0.0000000000
2.4235329804            3.0350620468      1.0920000000      11.3937676735      2.8752589940      0.0000000000
2.4228362112            3.0272229499      1.0940000000      11.3888326367      2.8741115010      0.0000000000
2.4221381270            3.0194530619      1.0960000000      11.3839100752      2.8729617012      0.0000000000
2.4214387528            3.0117516523      1.0980000000      11.3789999560      2.8718096372      0.0000000000
2.4207381132            3.0041180311      1.1000000000      11.3741022398      2.8706553500      0.0000000000
2.4200362327            2.9965514305      1.1020000000      11.3692169017      2.8694988808      0.0000000000
2.4193331358            2.9890512012      1.1040000000      11.3643439008      2.8683402713      0.0000000000
2.4186288462            2.9816166046      1.1060000000      11.3594832172      2.8671795611      0.0000000000
2.4179233876            2.9742470216      1.1080000000      11.3546348063      2.8660167903      0.0000000000
2.4172167833            2.9669417269      1.1100000000      11.3497986454      2.8648519984      0.0000000000
2.4165090566            2.9597000635      1.1120000000      11.3449746916      2.8636852246      0.0000000000
2.4158002300            2.9525213808      1.1140000000      11.3401629248      2.8625165071      0.0000000000
2.4150903264            2.9454050587      1.1160000000      11.3353633034      2.8613458844      0.0000000000
2.4143793680            2.9383504243      1.1180000000      11.3305758023      2.8601733941      0.0000000000
2.4136673769            2.9313568571      1.1200000000      11.3258003802      2.8589990739      0.0000000000
2.4129543749            2.9244237232      1.1220000000      11.3210370174      2.8578229603      0.0000000000
2.4122403835            2.9175504692      1.1240000000      11.3162856707      2.8566450902      0.0000000000
2.4115254242            2.9107363972      1.1260000000      11.3115463156      2.8554654997      0.0000000000
2.4108095179            2.9039809873      1.1280000000      11.3068189130      2.8542842243      0.0000000000
2.4100926855            2.8972835946      1.1300000000      11.3021034406      2.8531012998      0.0000000000
2.4093749475            2.8906436902      1.1320000000      11.2973998592      2.8519167606      0.0000000000
2.4086563245            2.8840606404      1.1340000000      11.2927081343      2.8507306420      0.0000000000
2.4079368365            2.8775339040      1.1360000000      11.2880282460      2.8495429780      0.0000000000
2.4072165033            2.8710629783      1.1380000000      11.2833601510      2.8483538021      0.0000000000
2.4064953447            2.8646471936      1.1400000000      11.2787038213      2.8471631482      0.0000000000
2.4057733800            2.8582860884      1.1420000000      11.2740592277      2.8459710491      0.0000000000
2.4050506288            2.8519791258      1.1440000000      11.2694263364      2.8447775380      0.0000000000
2.4043271096            2.8457257072      1.1460000000      11.2648051153      2.8435826469      0.0000000000
2.4036028414            2.8395253724      1.1480000000      11.2601955340      2.8423864078      0.0000000000
2.4028778430            2.8333775956      1.1500000000      11.2555975616      2.8411888529      0.0000000000
2.4021521325            2.8272818115      1.1520000000      11.2510111652      2.8399900132      0.0000000000
2.4014257282            2.8212375691      1.1540000000      11.2464363142      2.8387899199      0.0000000000
2.4006986479            2.8152443778      1.1560000000      11.2418729780      2.8375886033      0.0000000000
2.3999709094            2.8093016703      1.1580000000      11.2373211231      2.8363860941      0.0000000000
2.3992425302            2.8034090214      1.1600000000      11.2327807216      2.8351824221      0.0000000000
2.3985135279            2.7975659705      1.1620000000      11.2282517415      2.8339776173      0.0000000000
2.3977839193            2.7917719612      1.1640000000      11.2237341450      2.8327717087      0.0000000000
2.3970537215            2.7860265750      1.1660000000      11.2192279144      2.8315647256      0.0000000000
2.3963229511            2.7803293677      1.1680000000      11.2147330067      2.8303566963      0.0000000000
2.3955916251            2.7746798518      1.1700000000      11.2102493937      2.8291476499      0.0000000000
2.3948597593            2.7690775692      1.1720000000      11.2057770516      2.8279376139      0.0000000000
2.3941273703            2.7635220789      1.1740000000      11.2013159415      2.8267266163      0.0000000000
2.3933944740            2.7580129484      1.1760000000      11.1968660358      2.8255146847      0.0000000000
2.3926610860            2.7525497680      1.1780000000      11.1924273049      2.8243018459      0.0000000000
2.3919272221            2.7471320493      1.1800000000      11.1879997113      2.8230881271      0.0000000000
2.3911928979            2.7417593966      1.1820000000      11.1835832374      2.8218735550      0.0000000000
2.3904581287            2.7364313841      1.1840000000      11.1791778414      2.8206581560      0.0000000000
2.3897229292            2.7311476056      1.1860000000      11.1747834968      2.8194419554      0.0000000000
2.3889873146            2.7259076691      1.1880000000      11.1704001752      2.8182249795      0.0000000000
2.3882512997            2.7207111299      1.1900000000      11.1660278385      2.8170072536      0.0000000000
2.3875148991            2.7155576007      1.1920000000      11.1616664700      2.8157888031      0.0000000000
2.3867781272            2.7104466775      1.1940000000      11.1573160261      2.8145696526      0.0000000000
2.3860409982            2.7053779859      1.1960000000      11.1529764859      2.8133498268      0.0000000000
2.3853035263            2.7003511513      1.1980000000      11.1486478134      2.8121293501      0.0000000000
2.3845657253            2.6953657703      1.2000000000      11.1443299798      2.8109082463      0.0000000000
