# M(M_sol)                 Lambda          n_Bc(fm^-3)         R(km)            m_B(M_sol)        m_Bquar/M_B
0.1543771659     41258300.1390676126      0.0960000000      23.0714573871      0.1546430140      0.0000000000
0.1597272927     34950170.6353864744      0.0980000000      22.2695192599      0.1600692759      0.0000000000
0.1651542837     29764968.6134446152      0.1000000000      21.5661508144      0.1655776108      0.0000000000
0.1706555425     25469037.9766066410      0.1020000000      20.9449290083      0.1711655311      0.0000000000
0.1762289396     21885731.2404866181      0.1040000000      20.3928277783      0.1768310199      0.0000000000
0.1818727549     18879120.8183865473      0.1060000000      19.8993937270      0.1825724740      0.0000000000
0.1875856289     16343098.3131740093      0.1080000000      19.4561431914      0.1883886554      0.0000000000
0.1933665163     14193843.1771847997      0.1100000000      19.0561253717      0.1942786452      0.0000000000
0.1992146541     12364488.5255918782      0.1120000000      18.6935942854      0.2002418120      0.0000000000
0.2050788740     10813539.4891735148      0.1140000000      18.3664404014      0.2062260675      0.0000000000
0.2108938676      9505249.4437652696      0.1160000000      18.0729658242      0.2121647162      0.0000000000
0.2167114767      8385235.0714692073      0.1180000000      17.8060390524      0.2181106382      0.0000000000
0.2225464640      7419614.9872780992      0.1200000000      17.5616777897      0.2240789383      0.0000000000
0.2284069099      6582722.7617636137      0.1220000000      17.3368953101      0.2300779263      0.0000000000
0.2342984816      5854217.7799867811      0.1240000000      17.1292937135      0.2361134654      0.0000000000
0.2402256861      5217647.2584244581      0.1260000000      16.9368920463      0.2421902480      0.0000000000
0.2461923785      4659521.3381379284      0.1280000000      16.7580253242      0.2483123132      0.0000000000
0.2522020074      4168675.1094252518      0.1300000000      16.5912780799      0.2544832958      0.0000000000
0.2582577530      3735793.9773779162      0.1320000000      16.4354359727      0.2607065675      0.0000000000
0.2643626034      3353058.9058169704      0.1340000000      16.2894502234      0.2669853142      0.0000000000
0.2705194023      3013864.8926032651      0.1360000000      16.1524086085      0.2733225841      0.0000000000
0.2767308770      2712605.7244087164      0.1380000000      16.0235138487      0.2797213167      0.0000000000
0.2829996602      2444500.9878223143      0.1400000000      15.9020659900      0.2861843650      0.0000000000
0.2893282979      2205456.6284704260      0.1420000000      15.7874472686      0.2927145029      0.0000000000
0.2957192609      1991951.8200104248      0.1440000000      15.6791103272      0.2993144372      0.0000000000
0.3021749474      1800949.9213965998      0.1460000000      15.5765691245      0.3059868105      0.0000000000
0.3086976859      1629821.0629356408      0.1480000000      15.4793894321      0.3127342038      0.0000000000
0.3152897368      1476281.3619196841      0.1500000000      15.3871830994      0.3195591378      0.0000000000
0.3219532909      1338341.2970919658      0.1520000000      15.2996013902      0.3264640719      0.0000000000
0.3286904699      1214262.7884627280      0.1540000000      15.2163300434      0.3334514043      0.0000000000
0.3355033343      1102523.7205975854      0.1560000000      15.1370857031      0.3405234797      0.0000000000
0.3423938481      1001788.0129795367      0.1580000000      15.0616117241      0.3476825536      0.0000000000
0.3493639242       910879.1644655418      0.1600000000      14.9896747016      0.3549308382      0.0000000000
0.3564153908       828760.1245755703      0.1620000000      14.9210625680      0.3622704685      0.0000000000
0.3635499989       754514.0861259135      0.1640000000      14.8555816527      0.3697035087      0.0000000000
0.3707694184       687329.1691058472      0.1660000000      14.7930548252      0.3772319492      0.0000000000
0.3780752361       626485.0928422891      0.1680000000      14.7333196936      0.3848577037      0.0000000000
0.3854689528       571341.6210489677      0.1700000000      14.6762268304      0.3925826059      0.0000000000
0.3929519821       521328.8701466790      0.1720000000      14.6216388236      0.4004084086      0.0000000000
0.4005256467       475938.6973532623      0.1740000000      14.5694286611      0.4083367789      0.0000000000
0.4081911773       434717.1887473516      0.1760000000      14.5194786391      0.4163692975      0.0000000000
0.4159497054       397258.6947492436      0.1780000000      14.4716800237      0.4245074504      0.0000000000
0.4238022811       363199.6760176052      0.1800000000      14.4259311010      0.4327526473      0.0000000000
0.4317498418       332214.4350442605      0.1820000000      14.3821376648      0.4411061889      0.0000000000
0.4397932282       304010.5373783549      0.1840000000      14.3402114347      0.4495692825      0.0000000000
0.4479331800       278325.1585033386      0.1860000000      14.3000698018      0.4581430380      0.0000000000
0.4561703344       254921.9296181426      0.1880000000      14.2616354543      0.4668284653      0.0000000000
0.4645052228       233587.9706043287      0.1900000000      14.2248355641      0.4756264707      0.0000000000
0.4729382728       214131.4230612790      0.1920000000      14.1896016255      0.4845378585      0.0000000000
0.4814698046       196379.1933287019      0.1940000000      14.1558689811      0.4935633267      0.0000000000
0.4901000313       180175.0327400075      0.1960000000      14.1235764936      0.5027034665      0.0000000000
0.4988290581       165377.7137519624      0.1980000000      14.0926661595      0.5119587615      0.0000000000
0.5076568823       151859.5854728507      0.2000000000      14.0630830822      0.5213295869      0.0000000000
0.5165833947       139505.0941355386      0.2020000000      14.0347748755      0.5308162101      0.0000000000
0.5256083736       128209.6324548579      0.2040000000      14.0076917629      0.5404187842      0.0000000000
0.5347314928       117878.4081823303      0.2060000000      13.9817861146      0.5501373557      0.0000000000
0.5439523187       108425.5064916794      0.2080000000      13.9570126325      0.5599718603      0.0000000000
0.5532703092        99772.9838648525      0.2100000000      13.9333277118      0.5699221219      0.0000000000
0.5626848175        91850.0990109987      0.2120000000      13.9106897477      0.5799878555      0.0000000000
0.5721950901        84592.6213726275      0.2140000000      13.8890585611      0.5901686642      0.0000000000
0.5818002717        77942.1990231674      0.2160000000      13.8683957114      0.6004640441      0.0000000000
0.5914994038        71845.8084356903      0.2180000000      13.8486642106      0.6108733816      0.0000000000
0.6012914276        66255.2273075121      0.2200000000      13.8298283759      0.6213959563      0.0000000000
0.6111751848        61126.5992728663      0.2220000000      13.8118537915      0.6320309409      0.0000000000
0.6211494207        56420.0072430168      0.2240000000      13.7947071982      0.6427774034      0.0000000000
0.6312127854        52099.1201393076      0.2260000000      13.7783564825      0.6536343082      0.0000000000
0.6413638368        48130.8554956844      0.2280000000      13.7627706679      0.6646005178      0.0000000000
0.6516010422        44485.0718216135      0.2300000000      13.7479196941      0.6756747948      0.0000000000
0.6619227829        41134.3002670307      0.2320000000      13.7337745530      0.6868558049      0.0000000000
0.6723273531        38053.5030327284      0.2340000000      13.7203069473      0.6981421158      0.0000000000
0.6828129670        35219.8459471622      0.2360000000      13.7074896424      0.7095322038      0.0000000000
0.6933777596        32612.5036022569      0.2380000000      13.6952962145      0.7210244535      0.0000000000
0.7040197890        30212.4716319406      0.2400000000      13.6837009356      0.7326171604      0.0000000000
0.7147370414        28002.4040889321      0.2420000000      13.6726788992      0.7443085347      0.0000000000
0.7255274341        25966.4637450367      0.2440000000      13.6622059638      0.7560967043      0.0000000000
0.7363888171        24090.1873245173      0.2460000000      13.6522586238      0.7679797154      0.0000000000
0.7473189796        22360.3597410011      0.2480000000      13.6428141829      0.7799555395      0.0000000000
0.7583156498        20764.9082269910      0.2500000000      13.6338504932      0.7920220718      0.0000000000
0.7693765018        19292.7928859331      0.2520000000      13.6253460942      0.8041771384      0.0000000000
0.7804991567        17933.9222536032      0.2540000000      13.6172801281      0.8164184966      0.0000000000
0.7916811874        16679.0664434547      0.2560000000      13.6096324157      0.8287438399      0.0000000000
0.8029201231        15519.7789096238      0.2580000000      13.6023833652      0.8411508020      0.0000000000
0.8142134511        14448.3308153272      0.2600000000      13.5955139260      0.8536369580      0.0000000000
0.8255586211        13457.6472836207      0.2620000000      13.5890055948      0.8661998289      0.0000000000
0.8369530495        12541.2491701609      0.2640000000      13.5828404762      0.8788368856      0.0000000000
0.8483941225        11693.2014926536      0.2660000000      13.5770011968      0.8915455521      0.0000000000
0.8598791998        10908.0669389277      0.2680000000      13.5714709198      0.9043232082      0.0000000000
0.8714056178        10180.8614579037      0.2700000000      13.5662332708      0.9171671940      0.0000000000
0.8829706948         9507.0152399060      0.2720000000      13.5612725011      0.9300748136      0.0000000000
0.8945717317         8882.3383081134      0.2740000000      13.5565732637      0.9430433369      0.0000000000
0.9062060182         8302.9854156515      0.2760000000      13.5521206783      0.9560700049      0.0000000000
0.9178708341         7765.4292553682      0.2780000000      13.5479004363      0.9691520319      0.0000000000
0.9295634545         7266.4310515773      0.2800000000      13.5438986629      0.9822866100      0.0000000000
0.9412811515         6803.0160503832      0.2820000000      13.5401018550      0.9954709115      0.0000000000
0.9530211984         6372.4532465817      0.2840000000      13.5364971073      1.0087020928      0.0000000000
0.9647808722         5972.2321420113      0.2860000000      13.5330718287      1.0219772972      0.0000000000
0.9765574569         5600.0451653809      0.2880000000      13.5298138894      1.0352936582      0.0000000000
0.9883482464         5253.7708949352      0.2900000000      13.5267116283      1.0486483034      0.0000000000
1.0001505475         4931.4578470499      0.2920000000      13.5237537465      1.0620383563      0.0000000000
1.0119616826         4631.3102646921      0.2940000000      13.5209293840      1.0754609408      0.0000000000
1.0237789916         4351.6753490788      0.2960000000      13.5182280138      1.0889131823      0.0000000000
1.0355998359         4091.0313374693      0.2980000000      13.5156395701      1.1023922123      0.0000000000
1.0474215994         3847.9766714790      0.3000000000      13.5131543153      1.1158951698      0.0000000000
1.0592416922         3621.2194491155      0.3020000000      13.5107628860      1.1294192057      0.0000000000
1.0710575515         3409.5693385979      0.3040000000      13.5084563053      1.1429614831      0.0000000000
1.0828666443         3211.9285711205      0.3060000000      13.5062259111      1.1565191816      0.0000000000
1.0946664709         3027.2843882521      0.3080000000      13.5040634124      1.1700895004      0.0000000000
1.1064545625         2854.7026873029      0.3100000000      13.5019608373      1.1836696559      0.0000000000
1.1182284882         2693.3208217217      0.3120000000      13.4999105539      1.1972568905      0.0000000000
1.1299858538         2542.3423278508      0.3140000000      13.4979052160      1.2108484706      0.0000000000
1.1417243040         2401.0313531993      0.3160000000      13.4959378357      1.2244416900      0.0000000000
1.1534415236         2268.7079925109      0.3180000000      13.4940016861      1.2380338710      0.0000000000
1.1651352388         2144.7436616978      0.3200000000      13.4920903439      1.2516223668      0.0000000000
1.1768032198         2028.5568979822      0.3220000000      13.4901976929      1.2652045640      0.0000000000
1.1884432796         1919.6099917429      0.3240000000      13.4883178461      1.2787778819      0.0000000000
1.2000532775         1817.4049994142      0.3260000000      13.4864452638      1.2923397772      0.0000000000
1.2116311181         1721.4809816251      0.3280000000      13.4845745604      1.3058877427      0.0000000000
1.2231747535         1631.4110547540      0.3300000000      13.4827007197      1.3194193104      0.0000000000
1.2346821835         1546.7996135550      0.3320000000      13.4808188944      1.3329320519      0.0000000000
1.2461514560         1467.2798830305      0.3340000000      13.4789245122      1.3464235800      0.0000000000
1.2575806684         1392.5118372135      0.3360000000      13.4770132025      1.3598915494      0.0000000000
1.2689679672         1322.1799956091      0.3380000000      13.4750808528      1.3733336582      0.0000000000
1.2803115492         1255.9915280571      0.3400000000      13.4731235590      1.3867476484      0.0000000000
1.2916096611         1193.6746532980      0.3420000000      13.4711376011      1.4001313068      0.0000000000
1.3028606004         1134.9768434559      0.3440000000      13.4691195247      1.4134824662      0.0000000000
1.3140627151         1079.6635384860      0.3460000000      13.4670659893      1.4267990049      0.0000000000
1.3252144041         1027.5166796718      0.3480000000      13.4649739178      1.4400788487      0.0000000000
1.3363141168          978.3335186612      0.3500000000      13.4628403660      1.4533199703      0.0000000000
1.3473603540          931.9253951404      0.3520000000      13.4606626218      1.4665203908      0.0000000000
1.3583516665          888.1167847897      0.3540000000      13.4584380948      1.4796781787      0.0000000000
1.3692866558          846.7442970869      0.3560000000      13.4561643617      1.4927914511      0.0000000000
1.3801639739          807.6556714216      0.3580000000      13.4538392104      1.5058583742      0.0000000000
1.3909823225          770.7091503244      0.3600000000      13.4514605210      1.5188771622      0.0000000000
1.4017404530          735.7725404289      0.3620000000      13.4490263582      1.5318460789      0.0000000000
1.4124371664          702.7225732023      0.3640000000      13.4465349235      1.5447634365      0.0000000000
1.4230713121          671.4443153396      0.3660000000      13.4439845320      1.5576275964      0.0000000000
1.4336417882          641.8304270775      0.3680000000      13.4413736861      1.5704369687      0.0000000000
1.4441475404          613.7808128121      0.3700000000      13.4387009386      1.5831900119      0.0000000000
1.4545875620          587.2018787257      0.3720000000      13.4359650319      1.5958852336      0.0000000000
1.4649608928          562.0062893397      0.3740000000      13.4331647913      1.6085211889      0.0000000000
1.4752666187          538.1123244993      0.3760000000      13.4302991417      1.6210964813      0.0000000000
1.4855038711          515.4436549216      0.3780000000      13.4273671554      1.6336097619      0.0000000000
1.4956718264          493.9288225840      0.3800000000      13.4243679789      1.6460597294      0.0000000000
1.5057697047          473.5009998822      0.3820000000      13.4213008635      1.6584451287      0.0000000000
1.5157967696          454.0976074774      0.3840000000      13.4181651528      1.6707647518      0.0000000000
1.5257523274          435.6600818743      0.3860000000      13.4149602835      1.6830174364      0.0000000000
1.5356357260          418.1335373176      0.3880000000      13.4116857851      1.6952020658      0.0000000000
1.5454463544          401.4665258865      0.3900000000      13.4083412370      1.7073175683      0.0000000000
1.5551836420          385.6108213333      0.3920000000      13.4049263646      1.7193629167      0.0000000000
1.5648470574          370.5212230530      0.3940000000      13.4014408937      1.7313371274      0.0000000000
1.5744361080          356.1553006121      0.3960000000      13.3978846601      1.7432392602      0.0000000000
1.5839503388          342.4732172752      0.3980000000      13.3942575662      1.7550684179      0.0000000000
1.5933893319          329.4375951940      0.4000000000      13.3905595656      1.7668237447      0.0000000000
1.6027527053          317.0133285908      0.4020000000      13.3867906783      1.7785044264      0.0000000000
1.6120401124          305.1673985817      0.4040000000      13.3829510072      1.7901096898      0.0000000000
1.6212512409          293.8688120043      0.4060000000      13.3790406668      1.8016388011      0.0000000000
1.6303858120          283.0883996769      0.4080000000      13.3750598485      1.8130910661      0.0000000000
1.6394435797          272.7987343970      0.4100000000      13.3710088004      1.8244658292      0.0000000000
1.6484243297          262.9740046212      0.4120000000      13.3668878101      1.8357624726      0.0000000000
1.6573278787          253.5899169417      0.4140000000      13.3626971846      1.8469804155      0.0000000000
1.6661540736          244.6235896915      0.4160000000      13.3584373263      1.8581191137      0.0000000000
1.6749027905          236.0534766743      0.4180000000      13.3541086323      1.8691780586      0.0000000000
1.6835739339          227.8592756865      0.4200000000      13.3497115482      1.8801567764      0.0000000000
1.6921674360          220.0218361208      0.4220000000      13.3452465737      1.8910548275      0.0000000000
1.7006832558          212.5231128166      0.4240000000      13.3407142080      1.9018718058      0.0000000000
1.7091213783          205.3460733748      0.4260000000      13.3361150202      1.9126073379      0.0000000000
1.7174818134          198.4746634633      0.4280000000      13.3314495676      1.9232610820      0.0000000000
1.7257645957          191.8937079224      0.4300000000      13.3267184605      1.9338327276      0.0000000000
1.7339697833          185.5888894451      0.4320000000      13.3219223290      1.9443219949      0.0000000000
1.7420974570          179.5466769610      0.4340000000      13.3170618383      1.9547286336      0.0000000000
1.7501477195          173.7542953720      0.4360000000      13.3121376456      1.9650524220      0.0000000000
1.7581206951          168.1996564965      0.4380000000      13.3071504512      1.9752931670      0.0000000000
1.7660165284          162.8713417989      0.4400000000      13.3021009734      1.9854507028      0.0000000000
1.7738353839          157.7585382654      0.4420000000      13.2969899375      1.9955248904      0.0000000000
1.7815774452          152.8510296284      0.4440000000      13.2918180988      2.0055156166      0.0000000000
1.7892429140          148.1391403456      0.4460000000      13.2865862188      2.0154227938      0.0000000000
1.7968320101          143.6137009372      0.4480000000      13.2812950523      2.0252463587      0.0000000000
1.8043449699          139.2660405420      0.4500000000      13.2759454079      2.0349862721      0.0000000000
1.8117820463          135.0879390510      0.4520000000      13.2705380830      2.0446425179      0.0000000000
1.8191435080          131.0716006741      0.4540000000      13.2650738649      2.0542151025      0.0000000000
1.8264296385          127.2096446556      0.4560000000      13.2595535919      2.0637040543      0.0000000000
1.8336407357          123.4950719583      0.4580000000      13.2539780779      2.0731094225      0.0000000000
1.8407771116          119.9212319890      0.4600000000      13.2483481387      2.0824312772      0.0000000000
1.8478390909          116.4818234002      0.4620000000      13.2426646355      2.0916697083      0.0000000000
1.8548270114          113.1708661661      0.4640000000      13.2369283962      2.1008248248      0.0000000000
1.8617412225          109.9826770869      0.4660000000      13.2311402620      2.1098967543      0.0000000000
1.8685820854          106.9118581282      0.4680000000      13.2253010834      2.1188856427      0.0000000000
1.8753499721          103.9532857546      0.4700000000      13.2194117044      2.1277916529      0.0000000000
1.8820452649          101.1020901973      0.4720000000      13.2134729799      2.1366149649      0.0000000000
1.8886683561           98.3536384517      0.4740000000      13.2074857701      2.1453557747      0.0000000000
1.8952196475           95.7035282043      0.4760000000      13.2014509245      2.1540142942      0.0000000000
1.9016995494           93.1475735931      0.4780000000      13.1953692788      2.1625907500      0.0000000000
1.9081084810           90.6817858748      0.4800000000      13.1892417093      2.1710853838      0.0000000000
1.9144468689           88.3023755565      0.4820000000      13.1830690492      2.1794984506      0.0000000000
1.9207151478           86.0057315844      0.4840000000      13.1768521550      2.1878302195      0.0000000000
1.9269137590           83.7884150989      0.4860000000      13.1705918675      2.1960809722      0.0000000000
1.9330431504           81.6471522844      0.4880000000      13.1642890242      2.2042510029      0.0000000000
1.9391037766           79.5788215118      0.4900000000      13.1579444659      2.2123406178      0.0000000000
1.9450960975           77.5804517487      0.4920000000      13.1515590327      2.2203501347      0.0000000000
1.9510205787           75.6492078855      0.4940000000      13.1451335511      2.2282798820      0.0000000000
1.9568776908           73.7823838590      0.4960000000      13.1386688636      2.2361301992      0.0000000000
1.9626679091           71.9774026598      0.4980000000      13.1321657701      2.2439014354      0.0000000000
1.9683917132           70.2318055719      0.5000000000      13.1256250972      2.2515939494      0.0000000000
1.9740495866           68.5432433595      0.5020000000      13.1190476618      2.2592081096      0.0000000000
1.9796420167           66.9094737277      0.5040000000      13.1124342481      2.2667442927      0.0000000000
1.9851694941           65.3283581186      0.5060000000      13.1057856765      2.2742028843      0.0000000000
1.9906325122           63.7978518472      0.5080000000      13.0991027313      2.2815842773      0.0000000000
1.9960315676           62.3160020704      0.5100000000      13.0923862000      2.2888888729      0.0000000000
2.0013671590           60.8809433597      0.5120000000      13.0856368615      2.2961170791      0.0000000000
2.0066397874           59.4908912283      0.5140000000      13.0788554945      2.3032693110      0.0000000000
2.0118499556           58.1441390075      0.5160000000      13.0720428479      2.3103459901      0.0000000000
2.0169981680           56.8390585439      0.5180000000      13.0651996921      2.3173475438      0.0000000000
2.0220849308           55.5740875118      0.5200000000      13.0583267872      2.3242744059      0.0000000000
2.0271107506           54.3477338275      0.5220000000      13.0514248550      2.3311270149      0.0000000000
2.0320761355           53.1585692260      0.5240000000      13.0444946485      2.3379058153      0.0000000000
2.0369815941           52.0052266884      0.5260000000      13.0375368877      2.3446112557      0.0000000000
2.0418276356           50.8863940372      0.5280000000      13.0305522918      2.3512437899      0.0000000000
2.0466147690           49.8008191468      0.5300000000      13.0235415774      2.3578038754      0.0000000000
2.0513435040           48.7473003366      0.5320000000      13.0165054485      2.3642919741      0.0000000000
2.0560143496           47.7246867939      0.5340000000      13.0094445935      2.3707085511      0.0000000000
2.0606278149           46.7318741927      0.5360000000      13.0023597074      2.3770540755      0.0000000000
2.0651844084           45.7678053147      0.5380000000      12.9952514693      2.3833290192      0.0000000000
2.0696846378           44.8314659906      0.5400000000      12.9881205523      2.3895338571      0.0000000000
2.0741290100           43.9218827251      0.5420000000      12.9809676039      2.3956690666      0.0000000000
2.0785180312           43.0381234999      0.5440000000      12.9737932943      2.4017351279      0.0000000000
2.0828522062           42.1792913985      0.5460000000      12.9665982765      2.4077325233      0.0000000000
2.0871320386           41.3445283948      0.5480000000      12.9593831661      2.4136617368      0.0000000000
2.0913580306           40.5330091197      0.5500000000      12.9521486113      2.4195232544      0.0000000000
2.0955306828           39.7439417293      0.5520000000      12.9448952213      2.4253175635      0.0000000000
2.0996504943           38.9765643214      0.5540000000      12.9376236207      2.4310451531      0.0000000000
2.1037179624           38.2301478555      0.5560000000      12.9303343991      2.4367065132      0.0000000000
2.1077335823           37.5039897343      0.5580000000      12.9230281652      2.4423021348      0.0000000000
2.1116978476           36.7974143246      0.5600000000      12.9157055069      2.4478325097      0.0000000000
2.1156112493           36.1097739011      0.5620000000      12.9083669973      2.4532981304      0.0000000000
2.1194742765           35.4404447760      0.5640000000      12.9010132072      2.4586994895      0.0000000000
2.1232874162           34.7888277362      0.5660000000      12.8936447004      2.4640370804      0.0000000000
2.1270511525           34.1543460810      0.5680000000      12.8862620320      2.4693113963      0.0000000000
2.1307659676           33.5364452145      0.5700000000      12.8788657527      2.4745229306      0.0000000000
2.1344323408           32.9345902438      0.5720000000      12.8714564019      2.4796721762      0.0000000000
2.1380507488           32.3482686483      0.5740000000      12.8640345103      2.4847596259      0.0000000000
2.1416216659           31.7769855877      0.5760000000      12.8566005926      2.4897857722      0.0000000000
2.1451455633           31.2202653965      0.5780000000      12.8491551711      2.4947511068      0.0000000000
2.1486229097           30.6776483646      0.5800000000      12.8416987487      2.4996561208      0.0000000000
2.1520541707           30.1486947643      0.5820000000      12.8342318284      2.5045013043      0.0000000000
2.1554398091           29.6329770612      0.5840000000      12.8267548960      2.5092871469      0.0000000000
2.1587802847           29.1300875237      0.5860000000      12.8192684373      2.5140141365      0.0000000000
2.1620760542           28.6396306427      0.5880000000      12.8117729331      2.5186827606      0.0000000000
2.1653275714           28.1612239627      0.5900000000      12.8042688485      2.5232935050      0.0000000000
2.1685352869           27.6945024908      0.5920000000      12.7967566402      2.5278468541      0.0000000000
2.1716996480           27.2391114024      0.5940000000      12.7892367690      2.5323432909      0.0000000000
2.1748210990           26.7947094686      0.5960000000      12.7817096781      2.5367832971      0.0000000000
2.1779000810           26.3609673816      0.5980000000      12.7741758040      2.5411673522      0.0000000000
2.1809370318           25.9375673570      0.6000000000      12.7666355809      2.5454959351      0.0000000000
2.1839323858           25.5242029700      0.6020000000      12.7590894328      2.5497695214      0.0000000000
2.1868865744           25.1205784779      0.6040000000      12.7515377778      2.5539885863      0.0000000000
2.1898000254           24.7264081624      0.6060000000      12.7439810308      2.5581536020      0.0000000000
2.1926731633           24.3414155845      0.6080000000      12.7364195826      2.5622650394      0.0000000000
2.1955064093           23.9653357035      0.6100000000      12.7288538384      2.5663233666      0.0000000000
2.1983001812           23.5979104031      0.6120000000      12.7212841942      2.5703290504      0.0000000000
2.2010548936           23.2388911759      0.6140000000      12.7137110227      2.5742825550      0.0000000000
2.2037709572           22.8880386841      0.6160000000      12.7061347047      2.5781843421      0.0000000000
2.2064487798           22.5451204045      0.6180000000      12.6985556147      2.5820348715      0.0000000000
2.2090887656           22.2099123903      0.6200000000      12.6909741085      2.5858346005      0.0000000000
2.2116913152           21.8821976326      0.6220000000      12.6833905514      2.5895839841      0.0000000000
2.2142568260           21.5617673139      0.6240000000      12.6758052934      2.5932834747      0.0000000000
2.2167856918           21.2484176490      0.6260000000      12.6682186705      2.5969335221      0.0000000000
2.2192783031           20.9419536855      0.6280000000      12.6606310318      2.6005345740      0.0000000000
2.2217350468           20.6421856520      0.6300000000      12.6530427095      2.6040870751      0.0000000000
2.2241563065           20.3489301661      0.6320000000      12.6454540236      2.6075914678      0.0000000000
2.2265424624           20.0620092924      0.6340000000      12.6378652999      2.6110481918      0.0000000000
2.2288938910           19.7812519087      0.6360000000      12.6302768548      2.6144576838      0.0000000000
2.2312109656           19.5064916505      0.6380000000      12.6226889958      2.6178203782      0.0000000000
2.2334940562           19.2375677029      0.6400000000      12.6151020263      2.6211367067      0.0000000000
2.2357435290           18.9743241604      0.6420000000      12.6075162459      2.6244070979      0.0000000000
2.2379597470           18.7166101730      0.6440000000      12.5999319463      2.6276319778      0.0000000000
2.2401430700           18.4642796289      0.6460000000      12.5923494165      2.6308117699      0.0000000000
2.2422938540           18.2171911703      0.6480000000      12.5847689381      2.6339468943      0.0000000000
2.2444124519           17.9752075515      0.6500000000      12.5771907877      2.6370377686      0.0000000000
2.2464992132           17.7381956940      0.6520000000      12.5696152296      2.6400848076      0.0000000000
2.2485544841           17.5060270091      0.6540000000      12.5620425460      2.6430884232      0.0000000000
2.2505786073           17.2785770341      0.6560000000      12.5544729829      2.6460490243      0.0000000000
2.2525719222           17.0557244039      0.6580000000      12.5469068076      2.6489670169      0.0000000000
2.2545347651           16.8373518193      0.6600000000      12.5393442645      2.6518428043      0.0000000000
2.2564674688           16.6233459814      0.6620000000      12.5317856038      2.6546767866      0.0000000000
2.2583703628           16.4135960352      0.6640000000      12.5242310628      2.6574693611      0.0000000000
2.2602437736           16.2079952448      0.6660000000      12.5166808892      2.6602209225      0.0000000000
2.2620880241           16.0064399567      0.6680000000      12.5091353032      2.6629318619      0.0000000000
2.2639034344           15.8088294007      0.6700000000      12.5015945450      2.6656025680      0.0000000000
2.2656903209           15.6150657889      0.6720000000      12.4940588243      2.6682334264      0.0000000000
2.2674489972           15.4250543083      0.6740000000      12.4865283737      2.6708248195      0.0000000000
2.2691797736           15.2387029442      0.6760000000      12.4790033981      2.6733771272      0.0000000000
2.2708829573           15.0559224980      0.6780000000      12.4714841143      2.6758907262      0.0000000000
2.2725588522           14.8766260107      0.6800000000      12.4639707264      2.6783659900      0.0000000000
2.2742077593           14.7007294361      0.6820000000      12.4564634402      2.6808032899      0.0000000000
2.2758299766           14.5281509524      0.6840000000      12.4489624382      2.6832029934      0.0000000000
2.2774257987           14.3588107979      0.6860000000      12.4414679383      2.6855654656      0.0000000000
2.2789955174           14.1926322412      0.6880000000      12.4339801153      2.6878910684      0.0000000000
2.2805394214           14.0295400207      0.6900000000      12.4264991586      2.6901801610      0.0000000000
2.2820577966           13.8694613827      0.6920000000      12.4190252547      2.6924330997      0.0000000000
2.2835509255           13.7123255613      0.6940000000      12.4115585767      2.6946502372      0.0000000000
2.2850190882           13.5580637271      0.6960000000      12.4040993005      2.6968319242      0.0000000000
2.2864625613           13.4066089780      0.6980000000      12.3966475978      2.6989785081      0.0000000000
2.2878816189           13.2578962723      0.7000000000      12.3892036367      2.7010903330      0.0000000000
2.2892765321           13.1118624453      0.7020000000      12.3817675813      2.7031677411      0.0000000000
2.2906475692           12.9684460666      0.7040000000      12.3743395921      2.7052110708      0.0000000000
2.2919949955           12.8275872184      0.7060000000      12.3669198264      2.7072206578      0.0000000000
2.2933190736           12.6892278329      0.7080000000      12.3595084394      2.7091968354      0.0000000000
2.2946200635           12.5533114567      0.7100000000      12.3521055827      2.7111399337      0.0000000000
2.2958982220           12.4197826852      0.7120000000      12.3447113972      2.7130502799      0.0000000000
2.2971538035           12.2885881750      0.7140000000      12.3373260358      2.7149281986      0.0000000000
2.2983870595           12.1596761176      0.7160000000      12.3299496302      2.7167740113      0.0000000000
2.2995982390           12.0329956187      0.7180000000      12.3225823281      2.7185880369      0.0000000000
2.3007875882           11.9084970566      0.7200000000      12.3152242527      2.7203705917      0.0000000000
2.3019553507           11.7861326858      0.7220000000      12.3078755454      2.7221219886      0.0000000000
2.3031017675           11.6658558083      0.7240000000      12.3005363322      2.7238425387      0.0000000000
2.3042270768           11.5476205054      0.7260000000      12.2932067389      2.7255325493      0.0000000000
2.3053315145           11.4313829575      0.7280000000      12.2858868884      2.7271923255      0.0000000000
2.3064153139           11.3170994740      0.7300000000      12.2785768962      2.7288221699      0.0000000000
2.3074787056           11.2047283615      0.7320000000      12.2712768908      2.7304223821      0.0000000000
2.3085219180           11.0942283300      0.7340000000      12.2639869727      2.7319932590      0.0000000000
2.3095451766           10.9855597443      0.7360000000      12.2567072674      2.7335350947      0.0000000000
2.3105487050           10.8786834752      0.7380000000      12.2494378752      2.7350481813      0.0000000000
2.3115327237           10.7735618951      0.7400000000      12.2421789065      2.7365328073      0.0000000000
2.3124974514           10.6701578649      0.7420000000      12.2349304700      2.7379892593      0.0000000000
2.3134431041           10.5684354356      0.7440000000      12.2276926567      2.7394178210      0.0000000000
2.3143698956           10.4683595311      0.7460000000      12.2204655766      2.7408187737      0.0000000000
2.3152780371           10.3698960122      0.7480000000      12.2132493255      2.7421923958      0.0000000000
2.3161677378           10.2730113620      0.7500000000      12.2060439864      2.7435389634      0.0000000000
2.3170392044           10.1776733082      0.7520000000      12.1988496636      2.7448587501      0.0000000000
2.3178926415           10.0838498836      0.7540000000      12.1916664475      2.7461520268      0.0000000000
2.3187282512            9.9915103414      0.7560000000      12.1844944232      2.7474190619      0.0000000000
2.3195462336            9.9006245146      0.7580000000      12.1773336666      2.7486601215      0.0000000000
2.3203467867            9.8111629191      0.7600000000      12.1701842720      2.7498754692      0.0000000000
2.3211301061            9.7230969228      0.7620000000      12.1630463195      2.7510653657      0.0000000000
2.3218963852            9.6363984263      0.7640000000      12.1559198892      2.7522300702      0.0000000000
2.3226458155            9.5510401151      0.7660000000      12.1488050544      2.7533698384      0.0000000000
2.3233785862            9.4669954237      0.7680000000      12.1417018920      2.7544849244      0.0000000000
2.3240948845            9.3842383070      0.7700000000      12.1346104742      2.7555755794      0.0000000000
2.3247948955            9.3027433442      0.7720000000      12.1275308728      2.7566420526      0.0000000000
2.3254788024            9.2224857496      0.7740000000      12.1204631559      2.7576845908      0.0000000000
2.3261467861            9.1434413343      0.7760000000      12.1134073911      2.7587034381      0.0000000000
2.3267990257            9.0655864684      0.7780000000      12.1063636444      2.7596988369      0.0000000000
2.3274356984            8.9888980906      0.7800000000      12.0993319795      2.7606710269      0.0000000000
2.3280569791            8.9133536441      0.7820000000      12.0923124579      2.7616202455      0.0000000000
2.3286630411            8.8389311460      0.7840000000      12.0853051379      2.7625467281      0.0000000000
2.3292540557            8.7656091328      0.7860000000      12.0783100799      2.7634507078      0.0000000000
2.3298301922            8.6933665594      0.7880000000      12.0713273450      2.7643324152      0.0000000000
2.3303916181            8.6221828530      0.7900000000      12.0643569815      2.7651920790      0.0000000000
2.3309384991            8.5520381007      0.7920000000      12.0573990415      2.7660299256      0.0000000000
2.3314709988            8.4829127926      0.7940000000      12.0504535826      2.7668461792      0.0000000000
2.3319892794            8.4147877497      0.7960000000      12.0435206475      2.7676410621      0.0000000000
2.3324935009            8.3476442654      0.7980000000      12.0366002961      2.7684147940      0.0000000000
2.3329838219            8.2814639043      0.8000000000      12.0296925627      2.7691675930      0.0000000000
2.3334603988            8.2162290489      0.8020000000      12.0227975018      2.7698996747      0.0000000000
2.3339233868            8.1519223889      0.8040000000      12.0159151502      2.7706112529      0.0000000000
2.3343729389            8.0885264003      0.8060000000      12.0090455600      2.7713025393      0.0000000000
2.3348092067            8.0260247198      0.8080000000      12.0021887659      2.7719737435      0.0000000000
2.3352323399            7.9644012013      0.8100000000      11.9953448054      2.7726250727      0.0000000000
2.3356424868            7.9036394145      0.8120000000      11.9885137229      2.7732567329      0.0000000000
2.3360397937            7.8437241341      0.8140000000      11.9816955533      2.7738689275      0.0000000000
2.3364244056            7.7846401368      0.8160000000      11.9748903309      2.7744618581      0.0000000000
2.3367964658            7.7263722656      0.8180000000      11.9680980915      2.7750357245      0.0000000000
2.3371561160            7.6689062203      0.8200000000      11.9613188676      2.7755907242      0.0000000000
2.3375034962            7.6122273951      0.8220000000      11.9545526921      2.7761270531      0.0000000000
2.3378387449            7.5563221676      0.8240000000      11.9477995955      2.7766449050      0.0000000000
2.3381619992            7.5011765814      0.8260000000      11.9410596048      2.7771444720      0.0000000000
2.3384733949            7.4467775472      0.8280000000      11.9343327520      2.7776259445      0.0000000000
2.3387730655            7.3931117273      0.8300000000      11.9276190614      2.7780895104      0.0000000000
2.3390611437            7.3401665648      0.8320000000      11.9209185599      2.7785353563      0.0000000000
2.3393377606            7.2879292977      0.8340000000      11.9142312756      2.7789636667      0.0000000000
2.3396030456            7.2363878576      0.8360000000      11.9075572261      2.7793746245      0.0000000000
2.3398571270            7.1855302477      0.8380000000      11.9008964417      2.7797684109      0.0000000000
2.3401001316            7.1353445127      0.8400000000      11.8942489343      2.7801452052      0.0000000000
2.3403321846            7.0858194167      0.8420000000      11.8876147307      2.7805051849      0.0000000000
2.3405534098            7.0369434518      0.8440000000      11.8809938551      2.7808485253      0.0000000000
2.3407639300            6.9887057341      0.8460000000      11.8743863150      2.7811754013      0.0000000000
2.3409638662            6.9410955256      0.8480000000      11.8677921324      2.7814859844      0.0000000000
2.3411533384            6.8941020873      0.8500000000      11.8612113340      2.7817804460      0.0000000000
2.3413324652            6.8477151004      0.8520000000      11.8546439174      2.7820589551      0.0000000000
2.3415013634            6.8019245362      0.8540000000      11.8480899091      2.7823216783      0.0000000000
2.3416601493            6.7567203770      0.8560000000      11.8415493216      2.7825687818      0.0000000000
2.3418089376            6.7120928611      0.8580000000      11.8350221696      2.7828004300      0.0000000000
2.3419478414            6.6680324926      0.8600000000      11.8285084552      2.7830167847      0.0000000000
2.3420769729            6.6245299245      0.8620000000      11.8220082009      2.7832180073      0.0000000000
2.3421964430            6.5815760708      0.8640000000      11.8155214088      2.7834042568      0.0000000000
2.3423063614            6.5391617626      0.8660000000      11.8090480992      2.7835756911      0.0000000000
2.3424068365            6.4972784209      0.8680000000      11.8025882737      2.7837324664      0.0000000000
2.3424979756            6.4559173764      0.8700000000      11.7961419333      2.7838747372      0.0000000000
2.3425798845            6.4150700673      0.8720000000      11.7897090952      2.7840026565      0.0000000000
2.3426526683            6.3747283477      0.8740000000      11.7832897639      2.7841163761      0.0000000000
2.3427164307            6.3348840900      0.8760000000      11.7768839429      2.7842160461      0.0000000000
2.3427712743            6.2955293181      0.8780000000      11.7704916377      2.7843018154      0.0000000000
2.3428173006            6.2566561861      0.8800000000      11.7641128532      2.7843738307      0.0000000000
2.3428546098            6.2182570859      0.8820000000      11.7577475941      2.7844322379      0.0000000000
2.3428833012            6.1803245458      0.8840000000      11.7513958616      2.7844771815      0.0000000000
2.3429034730            6.1428512038      0.8860000000      11.7450576573      2.7845088042      0.0000000000
2.3429152222            6.1058298497      0.8880000000      11.7387329825      2.7845272475      0.0000000000
2.3429186448            6.0692534156      0.8900000000      11.7324218380      2.7845326515      0.0000000000
2.3429138356            6.0331149684      0.8920000000      11.7261242232      2.7845251546      0.0000000000
2.3429008888            5.9974077078      0.8940000000      11.7198401386      2.7845048945      0.0000000000
2.3428798970            5.9621249638      0.8960000000      11.7135695825      2.7844720071      0.0000000000
2.3428509522            5.9272601954      0.8980000000      11.7073125532      2.7844266269      0.0000000000
2.3428141450            5.8928069892      0.9000000000      11.7010690485      2.7843688872      0.0000000000
2.3427695656            5.8587590368      0.9020000000      11.6948390660      2.7842989203      0.0000000000
2.3427173025            5.8251101164      0.9040000000      11.6886226007      2.7842168564      0.0000000000
2.3426574438            5.7918541938      0.9060000000      11.6824196511      2.7841228251      0.0000000000
2.3425900763            5.7589853342      0.9080000000      11.6762302109      2.7840169546      0.0000000000
2.3425152860            5.7264977282      0.9100000000      11.6700542752      2.7838993717      0.0000000000
2.3424331579            5.6943855929      0.9120000000      11.6638918365      2.7837702019      0.0000000000
2.3423437763            5.6626432766      0.9140000000      11.6577428889      2.7836295699      0.0000000000
2.3422472240            5.6312653077      0.9160000000      11.6516074269      2.7834775983      0.0000000000
2.3421435836            5.6002463341      0.9180000000      11.6454854413      2.7833144095      0.0000000000
2.3420329362            5.5695809124      0.9200000000      11.6393769268      2.7831401239      0.0000000000
2.3419153626            5.5392638762      0.9220000000      11.6332818787      2.7829548614      0.0000000000
2.3417909420            5.5092900731      0.9240000000      11.6272002787      2.7827587397      0.0000000000
2.3416597535            5.4796544463      0.9260000000      11.6211321242      2.7825518768      0.0000000000
2.3415218747            5.4503521842      0.9280000000      11.6150774022      2.7823343881      0.0000000000
2.3413773828            5.4213783011      0.9300000000      11.6090361069      2.7821063886      0.0000000000
2.3412263540            5.3927280628      0.9320000000      11.6030082276      2.7818679922      0.0000000000
2.3410688635            5.3643967394      0.9340000000      11.5969937472      2.7816193116      0.0000000000
2.3409049859            5.3363798758      0.9360000000      11.5909926583      2.7813604580      0.0000000000
2.3407347950            5.3086728565      0.9380000000      11.5850049525      2.7810915418      0.0000000000
2.3405583637            5.2812712000      0.9400000000      11.5790306108      2.7808126729      0.0000000000
2.3403757640            5.2541705684      0.9420000000      11.5730696276      2.7805239586      0.0000000000
2.3401870675            5.2273668662      0.9440000000      11.5671219826      2.7802255069      0.0000000000
2.3399923447            5.2008556298      0.9460000000      11.5611876714      2.7799174238      0.0000000000
2.3397916653            5.1746328101      0.9480000000      11.5552666743      2.7795998141      0.0000000000
2.3395850983            5.1486944946      0.9500000000      11.5493589752      2.7792727817      0.0000000000
2.3393727124            5.1230364754      0.9520000000      11.5434645671      2.7789364303      0.0000000000
2.3391545748            5.0976548996      0.9540000000      11.5375834308      2.7785908612      0.0000000000
2.3389307523            5.0725461056      0.9560000000      11.5317155520      2.7782361755      0.0000000000
2.3387013113            5.0477059902      0.9580000000      11.5258609117      2.7778724735      0.0000000000
2.3384663170            5.0231310637      0.9600000000      11.5200194985      2.7774998541      0.0000000000
2.3382258344            4.9988175743      0.9620000000      11.5141913011      2.7771184156      0.0000000000
2.3379799270            4.9747619107      0.9640000000      11.5083762934      2.7767282542      0.0000000000
2.3377286585            4.9509606866      0.9660000000      11.5025744654      2.7763294668      0.0000000000
2.3374720914            4.9274102383      0.9680000000      11.4967857946      2.7759221484      0.0000000000
2.3372102876            4.9041072997      0.9700000000      11.4910102686      2.7755063930      0.0000000000
2.3369433085            4.8810483868      0.9720000000      11.4852478680      2.7750822943      0.0000000000
2.3366712146            4.8582303142      0.9740000000      11.4794985757      2.7746499444      0.0000000000
2.3363940660            4.8356497428      0.9760000000      11.4737623746      2.7742094348      0.0000000000
2.3361119221            4.8133035633      0.9780000000      11.4680392447      2.7737608564      0.0000000000
2.3358248414            4.7911885587      0.9800000000      11.4623291698      2.7733042984      0.0000000000
2.3355328820            4.7693017304      0.9820000000      11.4566321278      2.7728398498      0.0000000000
2.3352361014            4.7476399531      0.9840000000      11.4509481034      2.7723675987      0.0000000000
2.3349345563            4.7262003440      0.9860000000      11.4452770745      2.7718876318      0.0000000000
2.3346283031            4.7049798503      0.9880000000      11.4396190228      2.7714000356      0.0000000000
2.3343173974            4.6839757111      0.9900000000      11.4339739306      2.7709048955      0.0000000000
2.3340018941            4.6631849429      0.9920000000      11.4283417719      2.7704022960      0.0000000000
2.3336818477            4.6426048928      0.9940000000      11.4227225330      2.7698923204      0.0000000000
2.3333573120            4.6222327220      0.9960000000      11.4171161890      2.7693750522      0.0000000000
2.3330283403            4.6020657794      0.9980000000      11.4115227227      2.7688505730      0.0000000000
2.3326949853            4.5821014269      1.0000000000      11.4059421107      2.7683189641      0.0000000000
2.3323572992            4.5623369635      1.0020000000      11.4003743345      2.7677803063      0.0000000000
2.3320153335            4.5427698791      1.0040000000      11.3948193729      2.7672346789      0.0000000000
2.3316691394            4.5233975641      1.0060000000      11.3892772017      2.7666821610      0.0000000000
2.3313187671            4.5042176225      1.0080000000      11.3837478015      2.7661228305      0.0000000000
2.3309642668            4.4852276271      1.0100000000      11.3782311507      2.7655567649      0.0000000000
2.3306056878            4.4664249555      1.0120000000      11.3727272263      2.7649840407      0.0000000000
2.3302430791            4.4478074539      1.0140000000      11.3672360082      2.7644047339      0.0000000000
2.3298764890            4.4293727222      1.0160000000      11.3617574725      2.7638189193      0.0000000000
2.3295059654            4.4111183694      1.0180000000      11.3562915965      2.7632266717      0.0000000000
2.3291315555            4.3930422516      1.0200000000      11.3508383595      2.7626280641      0.0000000000
2.3287533066            4.3751421098      1.0220000000      11.3453977387      2.7620231701      0.0000000000
2.3283712645            4.3574156397      1.0240000000      11.3399697080      2.7614120614      0.0000000000
2.3279854754            4.3398608332      1.0260000000      11.3345542484      2.7607948097      0.0000000000
2.3275959846            4.3224755342      1.0280000000      11.3291513368      2.7601714858      0.0000000000
2.3272028371            4.3052574798      1.0300000000      11.3237609460      2.7595421597      0.0000000000
2.3268060771            4.2882048522      1.0320000000      11.3183830563      2.7589069008      0.0000000000
2.3264057489            4.2713154650      1.0340000000      11.3130176435      2.7582657782      0.0000000000
2.3260018955            4.2545873692      1.0360000000      11.3076646843      2.7576188591      0.0000000000
2.3255945603            4.2380185509      1.0380000000      11.3023241510      2.7569662116      0.0000000000
2.3251837858            4.2216071546      1.0400000000      11.2969960255      2.7563079023      0.0000000000
2.3247696142            4.2053512106      1.0420000000      11.2916802808      2.7556439972      0.0000000000
2.3243520871            4.1892488533      1.0440000000      11.2863768960      2.7549745620      0.0000000000
2.3239312457            4.1732981890      1.0460000000      11.2810858393      2.7542996611      0.0000000000
2.3235071309            4.1574974812      1.0480000000      11.2758070947      2.7536193590      0.0000000000
2.3230797829            4.1418448651      1.0500000000      11.2705406331      2.7529337188      0.0000000000
2.3226492419            4.1263386064      1.0520000000      11.2652864325      2.7522428038      0.0000000000
2.3222155473            4.1109769220      1.0540000000      11.2600444680      2.7515466761      0.0000000000
2.3217787383            4.0957581168      1.0560000000      11.2548147114      2.7508453976      0.0000000000
2.3213388536            4.0806805220      1.0580000000      11.2495971432      2.7501390293      0.0000000000
2.3208959314            4.0657424419      1.0600000000      11.2443917353      2.7494276317      0.0000000000
2.3204500097            4.0509422348      1.0620000000      11.2391984637      2.7487112647      0.0000000000
2.3200011260            4.0362782948      1.0640000000      11.2340173057      2.7479899876      0.0000000000
2.3195493173            4.0217490345      1.0660000000      11.2288482304      2.7472638590      0.0000000000
2.3190946206            4.0073528465      1.0680000000      11.2236912162      2.7465329375      0.0000000000
2.3186370719            3.9930882304      1.0700000000      11.2185462385      2.7457972803      0.0000000000
2.3181767074            3.9789536353      1.0720000000      11.2134132727      2.7450569445      0.0000000000
2.3177135626            3.9649475388      1.0740000000      11.2082922901      2.7443119869      0.0000000000
2.3172476726            3.9510684906      1.0760000000      11.2031832677      2.7435624630      0.0000000000
2.3167790725            3.9373150453      1.0780000000      11.1980861811      2.7428084287      0.0000000000
2.3163077965            3.9236857318      1.0800000000      11.1930010037      2.7420499382      0.0000000000
2.3158338790            3.9101791384      1.0820000000      11.1879277073      2.7412870466      0.0000000000
2.3153573534            3.8967938505      1.0840000000      11.1828662669      2.7405198069      0.0000000000
2.3148782536            3.8835285245      1.0860000000      11.1778166598      2.7397482730      0.0000000000
2.3143966123            3.8703817876      1.0880000000      11.1727788590      2.7389724976      0.0000000000
2.3139124622            3.8573522917      1.0900000000      11.1677528387      2.7381925323      0.0000000000
2.3134258359            3.8444387277      1.0920000000      11.1627385733      2.7374084298      0.0000000000
2.3129367653            3.8316397954      1.0940000000      11.1577360354      2.7366202405      0.0000000000
2.3124452821            3.8189541974      1.0960000000      11.1527452000      2.7358280156      0.0000000000
2.3119514178            3.8063806903      1.0980000000      11.1477660410      2.7350318051      0.0000000000
2.3114552033            3.7939180181      1.1000000000      11.1427985327      2.7342316589      0.0000000000
2.3109566694            3.7815649489      1.1020000000      11.1378426491      2.7334276261      0.0000000000
2.3104558466            3.7693202715      1.1040000000      11.1328983644      2.7326197558      0.0000000000
2.3099527649            3.7571827875      1.1060000000      11.1279656520      2.7318080961      0.0000000000
2.3094474541            3.7451513193      1.1080000000      11.1230444862      2.7309926950      0.0000000000
2.3089399435            3.7332247011      1.1100000000      11.1181348399      2.7301735994      0.0000000000
2.3084302627            3.7214017875      1.1120000000      11.1132366884      2.7293508569      0.0000000000
2.3079184402            3.7096814502      1.1140000000      11.1083500041      2.7285245136      0.0000000000
2.3074045047            3.6980625739      1.1160000000      11.1034747614      2.7276946156      0.0000000000
2.3068884845            3.6865440594      1.1180000000      11.0986109339      2.7268612085      0.0000000000
2.3063704075            3.6751248177      1.1200000000      11.0937584956      2.7260243375      0.0000000000
2.3058503015            3.6638037773      1.1220000000      11.0889174200      2.7251840470      0.0000000000
2.3053281938            3.6525798864      1.1240000000      11.0840876811      2.7243403815      0.0000000000
2.3048041115            3.6414521025      1.1260000000      11.0792692525      2.7234933848      0.0000000000
2.3042780816            3.6304193990      1.1280000000      11.0744621081      2.7226431004      0.0000000000
2.3037501305            3.6194807630      1.1300000000      11.0696662211      2.7217895709      0.0000000000
2.3032202846            3.6086351900      1.1320000000      11.0648815657      2.7209328393      0.0000000000
2.3026885699            3.5978816922      1.1340000000      11.0601081147      2.7200729477      0.0000000000
2.3021550122            3.5872193031      1.1360000000      11.0553458420      2.7192099378      0.0000000000
2.3016196369            3.5766470613      1.1380000000      11.0505947218      2.7183438508      0.0000000000
2.3010824692            3.5661640151      1.1400000000      11.0458547272      2.7174747277      0.0000000000
2.3005435342            3.5557692373      1.1420000000      11.0411258330      2.7166026094      0.0000000000
2.3000028565            3.5454618089      1.1440000000      11.0364080125      2.7157275354      0.0000000000
2.2994604606            3.5352407978      1.1460000000      11.0317012397      2.7148495461      0.0000000000
2.2989163707            3.5251053095      1.1480000000      11.0270054844      2.7139686806      0.0000000000
2.2983706107            3.5150544722      1.1500000000      11.0223207234      2.7130849779      0.0000000000
2.2978232044            3.5050874070      1.1520000000      11.0176469304      2.7121984766      0.0000000000
2.2972741755            3.4952032453      1.1540000000      11.0129840812      2.7113092156      0.0000000000
2.2967235466            3.4854011328      1.1560000000      11.0083321464      2.7104172316      0.0000000000
2.2961713411            3.4756802373      1.1580000000      11.0036911000      2.7095225629      0.0000000000
2.2956175817            3.4660397267      1.1600000000      10.9990609161      2.7086252465      0.0000000000
2.2950622910            3.4564787829      1.1620000000      10.9944415707      2.7077253192      0.0000000000
2.2945054910            3.4469965744      1.1640000000      10.9898330343      2.7068228172      0.0000000000
2.2939472041            3.4375923280      1.1660000000      10.9852352792      2.7059177769      0.0000000000
2.2933874520            3.4282652568      1.1680000000      10.9806482824      2.7050102341      0.0000000000
2.2928262564            3.4190145677      1.1700000000      10.9760720203      2.7041002244      0.0000000000
2.2922636383            3.4098394904      1.1720000000      10.9715064604      2.7031877819      0.0000000000
2.2916996193            3.4007392876      1.1740000000      10.9669515797      2.7022729420      0.0000000000
2.2911342203            3.3917132007      1.1760000000      10.9624073554      2.7013557395      0.0000000000
2.2905674619            3.3827604467      1.1780000000      10.9578737534      2.7004362076      0.0000000000
2.2899993646            3.3738803712      1.1800000000      10.9533507517      2.6995143806      0.0000000000
2.2894299488            3.3650722140      1.1820000000      10.9488383272      2.6985902914      0.0000000000
2.2888592347            3.3563352584      1.1840000000      10.9443364494      2.6976639736      0.0000000000
2.2882872419            3.3476688260      1.1860000000      10.9398450941      2.6967354593      0.0000000000
2.2877139905            3.3390721764      1.1880000000      10.9353642371      2.6958047819      0.0000000000
2.2871394997            3.3305446648      1.1900000000      10.9308938461      2.6948719725      0.0000000000
2.2865637889            3.3220856242      1.1920000000      10.9264339019      2.6939370636      0.0000000000
2.2859868773            3.3136943475      1.1940000000      10.9219843760      2.6930000866      0.0000000000
2.2854087837            3.3053702120      1.1960000000      10.9175452425      2.6920610724      0.0000000000
2.2848295267            3.2971125080      1.1980000000      10.9131164755      2.6911200521      0.0000000000
2.2842491251            3.2889206510      1.2000000000      10.9086980464      2.6901770563      0.0000000000
