      Rhob                Epsilon              Pressure               SoundV
0.4730000000E-14      0.4409040000E-11      0.6303830000E-24      0.2528270000E-09
0.4760000000E-14      0.4431480000E-11      0.6303830000E-23      0.3286900000E-09
0.4910000000E-14      0.4571720000E-11      0.6303830000E-22      0.3811090000E-09
0.6990000000E-14      0.6506980000E-11      0.7552120000E-21      0.1661210000E-08
0.9900000000E-14      0.9199530000E-11      0.8737990000E-20      0.4506330000E-08
0.2720000000E-13      0.2529870000E-10      0.1061040000E-18      0.2185710000E-07
0.1270000000E-12      0.1189210000E-09      0.3632510000E-17      0.1280710000E-06
0.6930000000E-12      0.6450890000E-09      0.1185870000E-15      0.6813760000E-06
0.6295000000E-11      0.5856290000E-08      0.6081640000E-14      0.1980100000E-05
0.1581000000E-10      0.1470800000E-07      0.3100740000E-13      0.4121830000E-05
0.3972000000E-10      0.3694960000E-07      0.1517290000E-12      0.7788630000E-05
0.9976000000E-10      0.9278060000E-07      0.7183870000E-12      0.1422460000E-04
0.2506000000E-09      0.2331300000E-06      0.3286730000E-11      0.2500930000E-04
0.6294000000E-09      0.5856290000E-06      0.1446760000E-10      0.4207890000E-04
0.1581000000E-08      0.1470800000E-05      0.6088500000E-10      0.6739699893E-04
0.3972000000E-08      0.3695520000E-05      0.2441020000E-09      0.8516180000E-04
0.5000000000E-08      0.4651930000E-05      0.3282360000E-09      0.1052360000E-03
0.9976000000E-08      0.9283670000E-05      0.8956430000E-09      0.1422520000E-03
0.1990000000E-07      0.1852250000E-04      0.2392340000E-08      0.1863930000E-03
0.3972000000E-07      0.3696080000E-04      0.6278870000E-08      0.2408930000E-03
0.7924000000E-07      0.7376450000E-04      0.1625270000E-07      0.3085620000E-03
0.1581000000E-06      0.1471920000E-03      0.4166770000E-07      0.3417580000E-03
0.1990000000E-06      0.1853370000E-03      0.5453750000E-07      0.3860480000E-03
0.3155000000E-06      0.2937680000E-03      0.1016730000E-06      0.4315500000E-03
0.5000000000E-06      0.4656420000E-03      0.1890530000E-06      0.4889620000E-03
0.6294000000E-06      0.5861890000E-03      0.2577080000E-06      0.5509610000E-03
0.7924000000E-06      0.7382060000E-03      0.3143180000E-06      0.6137740000E-03
0.9976000000E-06      0.9294890000E-03      0.4281610000E-06      0.6540150000E-03
0.1581000000E-05      0.1470000000E-02      0.7939080000E-06      0.7285460000E-03
0.2506000000E-05      0.2340000000E-02      0.1470480000E-05      0.8500470000E-03
0.3972000000E-05      0.3700000000E-02      0.2722510000E-05      0.8906300000E-03
0.5000000000E-05      0.4660000000E-02      0.3533890000E-05      0.9510480000E-03
0.6294000000E-05      0.5870000000E-02      0.4807140000E-05      0.1100000000E-02
0.7924000000E-05      0.7390000000E-02      0.6541010000E-05      0.1180000000E-02
0.9976000000E-05      0.9310000000E-02      0.8894020000E-05      0.1280000000E-02
0.1256000000E-04      0.1172000000E-01      0.1209590000E-04      0.1300000000E-02
0.1581000000E-04      0.1476000000E-01      0.1562230000E-04      0.1320000000E-02
0.1990000000E-04      0.1858000000E-01      0.2124580000E-04      0.1390000000E-02
0.2506000000E-04      0.2340000000E-01      0.2888530000E-04      0.1470000000E-02
0.3155000000E-04      0.2947000000E-01      0.3713020000E-04      0.1550000000E-02
0.3972000000E-04      0.3712000000E-01      0.5048680000E-04      0.1820000000E-02
0.5000000000E-04      0.4674000000E-01      0.6865560000E-04      0.1960000000E-02
0.6294000000E-04      0.5884000000E-01      0.9330920000E-04      0.2110000000E-02
0.7924000000E-04      0.7416000000E-01      0.1268880000E-03      0.2150000000E-02
0.9976000000E-04      0.9334000000E-01      0.1620900000E-03      0.2190000000E-02
0.1105000000E-03      0.1034400000E+00      0.1805020000E-03      0.2220000000E-02
0.1256000000E-03      0.1175700000E+00      0.2053430000E-03      0.2270000000E-02
0.1581000000E-03      0.1480900000E+00      0.2791790000E-03      0.2300000000E-02
0.1990000000E-03      0.1865100000E+00      0.3630010000E-03      0.2350000000E-02
0.2506000000E-03      0.2349200000E+00      0.4704780000E-03      0.2420000000E-02
0.2572000000E-03      0.2411500000E+00      0.4871430000E-03      0.1640000000E-02
0.2670000000E-03      0.2502100000E+00      0.4925360000E-03      0.6323770000E-03
0.3126000000E-03      0.2932300000E+00      0.5213460000E-03      0.6351150000E-03
0.3951000000E-03      0.3707800000E+00      0.5679160000E-03      0.6395500000E-03
0.4759000000E-03      0.4467600000E+00      0.6136960000E-03      0.6456670000E-03
0.5812000000E-03      0.5456200000E+00      0.6758550000E-03      0.6505920000E-03
0.7143000000E-03      0.6709200000E+00      0.7601150000E-03      0.7025890000E-03
0.8786000000E-03      0.8252300000E+00      0.8731850000E-03      0.7646840000E-03
0.1077000000E-02      0.1012500000E+01      0.1020000000E-02      0.8354260000E-03
0.1314000000E-02      0.1235290000E+01      0.1220000000E-02      0.9276850000E-03
0.1748000000E-02      0.1643560000E+01      0.1620000000E-02      0.1000000000E-02
0.2000000000E-02      0.1880850000E+01      0.2000000000E-02      0.1100000000E-02
0.4000000000E-02      0.3764610000E+01      0.4510000000E-02      0.1460000000E-02
0.6000000000E-02      0.5649800000E+01      0.7500000000E-02      0.1680000000E-02
0.8000000000E-02      0.7536070000E+01      0.1086000000E-01      0.1880000000E-02
0.1000000000E-01      0.9423230000E+01      0.1458000000E-01      0.2070000000E-02
0.1200000000E-01      0.1131116000E+02      0.1867000000E-01      0.2280000000E-02
0.1400000000E-01      0.1319982000E+02      0.2318000000E-01      0.2510000000E-02
0.1600000000E-01      0.1508915000E+02      0.2814000000E-01      0.2760000000E-02
0.1800000000E-01      0.1697914000E+02      0.3361000000E-01      0.3040000000E-02
0.2000000000E-01      0.1886976000E+02      0.3965000000E-01      0.3340000000E-02
0.2200000000E-01      0.2076101000E+02      0.4624000000E-01      0.3660000000E-02
0.2400000000E-01      0.2265290000E+02      0.5348000000E-01      0.3990000000E-02
0.2600000000E-01      0.2454541000E+02      0.6133000000E-01      0.4330000000E-02
0.2800000000E-01      0.2643855000E+02      0.6988000000E-01      0.4680000000E-02
0.3000000000E-01      0.2833233000E+02      0.7906000000E-01      0.5030000000E-02
0.3200000000E-01      0.3022674000E+02      0.8895000000E-01      0.5390000000E-02
0.3400000000E-01      0.3212179000E+02      0.9948000000E-01      0.5740000000E-02
0.3600000000E-01      0.3401748000E+02      0.1107200000E+00      0.6090000000E-02
0.3800000000E-01      0.3591381000E+02      0.1225900000E+00      0.6440000000E-02
0.4000000000E-01      0.3781078000E+02      0.1351400000E+00      0.6790000000E-02
0.4200000000E-01      0.3970840000E+02      0.1483400000E+00      0.7110000000E-02
0.4400000000E-01      0.4160666000E+02      0.1621100000E+00      0.7420000000E-02
0.4600000000E-01      0.4350556000E+02      0.1765200000E+00      0.7740000000E-02
0.4800000000E-01      0.4540510000E+02      0.1915000000E+00      0.8040000000E-02
0.5000000000E-01      0.4730528000E+02      0.2070600000E+00      0.8310000000E-02
0.5200000000E-01      0.4920608000E+02      0.2230900000E+00      0.8580000000E-02
0.5400000000E-01      0.5110752000E+02      0.2396900000E+00      0.8870000000E-02
0.5600000000E-01      0.5300958000E+02      0.2568200000E+00      0.9120000000E-02
0.5800000000E-01      0.5491227000E+02      0.2743700000E+00      0.9340000000E-02
0.6000000000E-01      0.5681556000E+02      0.2923800000E+00      0.9690000000E-02
0.6200000000E-01      0.5871946000E+02      0.3101200000E+00      0.1002000000E-01
0.6400000000E-01      0.6062394000E+02      0.3290400000E+00      0.1028000000E-01
0.6600000000E-01      0.6252904000E+02      0.3483400000E+00      0.1069000000E-01
0.6800000000E-01      0.6443473000E+02      0.3679800000E+00      0.1101000000E-01
0.7000000000E-01      0.6634095000E+02      0.3861300000E+00      0.1136000000E-01
0.7200000000E-01      0.6814575954E+02      0.4745257128E+00      0.1893493342E-01
0.7400000000E-01      0.7005238332E+02      0.5114890203E+00      0.1981801507E-01
0.7600000000E-01      0.7196002913E+02      0.5501645673E+00      0.2070905575E-01
0.7800000000E-01      0.7386871535E+02      0.5905695183E+00      0.2160783608E-01
0.8000000000E-01      0.7577845987E+02      0.6327207794E+00      0.2251423669E-01
0.8200000000E-01      0.7768928011E+02      0.6766351860E+00      0.2342823482E-01
0.8400000000E-01      0.7960119303E+02      0.7223296836E+00      0.2434990093E-01
0.8600000000E-01      0.8151421522E+02      0.7698215025E+00      0.2527939489E-01
0.8800000000E-01      0.8342836288E+02      0.8191283261E+00      0.2621696220E-01
0.9000000000E-01      0.8534365188E+02      0.8702684518E+00      0.2716292988E-01
0.9200000000E-01      0.8726009782E+02      0.9232609459E+00      0.2811770237E-01
0.9400000000E-01      0.8917771603E+02      0.9781257898E+00      0.2908175733E-01
0.9600000000E-01      0.9109652162E+02      0.1034884020E+01      0.3005564131E-01
0.9800000000E-01      0.9301652955E+02      0.1093557857E+01      0.3103996540E-01
0.1000000000E+00      0.9493775459E+02      0.1154170835E+01      0.3203540089E-01
0.1020000000E+00      0.9686021144E+02      0.1216747910E+01      0.3304267486E-01
0.1040000000E+00      0.9878391472E+02      0.1281315575E+01      0.3406256585E-01
0.1060000000E+00      0.1007088790E+03      0.1347901957E+01      0.3509589940E-01
0.1080000000E+00      0.1026351189E+03      0.1416536910E+01      0.3614354384E-01
0.1100000000E+00      0.1045626489E+03      0.1487252101E+01      0.3720640588E-01
0.1120000000E+00      0.1064914838E+03      0.1560081083E+01      0.3828542641E-01
0.1140000000E+00      0.1084216348E+03      0.1634338239E+01      0.3856983942E-01
0.1160000000E+00      0.1103530945E+03      0.1709454992E+01      0.3923553965E-01
0.1180000000E+00      0.1122858619E+03      0.1786082539E+01      0.4005395508E-01
0.1200000000E+00      0.1142199424E+03      0.1864429699E+01      0.4095211661E-01
0.1220000000E+00      0.1161553439E+03      0.1944627430E+01      0.4190716752E-01
0.1240000000E+00      0.1180920760E+03      0.2026777457E+01      0.4290887615E-01
0.1260000000E+00      0.1200301494E+03      0.2110967491E+01      0.4395193993E-01
0.1280000000E+00      0.1219695758E+03      0.2197277822E+01      0.4503343291E-01
0.1300000000E+00      0.1239103678E+03      0.2285784714E+01      0.4615158971E-01
0.1320000000E+00      0.1258525389E+03      0.2376562341E+01      0.4730587793E-01
0.1340000000E+00      0.1277961030E+03      0.2469683993E+01      0.4849577761E-01
0.1360000000E+00      0.1297410749E+03      0.2565222858E+01      0.4972126586E-01
0.1380000000E+00      0.1316874699E+03      0.2663252551E+01      0.5098254337E-01
0.1400000000E+00      0.1336353041E+03      0.2763847487E+01      0.5227996661E-01
0.1420000000E+00      0.1355845942E+03      0.2867083137E+01      0.5361400075E-01
0.1440000000E+00      0.1375353572E+03      0.2973036221E+01      0.5498518653E-01
0.1460000000E+00      0.1394876111E+03      0.3081784831E+01      0.5639411579E-01
0.1480000000E+00      0.1414413743E+03      0.3193408530E+01      0.5784141312E-01
0.1500000000E+00      0.1433966657E+03      0.3307988405E+01      0.5932772138E-01
0.1520000000E+00      0.1453535050E+03      0.3425607108E+01      0.6085369044E-01
0.1540000000E+00      0.1473119123E+03      0.3546348869E+01      0.6241996785E-01
0.1560000000E+00      0.1492719083E+03      0.3670299631E+01      0.6403001477E-01
0.1580000000E+00      0.1512335145E+03      0.3797546503E+01      0.6567883888E-01
0.1600000000E+00      0.1531967527E+03      0.3928178532E+01      0.6736982975E-01
0.1620000000E+00      0.1551616454E+03      0.4062286138E+01      0.6910356051E-01
0.1640000000E+00      0.1571282156E+03      0.4199961206E+01      0.7088057386E-01
0.1660000000E+00      0.1590964869E+03      0.4341297032E+01      0.7270137844E-01
0.1680000000E+00      0.1610664836E+03      0.4486388270E+01      0.7456644558E-01
0.1700000000E+00      0.1630382303E+03      0.4635330864E+01      0.7647620666E-01
0.1720000000E+00      0.1650117524E+03      0.4788221986E+01      0.7843105061E-01
0.1740000000E+00      0.1669870756E+03      0.4945159958E+01      0.8043132170E-01
0.1760000000E+00      0.1689642264E+03      0.5106244179E+01      0.8247731776E-01
0.1780000000E+00      0.1709432317E+03      0.5271575046E+01      0.8456928846E-01
0.1800000000E+00      0.1729241192E+03      0.5441253740E+01      0.8670447786E-01
0.1820000000E+00      0.1749069160E+03      0.5615382632E+01      0.8888936400E-01
0.1840000000E+00      0.1768916515E+03      0.5794064480E+01      0.9112024241E-01
0.1860000000E+00      0.1788783544E+03      0.5977402790E+01      0.9339758709E-01
0.1880000000E+00      0.1808670541E+03      0.6165501626E+01      0.9572138949E-01
0.1900000000E+00      0.1828577805E+03      0.6358465508E+01      0.9809158724E-01
0.1920000000E+00      0.1848505642E+03      0.6556399316E+01      0.1005080638E+00
0.1940000000E+00      0.1868454360E+03      0.6759408195E+01      0.1029706486E+00
0.1960000000E+00      0.1888424272E+03      0.6967597453E+01      0.1054791165E+00
0.1980000000E+00      0.1908415696E+03      0.7181072469E+01      0.1080331885E+00
0.2000000000E+00      0.1928428954E+03      0.7399938588E+01      0.1106325318E+00
0.2020000000E+00      0.1948464372E+03      0.7624301026E+01      0.1132767604E+00
0.2040000000E+00      0.1968522280E+03      0.7854264773E+01      0.1159654355E+00
0.2060000000E+00      0.1988603012E+03      0.8089934493E+01      0.1186980666E+00
0.2080000000E+00      0.2008706905E+03      0.8331414430E+01      0.1214741120E+00
0.2100000000E+00      0.2028834300E+03      0.8578808310E+01      0.1242929802E+00
0.2120000000E+00      0.2048985542E+03      0.8832219251E+01      0.1271540308E+00
0.2140000000E+00      0.2069160978E+03      0.9091749670E+01      0.1300566580E+00
0.2160000000E+00      0.2089360958E+03      0.9357501179E+01      0.1329999634E+00
0.2180000000E+00      0.2109585836E+03      0.9629574520E+01      0.1359832503E+00
0.2200000000E+00      0.2129835968E+03      0.9908069460E+01      0.1390056970E+00
0.2220000000E+00      0.2150111714E+03      0.1019308471E+02      0.1420664400E+00
0.2240000000E+00      0.2170413433E+03      0.1048471786E+02      0.1451645766E+00
0.2260000000E+00      0.2190741489E+03      0.1078306527E+02      0.1482991661E+00
0.2280000000E+00      0.2211096247E+03      0.1108822201E+02      0.1514692322E+00
0.2300000000E+00      0.2231478076E+03      0.1140028180E+02      0.1546737645E+00
0.2320000000E+00      0.2251887343E+03      0.1171933691E+02      0.1579117212E+00
0.2340000000E+00      0.2272324419E+03      0.1204547812E+02      0.1611798132E+00
0.2360000000E+00      0.2292789676E+03      0.1237879464E+02      0.1644812901E+00
0.2380000000E+00      0.2313283486E+03      0.1271937406E+02      0.1678128939E+00
0.2400000000E+00      0.2333806224E+03      0.1306730229E+02      0.1711734772E+00
0.2420000000E+00      0.2354358265E+03      0.1342266350E+02      0.1745618717E+00
0.2440000000E+00      0.2374939984E+03      0.1378554008E+02      0.1779768909E+00
0.2460000000E+00      0.2395551758E+03      0.1415601259E+02      0.1814173315E+00
0.2480000000E+00      0.2416193962E+03      0.1453415972E+02      0.1848819768E+00
0.2500000000E+00      0.2436866973E+03      0.1492005826E+02      0.1883696992E+00
0.2520000000E+00      0.2457571168E+03      0.1531378304E+02      0.1918790575E+00
0.2540000000E+00      0.2478306924E+03      0.1571540693E+02      0.1954089075E+00
0.2560000000E+00      0.2499074616E+03      0.1612500079E+02      0.1989579986E+00
0.2580000000E+00      0.2519874621E+03      0.1654263346E+02      0.2025250770E+00
0.2600000000E+00      0.2540707314E+03      0.1696837174E+02      0.2061088879E+00
0.2620000000E+00      0.2561573070E+03      0.1740228036E+02      0.2097081777E+00
0.2640000000E+00      0.2582472261E+03      0.1784442199E+02      0.2133216962E+00
0.2660000000E+00      0.2603405262E+03      0.1829485722E+02      0.2169481979E+00
0.2680000000E+00      0.2624372443E+03      0.1875364455E+02      0.2205864444E+00
0.2700000000E+00      0.2645374174E+03      0.1922084037E+02      0.2242352061E+00
0.2720000000E+00      0.2666410826E+03      0.1969649903E+02      0.2278932637E+00
0.2740000000E+00      0.2687482764E+03      0.2018067275E+02      0.2315594102E+00
0.2760000000E+00      0.2708590356E+03      0.2067341171E+02      0.2352324522E+00
0.2780000000E+00      0.2729733965E+03      0.2117476399E+02      0.2389112115E+00
0.2800000000E+00      0.2750913953E+03      0.2168477566E+02      0.2425945266E+00
0.2820000000E+00      0.2772130680E+03      0.2220349070E+02      0.2462812539E+00
0.2840000000E+00      0.2793384506E+03      0.2273095113E+02      0.2499702690E+00
0.2860000000E+00      0.2814675785E+03      0.2326719692E+02      0.2536604679E+00
0.2880000000E+00      0.2836004872E+03      0.2381226610E+02      0.2573507679E+00
0.2900000000E+00      0.2857372118E+03      0.2436619472E+02      0.2610401090E+00
0.2920000000E+00      0.2878777871E+03      0.2492901693E+02      0.2647274542E+00
0.2940000000E+00      0.2900222480E+03      0.2550076497E+02      0.2684117909E+00
0.2960000000E+00      0.2921706287E+03      0.2608146924E+02      0.2720922457E+00
0.2980000000E+00      0.2943229633E+03      0.2667115827E+02      0.2757676270E+00
0.3000000000E+00      0.2964792858E+03      0.2726985881E+02      0.2794371135E+00
0.3020000000E+00      0.2986396297E+03      0.2787759586E+02      0.2830997959E+00
0.3040000000E+00      0.3008040284E+03      0.2849439266E+02      0.2867547916E+00
0.3060000000E+00      0.3029725147E+03      0.2912027081E+02      0.2904012456E+00
0.3080000000E+00      0.3051451214E+03      0.2975525020E+02      0.2940383303E+00
0.3100000000E+00      0.3073218809E+03      0.3039934919E+02      0.2976623173E+00
0.3120000000E+00      0.3095028253E+03      0.3105258442E+02      0.3012782434E+00
0.3140000000E+00      0.3116879864E+03      0.3171497115E+02      0.3048824854E+00
0.3160000000E+00      0.3138773957E+03      0.3238652307E+02      0.3084743276E+00
0.3180000000E+00      0.3160710841E+03      0.3306725251E+02      0.3120558931E+00
0.3200000000E+00      0.3182690829E+03      0.3375717019E+02      0.3156209798E+00
0.3220000000E+00      0.3204714224E+03      0.3445628566E+02      0.3191716883E+00
0.3240000000E+00      0.3226781327E+03      0.3516460707E+02      0.3227074143E+00
0.3260000000E+00      0.3248892437E+03      0.3588214176E+02      0.3262371198E+00
0.3280000000E+00      0.3271047853E+03      0.3660889399E+02      0.3297316371E+00
0.3300000000E+00      0.3293247862E+03      0.3734486957E+02      0.3332190606E+00
0.3320000000E+00      0.3315492755E+03      0.3809007131E+02      0.3366893538E+00
0.3340000000E+00      0.3337782818E+03      0.3884450137E+02      0.3401420455E+00
0.3360000000E+00      0.3360118332E+03      0.3960816084E+02      0.3435766901E+00
0.3380000000E+00      0.3382499576E+03      0.4038104977E+02      0.3469928665E+00
0.3400000000E+00      0.3404926827E+03      0.4116316722E+02      0.3503901787E+00
0.3420000000E+00      0.3427400355E+03      0.4195451127E+02      0.3537682543E+00
0.3440000000E+00      0.3449920430E+03      0.4275507911E+02      0.3571267446E+00
0.3460000000E+00      0.3472487317E+03      0.4356486703E+02      0.3604653235E+00
0.3480000000E+00      0.3495101280E+03      0.4438387051E+02      0.3637836877E+00
0.3500000000E+00      0.3517762575E+03      0.4521208419E+02      0.3670815554E+00
0.3520000000E+00      0.3540471461E+03      0.4604950196E+02      0.3703586660E+00
0.3540000000E+00      0.3563228187E+03      0.4689611698E+02      0.3736147797E+00
0.3560000000E+00      0.3586033005E+03      0.4775192169E+02      0.3768496766E+00
0.3580000000E+00      0.3608886159E+03      0.4861690790E+02      0.3800631561E+00
0.3600000000E+00      0.3631787894E+03      0.4949106664E+02      0.3832523448E+00
0.3620000000E+00      0.3654738446E+03      0.5037438870E+02      0.3864223886E+00
0.3640000000E+00      0.3677738053E+03      0.5126686398E+02      0.3895705235E+00
0.3660000000E+00      0.3700786948E+03      0.5216848191E+02      0.3926966207E+00
0.3680000000E+00      0.3723885362E+03      0.5307923146E+02      0.3958005676E+00
0.3700000000E+00      0.3747033520E+03      0.5399910108E+02      0.3988822677E+00
0.3720000000E+00      0.3770231647E+03      0.5492807880E+02      0.4019416395E+00
0.3740000000E+00      0.3793479963E+03      0.5586615222E+02      0.4049786162E+00
0.3760000000E+00      0.3816778687E+03      0.5681330853E+02      0.4079931449E+00
0.3780000000E+00      0.3840128032E+03      0.5776953457E+02      0.4109851864E+00
0.3800000000E+00      0.3863528211E+03      0.5873481680E+02      0.4139547143E+00
0.3820000000E+00      0.3886979432E+03      0.5970914140E+02      0.4169017147E+00
0.3840000000E+00      0.3910481900E+03      0.6069249421E+02      0.4198261852E+00
0.3860000000E+00      0.3934035820E+03      0.6168486081E+02      0.4227281351E+00
0.3880000000E+00      0.3957641391E+03      0.6268622653E+02      0.4256075843E+00
0.3900000000E+00      0.3981298810E+03      0.6369657645E+02      0.4284645630E+00
0.3920000000E+00      0.4005008271E+03      0.6471589544E+02      0.4312991112E+00
0.3940000000E+00      0.4028769967E+03      0.6574416817E+02      0.4341112782E+00
0.3960000000E+00      0.4052584087E+03      0.6678137914E+02      0.4369011222E+00
0.3980000000E+00      0.4076450816E+03      0.6782751267E+02      0.4396687097E+00
0.4000000000E+00      0.4100370338E+03      0.6888255294E+02      0.4424141152E+00
0.4020000000E+00      0.4124342834E+03      0.6994648403E+02      0.4451374209E+00
0.4040000000E+00      0.4148368483E+03      0.7101928986E+02      0.4478387157E+00
0.4060000000E+00      0.4172447461E+03      0.7210095428E+02      0.4505180956E+00
0.4080000000E+00      0.4196579940E+03      0.7319146106E+02      0.4531756628E+00
0.4100000000E+00      0.4220766091E+03      0.7429079388E+02      0.4558115252E+00
0.4120000000E+00      0.4245006084E+03      0.7539893637E+02      0.4584257966E+00
0.4140000000E+00      0.4269300083E+03      0.7651587211E+02      0.4610185960E+00
0.4160000000E+00      0.4293648252E+03      0.7764158466E+02      0.4635900469E+00
0.4180000000E+00      0.4318050752E+03      0.7877605754E+02      0.4661402779E+00
0.4200000000E+00      0.4342507743E+03      0.7991927426E+02      0.4686694215E+00
0.4220000000E+00      0.4367019380E+03      0.8107121834E+02      0.4711776142E+00
0.4240000000E+00      0.4391585818E+03      0.8223187330E+02      0.4736649961E+00
0.4260000000E+00      0.4416207209E+03      0.8340122266E+02      0.4761317109E+00
0.4280000000E+00      0.4440883703E+03      0.8457924998E+02      0.4785779052E+00
0.4300000000E+00      0.4465615447E+03      0.8576593885E+02      0.4810037284E+00
0.4320000000E+00      0.4490402587E+03      0.8696127291E+02      0.4834093328E+00
0.4340000000E+00      0.4515245266E+03      0.8816523583E+02      0.4857948727E+00
0.4360000000E+00      0.4540143626E+03      0.8937781134E+02      0.4881605049E+00
0.4380000000E+00      0.4565097805E+03      0.9059898323E+02      0.4905063877E+00
0.4400000000E+00      0.4590107942E+03      0.9182873535E+02      0.4928326816E+00
0.4420000000E+00      0.4615174171E+03      0.9306705165E+02      0.4951395482E+00
0.4440000000E+00      0.4640296626E+03      0.9431391612E+02      0.4974271508E+00
0.4460000000E+00      0.4665475438E+03      0.9556931286E+02      0.4996956535E+00
0.4480000000E+00      0.4690710736E+03      0.9683322604E+02      0.5019451861E+00
0.4500000000E+00      0.4716002650E+03      0.9810563992E+02      0.5041759861E+00
0.4520000000E+00      0.4741351303E+03      0.9938653887E+02      0.5063881845E+00
0.4540000000E+00      0.4766756821E+03      0.1006759073E+03      0.5085819486E+00
0.4560000000E+00      0.4792219325E+03      0.1019737299E+03      0.5107574461E+00
0.4580000000E+00      0.4817738936E+03      0.1032799912E+03      0.5129148450E+00
0.4600000000E+00      0.4843315773E+03      0.1045946761E+03      0.5150543134E+00
0.4620000000E+00      0.4868949954E+03      0.1059177694E+03      0.5171760194E+00
0.4640000000E+00      0.4894641592E+03      0.1072492561E+03      0.5192801311E+00
0.4660000000E+00      0.4920390803E+03      0.1085891214E+03      0.5213668162E+00
0.4680000000E+00      0.4946197698E+03      0.1099373504E+03      0.5234362425E+00
0.4700000000E+00      0.4972062388E+03      0.1112939285E+03      0.5254885770E+00
0.4720000000E+00      0.4997984983E+03      0.1126588413E+03      0.5275239864E+00
0.4740000000E+00      0.5023965588E+03      0.1140320742E+03      0.5295426368E+00
0.4760000000E+00      0.5050004312E+03      0.1154136131E+03      0.5315446938E+00
0.4780000000E+00      0.5076101257E+03      0.1168034437E+03      0.5335303222E+00
0.4800000000E+00      0.5102256527E+03      0.1182015521E+03      0.5354996860E+00
0.4820000000E+00      0.5128470224E+03      0.1196079243E+03      0.5374529483E+00
0.4840000000E+00      0.5154742448E+03      0.1210225466E+03      0.5393902716E+00
0.4860000000E+00      0.5181073298E+03      0.1224454052E+03      0.5413118170E+00
0.4880000000E+00      0.5207462870E+03      0.1238764868E+03      0.5432177450E+00
0.4900000000E+00      0.5233911262E+03      0.1253157779E+03      0.5451082148E+00
0.4920000000E+00      0.5260418567E+03      0.1267632652E+03      0.5469833847E+00
0.4940000000E+00      0.5286984880E+03      0.1282189357E+03      0.5488434116E+00
0.4960000000E+00      0.5313610292E+03      0.1296827763E+03      0.5506884516E+00
0.4980000000E+00      0.5340294894E+03      0.1311547741E+03      0.5525186593E+00
0.5000000000E+00      0.5367038777E+03      0.1326349163E+03      0.5543341881E+00
0.5020000000E+00      0.5393842027E+03      0.1341231905E+03      0.5561351903E+00
0.5040000000E+00      0.5420704733E+03      0.1356195841E+03      0.5579218167E+00
0.5060000000E+00      0.5447626981E+03      0.1371240847E+03      0.5596942170E+00
0.5080000000E+00      0.5474608855E+03      0.1386366800E+03      0.5614525394E+00
0.5100000000E+00      0.5501650439E+03      0.1401573581E+03      0.5631969307E+00
0.5120000000E+00      0.5528751816E+03      0.1416861068E+03      0.5649275366E+00
0.5140000000E+00      0.5555913067E+03      0.1432229144E+03      0.5666445012E+00
0.5160000000E+00      0.5583134272E+03      0.1447677691E+03      0.5683479671E+00
0.5180000000E+00      0.5610415511E+03      0.1463206593E+03      0.5700380759E+00
0.5200000000E+00      0.5637756863E+03      0.1478815735E+03      0.5717149672E+00
0.5220000000E+00      0.5665158403E+03      0.1494505004E+03      0.5733787798E+00
0.5240000000E+00      0.5692620209E+03      0.1510274286E+03      0.5750296506E+00
0.5260000000E+00      0.5720142356E+03      0.1526123471E+03      0.5766677153E+00
0.5280000000E+00      0.5747724917E+03      0.1542052449E+03      0.5782931081E+00
0.5300000000E+00      0.5775367966E+03      0.1558061111E+03      0.5799059617E+00
0.5320000000E+00      0.5803071575E+03      0.1574149348E+03      0.5815064074E+00
0.5340000000E+00      0.5830835816E+03      0.1590317055E+03      0.5830945751E+00
0.5360000000E+00      0.5858660759E+03      0.1606564127E+03      0.5846705932E+00
0.5380000000E+00      0.5886546473E+03      0.1622890458E+03      0.5862345570E+00
0.5400000000E+00      0.5914493026E+03      0.1639295945E+03      0.5877866558E+00
0.5420000000E+00      0.5942500487E+03      0.1655780488E+03      0.5893269816E+00
0.5440000000E+00      0.5970568923E+03      0.1672343983E+03      0.5908556573E+00
0.5460000000E+00      0.5998698398E+03      0.1688986333E+03      0.5923728041E+00
0.5480000000E+00      0.6026888979E+03      0.1705707438E+03      0.5938785419E+00
0.5500000000E+00      0.6055140729E+03      0.1722507200E+03      0.5953729892E+00
0.5520000000E+00      0.6083453712E+03      0.1739385522E+03      0.5968562631E+00
0.5540000000E+00      0.6111827991E+03      0.1756342309E+03      0.5983284792E+00
0.5560000000E+00      0.6140263627E+03      0.1773377467E+03      0.5997897519E+00
0.5580000000E+00      0.6168760681E+03      0.1790490902E+03      0.6012401941E+00
0.5600000000E+00      0.6197319214E+03      0.1807682521E+03      0.6026799174E+00
0.5620000000E+00      0.6225939285E+03      0.1824952232E+03      0.6041090321E+00
0.5640000000E+00      0.6254620952E+03      0.1842299946E+03      0.6055276470E+00
0.5660000000E+00      0.6283364275E+03      0.1859725571E+03      0.6069358697E+00
0.5680000000E+00      0.6312169309E+03      0.1877229021E+03      0.6083338066E+00
0.5700000000E+00      0.6341036113E+03      0.1894810206E+03      0.6097215625E+00
0.5720000000E+00      0.6369964741E+03      0.1912469040E+03      0.6110992412E+00
0.5740000000E+00      0.6398955248E+03      0.1930205437E+03      0.6124669450E+00
0.5760000000E+00      0.6428007690E+03      0.1948019313E+03      0.6138247750E+00
0.5780000000E+00      0.6457122121E+03      0.1965910583E+03      0.6151728312E+00
0.5800000000E+00      0.6486298592E+03      0.1983879163E+03      0.6165112121E+00
0.5820000000E+00      0.6515537157E+03      0.2001924971E+03      0.6178400152E+00
0.5840000000E+00      0.6544837868E+03      0.2020047927E+03      0.6191593367E+00
0.5860000000E+00      0.6574200775E+03      0.2038247949E+03      0.6204692715E+00
0.5880000000E+00      0.6603625930E+03      0.2056524957E+03      0.6217699135E+00
0.5900000000E+00      0.6633113383E+03      0.2074878872E+03      0.6230613553E+00
0.5920000000E+00      0.6662663182E+03      0.2093309617E+03      0.6243436883E+00
0.5940000000E+00      0.6692275378E+03      0.2111817113E+03      0.6256170029E+00
0.5960000000E+00      0.6721950017E+03      0.2130401284E+03      0.6268813883E+00
0.5980000000E+00      0.6751687147E+03      0.2149062055E+03      0.6281369325E+00
0.6000000000E+00      0.6781486816E+03      0.2167799350E+03      0.6293837226E+00
0.6020000000E+00      0.6811349070E+03      0.2186613094E+03      0.6306218443E+00
0.6040000000E+00      0.6841273956E+03      0.2205503215E+03      0.6318513825E+00
0.6060000000E+00      0.6871261517E+03      0.2224469639E+03      0.6330724208E+00
0.6080000000E+00      0.6901311800E+03      0.2243512294E+03      0.6342850421E+00
0.6100000000E+00      0.6931424848E+03      0.2262631109E+03      0.6354893278E+00
0.6120000000E+00      0.6961600706E+03      0.2281826013E+03      0.6366853586E+00
0.6140000000E+00      0.6991839416E+03      0.2301096936E+03      0.6378732142E+00
0.6160000000E+00      0.7022141022E+03      0.2320443809E+03      0.6390529730E+00
0.6180000000E+00      0.7052505566E+03      0.2339866562E+03      0.6402247128E+00
0.6200000000E+00      0.7082933089E+03      0.2359365128E+03      0.6413885101E+00
0.6220000000E+00      0.7113423632E+03      0.2378939439E+03      0.6425444407E+00
0.6240000000E+00      0.7143977238E+03      0.2398589430E+03      0.6436925792E+00
0.6260000000E+00      0.7174593945E+03      0.2418315032E+03      0.6448329994E+00
0.6280000000E+00      0.7205273794E+03      0.2438116182E+03      0.6459657743E+00
0.6300000000E+00      0.7236016824E+03      0.2457992813E+03      0.6470909758E+00
0.6320000000E+00      0.7266823075E+03      0.2477944863E+03      0.6482086750E+00
0.6340000000E+00      0.7297692584E+03      0.2497972266E+03      0.6493189420E+00
0.6360000000E+00      0.7328625389E+03      0.2518074960E+03      0.6504218462E+00
0.6380000000E+00      0.7359621529E+03      0.2538252882E+03      0.6515174560E+00
0.6400000000E+00      0.7390681040E+03      0.2558505971E+03      0.6526058391E+00
0.6420000000E+00      0.7421803960E+03      0.2578834165E+03      0.6536870621E+00
0.6440000000E+00      0.7452990324E+03      0.2599237402E+03      0.6547611912E+00
0.6460000000E+00      0.7484240169E+03      0.2619715623E+03      0.6558282913E+00
0.6480000000E+00      0.7515553530E+03      0.2640268768E+03      0.6568884268E+00
0.6500000000E+00      0.7546930442E+03      0.2660896777E+03      0.6579416613E+00
0.6520000000E+00      0.7578370940E+03      0.2681599591E+03      0.6589880575E+00
0.6540000000E+00      0.7609875058E+03      0.2702377153E+03      0.6600276774E+00
0.6560000000E+00      0.7641442830E+03      0.2723229405E+03      0.6610605823E+00
0.6580000000E+00      0.7673074290E+03      0.2744156288E+03      0.6620868327E+00
0.6600000000E+00      0.7704769471E+03      0.2765157747E+03      0.6631064883E+00
0.6620000000E+00      0.7736528405E+03      0.2786233725E+03      0.6641196081E+00
0.6640000000E+00      0.7768351126E+03      0.2807384165E+03      0.6651262272E+00
0.6660000000E+00      0.7800237665E+03      0.2828609014E+03      0.6661264499E+00
0.6680000000E+00      0.7832188053E+03      0.2849908215E+03      0.6671203098E+00
0.6700000000E+00      0.7864202324E+03      0.2871281714E+03      0.6681078631E+00
0.6720000000E+00      0.7896280506E+03      0.2892729458E+03      0.6690891653E+00
0.6740000000E+00      0.7928422631E+03      0.2914251391E+03      0.6700642713E+00
0.6760000000E+00      0.7960628730E+03      0.2935847462E+03      0.6710332353E+00
0.6780000000E+00      0.7992898832E+03      0.2957517617E+03      0.6719961111E+00
0.6800000000E+00      0.8025232966E+03      0.2979261804E+03      0.6729529515E+00
0.6820000000E+00      0.8057631164E+03      0.3001079971E+03      0.6739038090E+00
0.6840000000E+00      0.8090093452E+03      0.3022972066E+03      0.6748487351E+00
0.6860000000E+00      0.8122619860E+03      0.3044938039E+03      0.6757877811E+00
0.6880000000E+00      0.8155210417E+03      0.3066977837E+03      0.6767209974E+00
0.6900000000E+00      0.8187865150E+03      0.3089091412E+03      0.6776484341E+00
0.6920000000E+00      0.8220584088E+03      0.3111278712E+03      0.6785701403E+00
0.6940000000E+00      0.8253367257E+03      0.3133539688E+03      0.6794861650E+00
0.6960000000E+00      0.8286214684E+03      0.3155874291E+03      0.6803965562E+00
0.6980000000E+00      0.8319126398E+03      0.3178282472E+03      0.6813013617E+00
0.7000000000E+00      0.8352102423E+03      0.3200764182E+03      0.6822006286E+00
0.7020000000E+00      0.8385142787E+03      0.3223319373E+03      0.6830944033E+00
0.7040000000E+00      0.8418247515E+03      0.3245947997E+03      0.6839827320E+00
0.7060000000E+00      0.8451416634E+03      0.3268650006E+03      0.6848656602E+00
0.7080000000E+00      0.8484650168E+03      0.3291425354E+03      0.6857432327E+00
0.7100000000E+00      0.8517948142E+03      0.3314273992E+03      0.6866026049E+00
0.7120000000E+00      0.8551310582E+03      0.3337195876E+03      0.6874695571E+00
0.7140000000E+00      0.8584737513E+03      0.3360190957E+03      0.6883312859E+00
0.7160000000E+00      0.8618228957E+03      0.3383259191E+03      0.6891878342E+00
0.7180000000E+00      0.8651784940E+03      0.3406400532E+03      0.6900392444E+00
0.7200000000E+00      0.8685405486E+03      0.3429614933E+03      0.6908855587E+00
0.7220000000E+00      0.8719090617E+03      0.3452902352E+03      0.6917268186E+00
0.7240000000E+00      0.8752840358E+03      0.3476262741E+03      0.6925630652E+00
0.7260000000E+00      0.8786654731E+03      0.3499696058E+03      0.6933943391E+00
0.7280000000E+00      0.8820533758E+03      0.3523202257E+03      0.6942206805E+00
0.7300000000E+00      0.8854477463E+03      0.3546781295E+03      0.6950421292E+00
0.7320000000E+00      0.8888485868E+03      0.3570433129E+03      0.6958587245E+00
0.7340000000E+00      0.8922558995E+03      0.3594157714E+03      0.6966705053E+00
0.7360000000E+00      0.8956696866E+03      0.3617955008E+03      0.6974775100E+00
0.7380000000E+00      0.8990899502E+03      0.3641824968E+03      0.6982797767E+00
0.7400000000E+00      0.9025166925E+03      0.3665767551E+03      0.6990773431E+00
0.7420000000E+00      0.9059499155E+03      0.3689782716E+03      0.6998702463E+00
0.7440000000E+00      0.9093896214E+03      0.3713870420E+03      0.7006585233E+00
0.7460000000E+00      0.9128358122E+03      0.3738030620E+03      0.7014422104E+00
0.7480000000E+00      0.9162884900E+03      0.3762263277E+03      0.7022213437E+00
0.7500000000E+00      0.9197476568E+03      0.3786568348E+03      0.7029959588E+00
0.7520000000E+00      0.9232133147E+03      0.3810945792E+03      0.7037660911E+00
0.7540000000E+00      0.9266854654E+03      0.3835395568E+03      0.7045317754E+00
0.7560000000E+00      0.9301641112E+03      0.3859917637E+03      0.7052930464E+00
0.7580000000E+00      0.9336492538E+03      0.3884511957E+03      0.7060499382E+00
0.7600000000E+00      0.9371408952E+03      0.3909178488E+03      0.7068024846E+00
0.7620000000E+00      0.9406390373E+03      0.3933917191E+03      0.7075507192E+00
0.7640000000E+00      0.9441436819E+03      0.3958728026E+03      0.7082946750E+00
0.7660000000E+00      0.9476548310E+03      0.3983610952E+03      0.7090343849E+00
0.7680000000E+00      0.9511724864E+03      0.4008565932E+03      0.7097698812E+00
0.7700000000E+00      0.9546966498E+03      0.4033592926E+03      0.7105011962E+00
0.7720000000E+00      0.9582273230E+03      0.4058691895E+03      0.7112283615E+00
0.7740000000E+00      0.9617645079E+03      0.4083862800E+03      0.7119514088E+00
0.7760000000E+00      0.9653082062E+03      0.4109105604E+03      0.7126703690E+00
0.7780000000E+00      0.9688584197E+03      0.4134420267E+03      0.7133852732E+00
0.7800000000E+00      0.9724151500E+03      0.4159806753E+03      0.7140961517E+00
0.7820000000E+00      0.9759783988E+03      0.4185265022E+03      0.7148030348E+00
0.7840000000E+00      0.9795481679E+03      0.4210795037E+03      0.7155059524E+00
0.7860000000E+00      0.9831244590E+03      0.4236396762E+03      0.7162049342E+00
0.7880000000E+00      0.9867072735E+03      0.4262070158E+03      0.7169000094E+00
0.7900000000E+00      0.9902966133E+03      0.4287815188E+03      0.7175912071E+00
0.7920000000E+00      0.9938924798E+03      0.4313631817E+03      0.7182785560E+00
0.7940000000E+00      0.9974948747E+03      0.4339520006E+03      0.7189620846E+00
0.7960000000E+00      0.1001103800E+04      0.4365479720E+03      0.7196418210E+00
0.7980000000E+00      0.1004719256E+04      0.4391510922E+03      0.7203177932E+00
0.8000000000E+00      0.1008341245E+04      0.4417613576E+03      0.7209900289E+00
0.8020000000E+00      0.1011969770E+04      0.4443787646E+03      0.7216585553E+00
0.8040000000E+00      0.1015604830E+04      0.4470033096E+03      0.7223233996E+00
0.8060000000E+00      0.1019246427E+04      0.4496349890E+03      0.7229845886E+00
0.8080000000E+00      0.1022894564E+04      0.4522737994E+03      0.7236421489E+00
0.8100000000E+00      0.1026549242E+04      0.4549197371E+03      0.7242961068E+00
0.8120000000E+00      0.1030210461E+04      0.4575727987E+03      0.7249464885E+00
0.8140000000E+00      0.1033878224E+04      0.4602329806E+03      0.7255933197E+00
0.8160000000E+00      0.1037552531E+04      0.4629002793E+03      0.7262366261E+00
0.8180000000E+00      0.1041233385E+04      0.4655746915E+03      0.7268764329E+00
0.8200000000E+00      0.1044920786E+04      0.4682562136E+03      0.7275127654E+00
0.8220000000E+00      0.1048614737E+04      0.4709448423E+03      0.7281456483E+00
0.8240000000E+00      0.1052315237E+04      0.4736405740E+03      0.7287751063E+00
0.8260000000E+00      0.1056022290E+04      0.4763434054E+03      0.7294011638E+00
0.8280000000E+00      0.1059735895E+04      0.4790533331E+03      0.7300238450E+00
0.8300000000E+00      0.1063456054E+04      0.4817703537E+03      0.7306431739E+00
0.8320000000E+00      0.1067182770E+04      0.4844944638E+03      0.7312591742E+00
0.8340000000E+00      0.1070916042E+04      0.4872256601E+03      0.7318718694E+00
0.8360000000E+00      0.1074655872E+04      0.4899639394E+03      0.7324812828E+00
0.8380000000E+00      0.1078402261E+04      0.4927092981E+03      0.7330874376E+00
0.8400000000E+00      0.1082155211E+04      0.4954617331E+03      0.7336903566E+00
0.8420000000E+00      0.1085914723E+04      0.4982212411E+03      0.7342900625E+00
0.8440000000E+00      0.1089680798E+04      0.5009878187E+03      0.7348865778E+00
0.8460000000E+00      0.1093453437E+04      0.5037614627E+03      0.7354799247E+00
0.8480000000E+00      0.1097232642E+04      0.5065421699E+03      0.7360701253E+00
0.8500000000E+00      0.1101018413E+04      0.5093299370E+03      0.7366572015E+00
0.8520000000E+00      0.1104810752E+04      0.5121247608E+03      0.7372411750E+00
0.8540000000E+00      0.1108609660E+04      0.5149266381E+03      0.7378220673E+00
0.8560000000E+00      0.1112415138E+04      0.5177355657E+03      0.7383998996E+00
0.8580000000E+00      0.1116227187E+04      0.5205515404E+03      0.7389746931E+00
0.8600000000E+00      0.1120045809E+04      0.5233745590E+03      0.7395464625E+00
0.8620000000E+00      0.1123871003E+04      0.5262046184E+03      0.7401152409E+00
0.8640000000E+00      0.1127702772E+04      0.5290417154E+03      0.7406810428E+00
0.8660000000E+00      0.1131541117E+04      0.5318858468E+03      0.7412438885E+00
0.8680000000E+00      0.1135386038E+04      0.5347370097E+03      0.7418037981E+00
0.8700000000E+00      0.1139237537E+04      0.5375952008E+03      0.7423607918E+00
0.8720000000E+00      0.1143095614E+04      0.5404604171E+03      0.7429148893E+00
0.8740000000E+00      0.1146960271E+04      0.5433326554E+03      0.7434661104E+00
0.8760000000E+00      0.1150831509E+04      0.5462119128E+03      0.7440144746E+00
0.8780000000E+00      0.1154709328E+04      0.5490981861E+03      0.7445600013E+00
0.8800000000E+00      0.1158593730E+04      0.5519914722E+03      0.7451027095E+00
0.8820000000E+00      0.1162484716E+04      0.5548917682E+03      0.7456426184E+00
0.8840000000E+00      0.1166382286E+04      0.5577990710E+03      0.7461797468E+00
0.8860000000E+00      0.1170286442E+04      0.5607133777E+03      0.7467141135E+00
0.8880000000E+00      0.1174197184E+04      0.5636346851E+03      0.7472457368E+00
0.8900000000E+00      0.1178114514E+04      0.5665629903E+03      0.7477746354E+00
0.8920000000E+00      0.1182038432E+04      0.5694982903E+03      0.7483008274E+00
0.8940000000E+00      0.1185968939E+04      0.5724405822E+03      0.7488243308E+00
0.8960000000E+00      0.1189906036E+04      0.5753898630E+03      0.7493451637E+00
0.8980000000E+00      0.1193849724E+04      0.5783461297E+03      0.7498633437E+00
0.9000000000E+00      0.1197800005E+04      0.5813093794E+03      0.7503788886E+00
0.9020000000E+00      0.1201756878E+04      0.5842796092E+03      0.7508918159E+00
0.9040000000E+00      0.1205720344E+04      0.5872568161E+03      0.7514021428E+00
0.9060000000E+00      0.1209690405E+04      0.5902409973E+03      0.7519098867E+00
0.9080000000E+00      0.1213667061E+04      0.5932321498E+03      0.7524150645E+00
0.9100000000E+00      0.1217650314E+04      0.5962302708E+03      0.7529176932E+00
0.9120000000E+00      0.1221640163E+04      0.5992353574E+03      0.7534177897E+00
0.9140000000E+00      0.1225636610E+04      0.6022474067E+03      0.7539153705E+00
0.9160000000E+00      0.1229639655E+04      0.6052664166E+03      0.7544228082E+00
0.9180000000E+00      0.1233649300E+04      0.6082923828E+03      0.7549154160E+00
0.9200000000E+00      0.1237665545E+04      0.6113253032E+03      0.7554055572E+00
0.9220000000E+00      0.1241688391E+04      0.6143651750E+03      0.7558932480E+00
0.9240000000E+00      0.1245717839E+04      0.6174119953E+03      0.7563785044E+00
0.9260000000E+00      0.1249753888E+04      0.6204657614E+03      0.7568613422E+00
0.9280000000E+00      0.1253796541E+04      0.6235264704E+03      0.7573417772E+00
0.9300000000E+00      0.1257845798E+04      0.6265941196E+03      0.7578198250E+00
0.9320000000E+00      0.1261901660E+04      0.6296687062E+03      0.7582955011E+00
0.9340000000E+00      0.1265964126E+04      0.6327502275E+03      0.7587688209E+00
0.9360000000E+00      0.1270033199E+04      0.6358386806E+03      0.7592397997E+00
0.9380000000E+00      0.1274108878E+04      0.6389340628E+03      0.7597084526E+00
0.9400000000E+00      0.1278191165E+04      0.6420363714E+03      0.7601747945E+00
0.9420000000E+00      0.1282280059E+04      0.6451456038E+03      0.7606388404E+00
0.9440000000E+00      0.1286375563E+04      0.6482617570E+03      0.7611006052E+00
0.9460000000E+00      0.1290477675E+04      0.6513848285E+03      0.7615601034E+00
0.9480000000E+00      0.1294586398E+04      0.6545148156E+03      0.7620173496E+00
0.9500000000E+00      0.1298701731E+04      0.6576517155E+03      0.7624723583E+00
0.9520000000E+00      0.1302823676E+04      0.6607955256E+03      0.7629251437E+00
0.9540000000E+00      0.1306952232E+04      0.6639462432E+03      0.7633757202E+00
0.9560000000E+00      0.1311087401E+04      0.6671038657E+03      0.7638241019E+00
0.9580000000E+00      0.1315229183E+04      0.6702683903E+03      0.7642703027E+00
0.9600000000E+00      0.1319377579E+04      0.6734398145E+03      0.7647143365E+00
0.9620000000E+00      0.1323532589E+04      0.6766181357E+03      0.7651562172E+00
0.9640000000E+00      0.1327694214E+04      0.6798033511E+03      0.7655959584E+00
0.9660000000E+00      0.1331862455E+04      0.6829954582E+03      0.7660335737E+00
0.9680000000E+00      0.1336037312E+04      0.6861944544E+03      0.7664690767E+00
0.9700000000E+00      0.1340218785E+04      0.6894003371E+03      0.7669024806E+00
0.9720000000E+00      0.1344406875E+04      0.6926131036E+03      0.7673337988E+00
0.9740000000E+00      0.1348601583E+04      0.6958327515E+03      0.7677630445E+00
0.9760000000E+00      0.1352802910E+04      0.6990592781E+03      0.7681902307E+00
0.9780000000E+00      0.1357010855E+04      0.7022926809E+03      0.7686153705E+00
0.9800000000E+00      0.1361225419E+04      0.7055329573E+03      0.7690384766E+00
0.9820000000E+00      0.1365446603E+04      0.7087801048E+03      0.7694595620E+00
0.9840000000E+00      0.1369674408E+04      0.7120341208E+03      0.7698786393E+00
0.9860000000E+00      0.1373908833E+04      0.7152950029E+03      0.7702957211E+00
0.9880000000E+00      0.1378149880E+04      0.7185627484E+03      0.7707108200E+00
0.9900000000E+00      0.1382397549E+04      0.7218373550E+03      0.7711239483E+00
0.9920000000E+00      0.1386651839E+04      0.7251188200E+03      0.7715351184E+00
0.9940000000E+00      0.1390912753E+04      0.7284071410E+03      0.7719443425E+00
0.9960000000E+00      0.1395180290E+04      0.7317023155E+03      0.7723516327E+00
0.9980000000E+00      0.1399454450E+04      0.7350043411E+03      0.7727570013E+00
0.1000000000E+01      0.1403735235E+04      0.7383132152E+03      0.7731604600E+00
0.1002000000E+01      0.1408022644E+04      0.7416289355E+03      0.7735620208E+00
0.1004000000E+01      0.1412316679E+04      0.7449514993E+03      0.7739616955E+00
0.1006000000E+01      0.1416617338E+04      0.7482809044E+03      0.7743594959E+00
0.1008000000E+01      0.1420924624E+04      0.7516171483E+03      0.7747554334E+00
0.1010000000E+01      0.1425238536E+04      0.7549602286E+03      0.7751495198E+00
0.1012000000E+01      0.1429559075E+04      0.7583101427E+03      0.7755417663E+00
0.1014000000E+01      0.1433886241E+04      0.7616668884E+03      0.7759321845E+00
0.1016000000E+01      0.1438220034E+04      0.7650304632E+03      0.7763207856E+00
0.1018000000E+01      0.1442560455E+04      0.7684008648E+03      0.7767075809E+00
0.1020000000E+01      0.1446907505E+04      0.7717780907E+03      0.7770925815E+00
0.1022000000E+01      0.1451261183E+04      0.7751621386E+03      0.7774757983E+00
0.1024000000E+01      0.1455621491E+04      0.7785530060E+03      0.7778572425E+00
0.1026000000E+01      0.1459988427E+04      0.7819506908E+03      0.7782369249E+00
0.1028000000E+01      0.1464361994E+04      0.7853551904E+03      0.7786148564E+00
0.1030000000E+01      0.1468742191E+04      0.7887665025E+03      0.7789910476E+00
0.1032000000E+01      0.1473129018E+04      0.7921846249E+03      0.7793655093E+00
0.1034000000E+01      0.1477522477E+04      0.7956095552E+03      0.7797382520E+00
0.1036000000E+01      0.1481922566E+04      0.7990412910E+03      0.7801092863E+00
0.1038000000E+01      0.1486329287E+04      0.8024798300E+03      0.7804786226E+00
0.1040000000E+01      0.1490742640E+04      0.8059251701E+03      0.7808462713E+00
0.1042000000E+01      0.1495162625E+04      0.8093773087E+03      0.7812122428E+00
0.1044000000E+01      0.1499589242E+04      0.8128362437E+03      0.7815765471E+00
0.1046000000E+01      0.1504022493E+04      0.8163019729E+03      0.7819391945E+00
0.1048000000E+01      0.1508462376E+04      0.8197744938E+03      0.7823001950E+00
0.1050000000E+01      0.1512908893E+04      0.8232538042E+03      0.7826595588E+00
0.1052000000E+01      0.1517362044E+04      0.8267399020E+03      0.7830172957E+00
0.1054000000E+01      0.1521821828E+04      0.8302327848E+03      0.7833734155E+00
0.1056000000E+01      0.1526288247E+04      0.8337324504E+03      0.7837279282E+00
0.1058000000E+01      0.1530761301E+04      0.8372388965E+03      0.7840808434E+00
0.1060000000E+01      0.1535240989E+04      0.8407521210E+03      0.7844321709E+00
0.1062000000E+01      0.1539727312E+04      0.8442721216E+03      0.7847819202E+00
0.1064000000E+01      0.1544220271E+04      0.8477988962E+03      0.7851301009E+00
0.1066000000E+01      0.1548719866E+04      0.8513324424E+03      0.7854767224E+00
0.1068000000E+01      0.1553226096E+04      0.8548727581E+03      0.7858217941E+00
0.1070000000E+01      0.1557738963E+04      0.8584198412E+03      0.7861653255E+00
0.1072000000E+01      0.1562258466E+04      0.8619736894E+03      0.7865073258E+00
0.1074000000E+01      0.1566784605E+04      0.8655343006E+03      0.7868478041E+00
0.1076000000E+01      0.1571317382E+04      0.8691016726E+03      0.7871867697E+00
0.1078000000E+01      0.1575856795E+04      0.8726758033E+03      0.7875242316E+00
0.1080000000E+01      0.1580402846E+04      0.8762566904E+03      0.7878601990E+00
0.1082000000E+01      0.1584955534E+04      0.8798443319E+03      0.7881946806E+00
0.1084000000E+01      0.1589514860E+04      0.8834387257E+03      0.7885276855E+00
0.1086000000E+01      0.1594080824E+04      0.8870398695E+03      0.7888592225E+00
0.1088000000E+01      0.1598653426E+04      0.8906477614E+03      0.7891893004E+00
0.1090000000E+01      0.1603232667E+04      0.8942623991E+03      0.7895179279E+00
0.1092000000E+01      0.1607818546E+04      0.8978837805E+03      0.7898451137E+00
0.1094000000E+01      0.1612411064E+04      0.9015119037E+03      0.7901708663E+00
0.1096000000E+01      0.1617010221E+04      0.9051467664E+03      0.7904951944E+00
0.1098000000E+01      0.1621616016E+04      0.9087883666E+03      0.7908181065E+00
0.1100000000E+01      0.1626228451E+04      0.9124367023E+03      0.7911396108E+00
0.1102000000E+01      0.1630847526E+04      0.9160917713E+03      0.7914597160E+00
0.1104000000E+01      0.1635473240E+04      0.9197535716E+03      0.7917784302E+00
0.1106000000E+01      0.1640105594E+04      0.9234221012E+03      0.7920957618E+00
0.1108000000E+01      0.1644744588E+04      0.9270973579E+03      0.7924117189E+00
0.1110000000E+01      0.1649390222E+04      0.9307793399E+03      0.7927263097E+00
0.1112000000E+01      0.1654042497E+04      0.9344680449E+03      0.7930395424E+00
0.1114000000E+01      0.1658701411E+04      0.9381634711E+03      0.7933514249E+00
0.1116000000E+01      0.1663366967E+04      0.9418656164E+03      0.7936619652E+00
0.1118000000E+01      0.1668039163E+04      0.9455744787E+03      0.7939711714E+00
0.1120000000E+01      0.1672717999E+04      0.9492900562E+03      0.7942790512E+00
0.1122000000E+01      0.1677403477E+04      0.9530123467E+03      0.7945856126E+00
0.1124000000E+01      0.1682095596E+04      0.9567413484E+03      0.7948908633E+00
0.1126000000E+01      0.1686794356E+04      0.9604770592E+03      0.7951948110E+00
0.1128000000E+01      0.1691499757E+04      0.9642194771E+03      0.7954974635E+00
0.1130000000E+01      0.1696211800E+04      0.9679686002E+03      0.7957988283E+00
0.1132000000E+01      0.1700930484E+04      0.9717244266E+03      0.7960989130E+00
0.1134000000E+01      0.1705655810E+04      0.9754869542E+03      0.7963977252E+00
0.1136000000E+01      0.1710387778E+04      0.9792561812E+03      0.7966952724E+00
0.1138000000E+01      0.1715126388E+04      0.9830321056E+03      0.7969915619E+00
0.1140000000E+01      0.1719871639E+04      0.9868147254E+03      0.7972866012E+00
0.1142000000E+01      0.1724623533E+04      0.9906040388E+03      0.7975803975E+00
0.1144000000E+01      0.1729382069E+04      0.9944000439E+03      0.7978729583E+00
0.1146000000E+01      0.1734147247E+04      0.9982027387E+03      0.7981642906E+00
0.1148000000E+01      0.1738919067E+04      0.1002012121E+04      0.7984544018E+00
0.1150000000E+01      0.1743697530E+04      0.1005828190E+04      0.7987432989E+00
0.1152000000E+01      0.1748482635E+04      0.1009650942E+04      0.7990309890E+00
0.1154000000E+01      0.1753274382E+04      0.1013480377E+04      0.7993174792E+00
0.1156000000E+01      0.1758072773E+04      0.1017316492E+04      0.7996027766E+00
0.1158000000E+01      0.1762877805E+04      0.1021159286E+04      0.7998868880E+00
0.1160000000E+01      0.1767689481E+04      0.1025008756E+04      0.8001698203E+00
0.1162000000E+01      0.1772507799E+04      0.1028864900E+04      0.8004515804E+00
0.1164000000E+01      0.1777332761E+04      0.1032727718E+04      0.8007321753E+00
0.1166000000E+01      0.1782164365E+04      0.1036597207E+04      0.8010116115E+00
0.1168000000E+01      0.1787002612E+04      0.1040473365E+04      0.8012898959E+00
0.1170000000E+01      0.1791847501E+04      0.1044356190E+04      0.8015670352E+00
0.1172000000E+01      0.1796699034E+04      0.1048245681E+04      0.8018430359E+00
0.1174000000E+01      0.1801557210E+04      0.1052141835E+04      0.8021179047E+00
0.1176000000E+01      0.1806422030E+04      0.1056044652E+04      0.8023916482E+00
0.1178000000E+01      0.1811293492E+04      0.1059954129E+04      0.8026642729E+00
0.1180000000E+01      0.1816171597E+04      0.1063870264E+04      0.8029357853E+00
0.1182000000E+01      0.1821056345E+04      0.1067793055E+04      0.8032061917E+00
0.1184000000E+01      0.1825947737E+04      0.1071722502E+04      0.8034754986E+00
0.1186000000E+01      0.1830845772E+04      0.1075658601E+04      0.8037437123E+00
0.1188000000E+01      0.1835750450E+04      0.1079601352E+04      0.8040108391E+00
0.1190000000E+01      0.1840661771E+04      0.1083550752E+04      0.8042768854E+00
0.1192000000E+01      0.1845579736E+04      0.1087506800E+04      0.8045418573E+00
0.1194000000E+01      0.1850504344E+04      0.1091469494E+04      0.8048057591E+00
0.1196000000E+01      0.1855435595E+04      0.1095438832E+04      0.8050686008E+00
0.1198000000E+01      0.1860373489E+04      0.1099414813E+04      0.8053303866E+00
0.1200000000E+01      0.1865318026E+04      0.1103397435E+04      0.8055911225E+00
