      Rhob                Epsilon              Pressure               SoundV
0.4730000000E-14      0.4409040000E-11      0.6303830000E-24      0.2528270000E-09
0.4760000000E-14      0.4431480000E-11      0.6303830000E-23      0.3286900000E-09
0.4910000000E-14      0.4571720000E-11      0.6303830000E-22      0.3811090000E-09
0.6990000000E-14      0.6506980000E-11      0.7552120000E-21      0.1661210000E-08
0.9900000000E-14      0.9199530000E-11      0.8737990000E-20      0.4506330000E-08
0.2720000000E-13      0.2529870000E-10      0.1061040000E-18      0.2185710000E-07
0.1270000000E-12      0.1189210000E-09      0.3632510000E-17      0.1280710000E-06
0.6930000000E-12      0.6450890000E-09      0.1185870000E-15      0.6813760000E-06
0.6295000000E-11      0.5856290000E-08      0.6081640000E-14      0.1980100000E-05
0.1581000000E-10      0.1470800000E-07      0.3100740000E-13      0.4121830000E-05
0.3972000000E-10      0.3694960000E-07      0.1517290000E-12      0.7788630000E-05
0.9976000000E-10      0.9278060000E-07      0.7183870000E-12      0.1422460000E-04
0.2506000000E-09      0.2331300000E-06      0.3286730000E-11      0.2500930000E-04
0.6294000000E-09      0.5856290000E-06      0.1446760000E-10      0.4207890000E-04
0.1581000000E-08      0.1470800000E-05      0.6088500000E-10      0.6739699893E-04
0.3972000000E-08      0.3695520000E-05      0.2441020000E-09      0.8516180000E-04
0.5000000000E-08      0.4651930000E-05      0.3282360000E-09      0.1052360000E-03
0.9976000000E-08      0.9283670000E-05      0.8956430000E-09      0.1422520000E-03
0.1990000000E-07      0.1852250000E-04      0.2392340000E-08      0.1863930000E-03
0.3972000000E-07      0.3696080000E-04      0.6278870000E-08      0.2408930000E-03
0.7924000000E-07      0.7376450000E-04      0.1625270000E-07      0.3085620000E-03
0.1581000000E-06      0.1471920000E-03      0.4166770000E-07      0.3417580000E-03
0.1990000000E-06      0.1853370000E-03      0.5453750000E-07      0.3860480000E-03
0.3155000000E-06      0.2937680000E-03      0.1016730000E-06      0.4315500000E-03
0.5000000000E-06      0.4656420000E-03      0.1890530000E-06      0.4889620000E-03
0.6294000000E-06      0.5861890000E-03      0.2577080000E-06      0.5509610000E-03
0.7924000000E-06      0.7382060000E-03      0.3143180000E-06      0.6137740000E-03
0.9976000000E-06      0.9294890000E-03      0.4281610000E-06      0.6540150000E-03
0.1581000000E-05      0.1470000000E-02      0.7939080000E-06      0.7285460000E-03
0.2506000000E-05      0.2340000000E-02      0.1470480000E-05      0.8500470000E-03
0.3972000000E-05      0.3700000000E-02      0.2722510000E-05      0.8906300000E-03
0.5000000000E-05      0.4660000000E-02      0.3533890000E-05      0.9510480000E-03
0.6294000000E-05      0.5870000000E-02      0.4807140000E-05      0.1100000000E-02
0.7924000000E-05      0.7390000000E-02      0.6541010000E-05      0.1180000000E-02
0.9976000000E-05      0.9310000000E-02      0.8894020000E-05      0.1280000000E-02
0.1256000000E-04      0.1172000000E-01      0.1209590000E-04      0.1300000000E-02
0.1581000000E-04      0.1476000000E-01      0.1562230000E-04      0.1320000000E-02
0.1990000000E-04      0.1858000000E-01      0.2124580000E-04      0.1390000000E-02
0.2506000000E-04      0.2340000000E-01      0.2888530000E-04      0.1470000000E-02
0.3155000000E-04      0.2947000000E-01      0.3713020000E-04      0.1550000000E-02
0.3972000000E-04      0.3712000000E-01      0.5048680000E-04      0.1820000000E-02
0.5000000000E-04      0.4674000000E-01      0.6865560000E-04      0.1960000000E-02
0.6294000000E-04      0.5884000000E-01      0.9330920000E-04      0.2110000000E-02
0.7924000000E-04      0.7416000000E-01      0.1268880000E-03      0.2150000000E-02
0.9976000000E-04      0.9334000000E-01      0.1620900000E-03      0.2190000000E-02
0.1105000000E-03      0.1034400000E+00      0.1805020000E-03      0.2220000000E-02
0.1256000000E-03      0.1175700000E+00      0.2053430000E-03      0.2270000000E-02
0.1581000000E-03      0.1480900000E+00      0.2791790000E-03      0.2300000000E-02
0.1990000000E-03      0.1865100000E+00      0.3630010000E-03      0.2350000000E-02
0.2506000000E-03      0.2349200000E+00      0.4704780000E-03      0.2420000000E-02
0.2572000000E-03      0.2411500000E+00      0.4871430000E-03      0.1640000000E-02
0.2670000000E-03      0.2502100000E+00      0.4925360000E-03      0.6323770000E-03
0.3126000000E-03      0.2932300000E+00      0.5213460000E-03      0.6351150000E-03
0.3951000000E-03      0.3707800000E+00      0.5679160000E-03      0.6395500000E-03
0.4759000000E-03      0.4467600000E+00      0.6136960000E-03      0.6456670000E-03
0.5812000000E-03      0.5456200000E+00      0.6758550000E-03      0.6505920000E-03
0.7143000000E-03      0.6709200000E+00      0.7601150000E-03      0.7025890000E-03
0.8786000000E-03      0.8252300000E+00      0.8731850000E-03      0.7646840000E-03
0.1077000000E-02      0.1012500000E+01      0.1020000000E-02      0.8354260000E-03
0.1314000000E-02      0.1235290000E+01      0.1220000000E-02      0.9276850000E-03
0.1748000000E-02      0.1643560000E+01      0.1620000000E-02      0.1000000000E-02
0.2000000000E-02      0.1880850000E+01      0.2000000000E-02      0.1100000000E-02
0.4000000000E-02      0.3764610000E+01      0.4510000000E-02      0.1460000000E-02
0.6000000000E-02      0.5649800000E+01      0.7500000000E-02      0.1680000000E-02
0.8000000000E-02      0.7536070000E+01      0.1086000000E-01      0.1880000000E-02
0.1000000000E-01      0.9423230000E+01      0.1458000000E-01      0.2070000000E-02
0.1200000000E-01      0.1131116000E+02      0.1867000000E-01      0.2280000000E-02
0.1400000000E-01      0.1319982000E+02      0.2318000000E-01      0.2510000000E-02
0.1600000000E-01      0.1508915000E+02      0.2814000000E-01      0.2760000000E-02
0.1800000000E-01      0.1697914000E+02      0.3361000000E-01      0.3040000000E-02
0.2000000000E-01      0.1886976000E+02      0.3965000000E-01      0.3340000000E-02
0.2200000000E-01      0.2076101000E+02      0.4624000000E-01      0.3660000000E-02
0.2400000000E-01      0.2265290000E+02      0.5348000000E-01      0.3990000000E-02
0.2600000000E-01      0.2454541000E+02      0.6133000000E-01      0.4330000000E-02
0.2800000000E-01      0.2643855000E+02      0.6988000000E-01      0.4680000000E-02
0.3000000000E-01      0.2833233000E+02      0.7906000000E-01      0.5030000000E-02
0.3200000000E-01      0.3022674000E+02      0.8895000000E-01      0.5390000000E-02
0.3400000000E-01      0.3212179000E+02      0.9948000000E-01      0.5740000000E-02
0.3600000000E-01      0.3401748000E+02      0.1107200000E+00      0.6090000000E-02
0.3800000000E-01      0.3591381000E+02      0.1225900000E+00      0.6440000000E-02
0.4000000000E-01      0.3781078000E+02      0.1351400000E+00      0.6790000000E-02
0.4200000000E-01      0.3970840000E+02      0.1483400000E+00      0.7110000000E-02
0.4400000000E-01      0.4160666000E+02      0.1621100000E+00      0.7420000000E-02
0.4600000000E-01      0.4350556000E+02      0.1765200000E+00      0.7740000000E-02
0.4800000000E-01      0.4540510000E+02      0.1915000000E+00      0.8040000000E-02
0.5000000000E-01      0.4730528000E+02      0.2070600000E+00      0.8310000000E-02
0.5200000000E-01      0.4920608000E+02      0.2230900000E+00      0.8580000000E-02
0.5400000000E-01      0.5110752000E+02      0.2396900000E+00      0.8870000000E-02
0.5600000000E-01      0.5300958000E+02      0.2568200000E+00      0.9120000000E-02
0.5800000000E-01      0.5491227000E+02      0.2743700000E+00      0.9340000000E-02
0.6000000000E-01      0.5681556000E+02      0.2923800000E+00      0.9690000000E-02
0.6200000000E-01      0.5871946000E+02      0.3101200000E+00      0.1002000000E-01
0.6400000000E-01      0.6062394000E+02      0.3290400000E+00      0.1028000000E-01
0.6600000000E-01      0.6252904000E+02      0.3483400000E+00      0.1069000000E-01
0.6800000000E-01      0.6443473000E+02      0.3679800000E+00      0.1101000000E-01
0.7000000000E-01      0.6634095000E+02      0.3861300000E+00      0.1136000000E-01
0.8900000000E-01      0.8449948827E+02      0.3910693116E+00      0.1047603620E-01
0.9100000000E-01      0.8640736825E+02      0.4116071506E+00      0.1104686342E-01
0.9300000000E-01      0.8831571182E+02      0.4332704901E+00      0.1164992429E-01
0.9500000000E-01      0.9022453388E+02      0.4561230964E+00      0.1228677562E-01
0.9700000000E-01      0.9213385009E+02      0.4802318200E+00      0.1295900110E-01
0.9900000000E-01      0.9404367689E+02      0.5056666492E+00      0.1366820492E-01
0.1010000000E+00      0.9595403146E+02      0.5325007519E+00      0.1441600543E-01
0.1030000000E+00      0.9786493183E+02      0.5608105068E+00      0.1520402900E-01
0.1050000000E+00      0.9977639680E+02      0.5906755225E+00      0.1603390391E-01
0.1070000000E+00      0.1016884460E+03      0.6221786474E+00      0.1690725462E-01
0.1090000000E+00      0.1036011000E+03      0.6554059670E+00      0.1782569593E-01
0.1110000000E+00      0.1055143801E+03      0.6904467944E+00      0.1879082764E-01
0.1130000000E+00      0.1074283086E+03      0.7273936485E+00      0.1980422913E-01
0.1150000000E+00      0.1093429081E+03      0.7662364375E+00      0.2066629982E-01
0.1170000000E+00      0.1112581971E+03      0.8067208090E+00      0.2161596252E-01
0.1190000000E+00      0.1131741945E+03      0.8491654127E+00      0.2268100855E-01
0.1210000000E+00      0.1150909230E+03      0.8937468129E+00      0.2382423821E-01
0.1230000000E+00      0.1170084069E+03      0.9406065391E+00      0.2503648340E-01
0.1250000000E+00      0.1189266721E+03      0.9898755245E+00      0.2631430284E-01
0.1270000000E+00      0.1208457456E+03      0.1041680698E+01      0.2765631182E-01
0.1290000000E+00      0.1227656557E+03      0.1096147653E+01      0.2906205965E-01
0.1310000000E+00      0.1246864316E+03      0.1153401949E+01      0.3053157503E-01
0.1330000000E+00      0.1266081037E+03      0.1213569808E+01      0.3206514825E-01
0.1350000000E+00      0.1285307031E+03      0.1276778506E+01      0.3366321360E-01
0.1370000000E+00      0.1304542622E+03      0.1343156600E+01      0.3532628072E-01
0.1390000000E+00      0.1323788141E+03      0.1412834041E+01      0.3705489051E-01
0.1410000000E+00      0.1343043931E+03      0.1485942229E+01      0.3884958714E-01
0.1430000000E+00      0.1362310341E+03      0.1562614017E+01      0.4071089750E-01
0.1450000000E+00      0.1381587730E+03      0.1642983684E+01      0.4263931689E-01
0.1470000000E+00      0.1400876466E+03      0.1727186989E+01      0.4463742706E-01
0.1490000000E+00      0.1420176927E+03      0.1815360702E+01      0.4670145971E-01
0.1510000000E+00      0.1439489496E+03      0.1907643118E+01      0.4882958018E-01
0.1530000000E+00      0.1458814567E+03      0.2004173571E+01      0.5103038886E-01
0.1550000000E+00      0.1478152541E+03      0.2105092435E+01      0.5330000698E-01
0.1570000000E+00      0.1497503827E+03      0.2210541013E+01      0.5563858361E-01
0.1590000000E+00      0.1516868840E+03      0.2320661430E+01      0.5804619642E-01
0.1610000000E+00      0.1536248006E+03      0.2435596510E+01      0.6052284972E-01
0.1630000000E+00      0.1555641755E+03      0.2555489662E+01      0.6306847302E-01
0.1650000000E+00      0.1575050525E+03      0.2680484755E+01      0.6568291998E-01
0.1670000000E+00      0.1594474764E+03      0.2810725797E+01      0.6836163791E-01
0.1690000000E+00      0.1613914916E+03      0.2946357759E+01      0.7111688257E-01
0.1710000000E+00      0.1633371447E+03      0.3087524596E+01      0.7393610528E-01
0.1730000000E+00      0.1652844819E+03      0.3234370929E+01      0.7682279653E-01
0.1750000000E+00      0.1672335502E+03      0.3387041027E+01      0.7977642632E-01
0.1770000000E+00      0.1691843971E+03      0.3545678859E+01      0.8279638870E-01
0.1790000000E+00      0.1711370709E+03      0.3710427966E+01      0.8588200300E-01
0.1810000000E+00      0.1730916201E+03      0.3881431329E+01      0.8903251483E-01
0.1830000000E+00      0.1750480940E+03      0.4058831252E+01      0.9224709743E-01
0.1850000000E+00      0.1770065422E+03      0.4242769233E+01      0.9552485308E-01
0.1870000000E+00      0.1789670148E+03      0.4433385844E+01      0.9886481486E-01
0.1890000000E+00      0.1809295624E+03      0.4630820613E+01      0.1022659484E+00
0.1910000000E+00      0.1828942358E+03      0.4835211906E+01      0.1057271539E+00
0.1930000000E+00      0.1848610863E+03      0.5046696812E+01      0.1092472683E+00
0.1950000000E+00      0.1868301657E+03      0.5265411035E+01      0.1128250675E+00
0.1970000000E+00      0.1888015258E+03      0.5491488780E+01      0.1164592690E+00
0.1990000000E+00      0.1907752190E+03      0.5725062653E+01      0.1201485340E+00
0.2010000000E+00      0.1927512978E+03      0.5966263559E+01      0.1238915119E+00
0.2030000000E+00      0.1947298150E+03      0.6215220599E+01      0.1276866770E+00
0.2050000000E+00      0.1967108236E+03      0.6472060983E+01      0.1315325802E+00
0.2070000000E+00      0.1986943769E+03      0.6736909937E+01      0.1354276861E+00
0.2090000000E+00      0.2006805281E+03      0.7009890615E+01      0.1393704173E+00
0.2110000000E+00      0.2026693310E+03      0.7291124022E+01      0.1433545002E+00
0.2130000000E+00      0.2046608390E+03      0.7580728931E+01      0.1473874652E+00
0.2150000000E+00      0.2066551061E+03      0.7878821816E+01      0.1514630998E+00
0.2170000000E+00      0.2086521859E+03      0.8185516779E+01      0.1555796898E+00
0.2190000000E+00      0.2106521324E+03      0.8500925489E+01      0.1597354949E+00
0.2210000000E+00      0.2126549995E+03      0.8825157122E+01      0.1639287515E+00
0.2230000000E+00      0.2146608410E+03      0.9158318305E+01      0.1681576761E+00
0.2250000000E+00      0.2166697109E+03      0.9500513071E+01      0.1724204687E+00
0.2270000000E+00      0.2186816630E+03      0.9851842807E+01      0.1767153155E+00
0.2290000000E+00      0.2206967510E+03      0.1021240622E+02      0.1810403924E+00
0.2310000000E+00      0.2227150286E+03      0.1058229930E+02      0.1853938679E+00
0.2330000000E+00      0.2247365494E+03      0.1096161529E+02      0.1897739061E+00
0.2350000000E+00      0.2267613668E+03      0.1135044464E+02      0.1941786698E+00
0.2370000000E+00      0.2287895341E+03      0.1174887503E+02      0.1986063235E+00
0.2390000000E+00      0.2308211045E+03      0.1215699131E+02      0.2030550358E+00
0.2410000000E+00      0.2328561308E+03      0.1257487550E+02      0.2075229827E+00
0.2430000000E+00      0.2348946654E+03      0.1300260694E+02      0.2120127397E+00
0.2450000000E+00      0.2369367615E+03      0.1344026169E+02      0.2165138192E+00
0.2470000000E+00      0.2389824709E+03      0.1388791339E+02      0.2210287504E+00
0.2490000000E+00      0.2410318457E+03      0.1434563272E+02      0.2255557263E+00
0.2510000000E+00      0.2430849375E+03      0.1481348752E+02      0.2300929978E+00
0.2530000000E+00      0.2451417979E+03      0.1529154281E+02      0.2346388729E+00
0.2550000000E+00      0.2472024777E+03      0.1577986082E+02      0.2391916290E+00
0.2570000000E+00      0.2492670279E+03      0.1627850098E+02      0.2437496045E+00
0.2590000000E+00      0.2513354988E+03      0.1678751996E+02      0.2483111137E+00
0.2610000000E+00      0.2534079406E+03      0.1730697170E+02      0.2528745524E+00
0.2630000000E+00      0.2554844029E+03      0.1783690742E+02      0.2574383295E+00
0.2650000000E+00      0.2575649351E+03      0.1837737567E+02      0.2620008864E+00
0.2670000000E+00      0.2596495861E+03      0.1892842234E+02      0.2665606983E+00
0.2690000000E+00      0.2617384045E+03      0.1949009073E+02      0.2711162752E+00
0.2710000000E+00      0.2638314385E+03      0.2006242154E+02      0.2756661632E+00
0.2730000000E+00      0.2659287356E+03      0.2064545298E+02      0.2802010070E+00
0.2750000000E+00      0.2680303434E+03      0.2123922072E+02      0.2847351072E+00
0.2770000000E+00      0.2701363085E+03      0.2184375802E+02      0.2892593802E+00
0.2790000000E+00      0.2722466774E+03      0.2245909572E+02      0.2937725253E+00
0.2810000000E+00      0.2743614961E+03      0.2308526234E+02      0.2982732814E+00
0.2830000000E+00      0.2764808101E+03      0.2372228406E+02      0.3027604281E+00
0.2850000000E+00      0.2786046643E+03      0.2437018483E+02      0.3072346167E+00
0.2870000000E+00      0.2807331035E+03      0.2502898639E+02      0.3116910948E+00
0.2890000000E+00      0.2828661715E+03      0.2569870835E+02      0.3161305486E+00
0.2910000000E+00      0.2850039121E+03      0.2637936818E+02      0.3205519215E+00
0.2930000000E+00      0.2871463684E+03      0.2707098136E+02      0.3249541982E+00
0.2950000000E+00      0.2892935829E+03      0.2777356135E+02      0.3293364045E+00
0.2970000000E+00      0.2914455979E+03      0.2848711968E+02      0.3336976070E+00
0.2990000000E+00      0.2936024549E+03      0.2921166601E+02      0.3380369131E+00
0.3010000000E+00      0.2957641951E+03      0.2994720818E+02      0.3423534705E+00
0.3030000000E+00      0.2979308591E+03      0.3069375225E+02      0.3466464669E+00
0.3050000000E+00      0.3001024871E+03      0.3145130257E+02      0.3509151296E+00
0.3070000000E+00      0.3022791186E+03      0.3221986185E+02      0.3551587247E+00
0.3090000000E+00      0.3044607929E+03      0.3299943116E+02      0.3593765571E+00
0.3110000000E+00      0.3066475486E+03      0.3379001007E+02      0.3635679696E+00
0.3130000000E+00      0.3088394237E+03      0.3459159661E+02      0.3677323420E+00
0.3150000000E+00      0.3110364557E+03      0.3540418742E+02      0.3718743924E+00
0.3170000000E+00      0.3132386821E+03      0.3622777768E+02      0.3759830419E+00
0.3190000000E+00      0.3154461393E+03      0.3706236130E+02      0.3800630065E+00
0.3210000000E+00      0.3176588634E+03      0.3790793088E+02      0.3841138081E+00
0.3230000000E+00      0.3198768899E+03      0.3876447781E+02      0.3881350024E+00
0.3250000000E+00      0.3221002542E+03      0.3963199226E+02      0.3921261776E+00
0.3270000000E+00      0.3243289906E+03      0.4051046330E+02      0.3960869541E+00
0.3290000000E+00      0.3265631334E+03      0.4139987892E+02      0.4000169833E+00
0.3310000000E+00      0.3288027162E+03      0.4230022604E+02      0.4039159467E+00
0.3330000000E+00      0.3310477721E+03      0.4321149063E+02      0.4077835555E+00
0.3350000000E+00      0.3332983337E+03      0.4413365770E+02      0.4116139568E+00
0.3370000000E+00      0.3355544334E+03      0.4506671135E+02      0.4154180078E+00
0.3390000000E+00      0.3378161026E+03      0.4601063486E+02      0.4191900043E+00
0.3410000000E+00      0.3400833728E+03      0.4696541066E+02      0.4229297660E+00
0.3430000000E+00      0.3423562745E+03      0.4793102043E+02      0.4266371376E+00
0.3450000000E+00      0.3446348381E+03      0.4890744513E+02      0.4303119877E+00
0.3470000000E+00      0.3469190934E+03      0.4989466502E+02      0.4339542082E+00
0.3490000000E+00      0.3492090698E+03      0.5089265970E+02      0.4375637134E+00
0.3510000000E+00      0.3515047962E+03      0.5190140818E+02      0.4411404389E+00
0.3530000000E+00      0.3538063010E+03      0.5292088887E+02      0.4446843412E+00
0.3550000000E+00      0.3561136121E+03      0.5395107966E+02      0.4481953954E+00
0.3570000000E+00      0.3584267573E+03      0.5499195792E+02      0.4516735987E+00
0.3590000000E+00      0.3607457636E+03      0.5604350054E+02      0.4551189633E+00
0.3610000000E+00      0.3630706577E+03      0.5710568399E+02      0.4585315199E+00
0.3630000000E+00      0.3654014658E+03      0.5817848431E+02      0.4619113158E+00
0.3650000000E+00      0.3677382139E+03      0.5926187718E+02      0.4652584141E+00
0.3670000000E+00      0.3700809273E+03      0.6035583790E+02      0.4685728931E+00
0.3690000000E+00      0.3724296310E+03      0.6146034147E+02      0.4718548454E+00
0.3710000000E+00      0.3747843498E+03      0.6257536258E+02      0.4751043773E+00
0.3730000000E+00      0.3771451076E+03      0.6370087567E+02      0.4783216080E+00
0.3750000000E+00      0.3795119285E+03      0.6483685491E+02      0.4815066690E+00
0.3770000000E+00      0.3818848357E+03      0.6598327427E+02      0.4846597036E+00
0.3790000000E+00      0.3842638524E+03      0.6714010750E+02      0.4877808658E+00
0.3810000000E+00      0.3866490011E+03      0.6830732820E+02      0.4908703204E+00
0.3830000000E+00      0.3890403042E+03      0.6948490980E+02      0.4939282415E+00
0.3850000000E+00      0.3914377834E+03      0.7067282560E+02      0.4969548129E+00
0.3870000000E+00      0.3938414605E+03      0.7187104880E+02      0.4999502266E+00
0.3890000000E+00      0.3962513564E+03      0.7307955247E+02      0.5029146831E+00
0.3910000000E+00      0.3986674921E+03      0.7429830964E+02      0.5058483901E+00
0.3930000000E+00      0.4010898880E+03      0.7552729327E+02      0.5087515627E+00
0.3950000000E+00      0.4035185642E+03      0.7676647627E+02      0.5116244224E+00
0.3970000000E+00      0.4059535406E+03      0.7801583152E+02      0.5144671967E+00
0.3990000000E+00      0.4083948364E+03      0.7927533192E+02      0.5172801191E+00
0.4010000000E+00      0.4108424709E+03      0.8054495033E+02      0.5200634280E+00
0.4030000000E+00      0.4132964628E+03      0.8182465966E+02      0.5228173667E+00
0.4050000000E+00      0.4157568305E+03      0.8311443283E+02      0.5255421830E+00
0.4070000000E+00      0.4182235924E+03      0.8441424280E+02      0.5282381285E+00
0.4090000000E+00      0.4206967660E+03      0.8572406260E+02      0.5309054587E+00
0.4110000000E+00      0.4231763691E+03      0.8704386532E+02      0.5335444321E+00
0.4130000000E+00      0.4256624188E+03      0.8837362412E+02      0.5361553105E+00
0.4150000000E+00      0.4281549320E+03      0.8971331224E+02      0.5387383578E+00
0.4170000000E+00      0.4306539254E+03      0.9106290304E+02      0.5412938408E+00
0.4190000000E+00      0.4331594154E+03      0.9242236996E+02      0.5438220279E+00
0.4210000000E+00      0.4356714179E+03      0.9379168655E+02      0.5463231894E+00
0.4230000000E+00      0.4381899489E+03      0.9517082651E+02      0.5487975969E+00
0.4250000000E+00      0.4407150238E+03      0.9655976365E+02      0.5512455234E+00
0.4270000000E+00      0.4432466578E+03      0.9795847190E+02      0.5536672427E+00
0.4290000000E+00      0.4457848660E+03      0.9936692537E+02      0.5560630294E+00
0.4310000000E+00      0.4483296631E+03      0.1007850983E+03      0.5584331611E+00
0.4330000000E+00      0.4508810635E+03      0.1022129650E+03      0.5607779082E+00
0.4350000000E+00      0.4534390814E+03      0.1036505002E+03      0.5630975486E+00
0.4370000000E+00      0.4560037309E+03      0.1050976784E+03      0.5653923576E+00
0.4390000000E+00      0.4585750257E+03      0.1065544747E+03      0.5676626104E+00
0.4410000000E+00      0.4611529791E+03      0.1080208640E+03      0.5699085815E+00
0.4430000000E+00      0.4637376046E+03      0.1094968215E+03      0.5721305449E+00
0.4450000000E+00      0.4663289150E+03      0.1109823229E+03      0.5743287740E+00
0.4470000000E+00      0.4689269233E+03      0.1124773435E+03      0.5765035410E+00
0.4490000000E+00      0.4715316419E+03      0.1139818592E+03      0.5786551173E+00
0.4510000000E+00      0.4741430833E+03      0.1154958461E+03      0.5807837731E+00
0.4530000000E+00      0.4767612595E+03      0.1170192803E+03      0.5828897771E+00
0.4550000000E+00      0.4793861825E+03      0.1185521381E+03      0.5849733969E+00
0.4570000000E+00      0.4820178640E+03      0.1200943962E+03      0.5870348985E+00
0.4590000000E+00      0.4846563155E+03      0.1216460313E+03      0.5890745463E+00
0.4610000000E+00      0.4873015483E+03      0.1232070204E+03      0.5910926030E+00
0.4630000000E+00      0.4899535736E+03      0.1247773408E+03      0.5930893296E+00
0.4650000000E+00      0.4926124022E+03      0.1263569697E+03      0.5950649851E+00
0.4670000000E+00      0.4952780448E+03      0.1279458848E+03      0.5970198268E+00
0.4690000000E+00      0.4979505121E+03      0.1295440639E+03      0.5989541098E+00
0.4710000000E+00      0.5006298144E+03      0.1311514851E+03      0.6008680874E+00
0.4730000000E+00      0.5033159618E+03      0.1327681265E+03      0.6027620106E+00
0.4750000000E+00      0.5060089643E+03      0.1343939665E+03      0.6046361283E+00
0.4770000000E+00      0.5087088318E+03      0.1360289839E+03      0.6064906873E+00
0.4790000000E+00      0.5114155739E+03      0.1376731575E+03      0.6083259320E+00
0.4810000000E+00      0.5141292001E+03      0.1393264663E+03      0.6101421046E+00
0.4830000000E+00      0.5168497197E+03      0.1409888897E+03      0.6119394449E+00
0.4850000000E+00      0.5195771419E+03      0.1426604070E+03      0.6137181905E+00
0.4870000000E+00      0.5223114757E+03      0.1443409981E+03      0.6154785766E+00
0.4890000000E+00      0.5250527299E+03      0.1460306428E+03      0.6172208358E+00
0.4910000000E+00      0.5278009131E+03      0.1477293211E+03      0.6189451985E+00
0.4930000000E+00      0.5305560340E+03      0.1494370136E+03      0.6206518926E+00
0.4950000000E+00      0.5333181009E+03      0.1511537006E+03      0.6223411435E+00
0.4970000000E+00      0.5360871220E+03      0.1528793629E+03      0.6240131741E+00
0.4990000000E+00      0.5388631054E+03      0.1546139814E+03      0.6256682049E+00
0.5010000000E+00      0.5416460592E+03      0.1563575374E+03      0.6273064540E+00
0.5030000000E+00      0.5444359910E+03      0.1581100121E+03      0.6289281367E+00
0.5050000000E+00      0.5472329086E+03      0.1598713870E+03      0.6305334660E+00
0.5070000000E+00      0.5500368196E+03      0.1616416441E+03      0.6321226525E+00
0.5090000000E+00      0.5528477313E+03      0.1634207651E+03      0.6336959042E+00
0.5110000000E+00      0.5556656511E+03      0.1652087323E+03      0.6352534266E+00
0.5130000000E+00      0.5584905860E+03      0.1670055280E+03      0.6367954226E+00
0.5150000000E+00      0.5613225432E+03      0.1688111348E+03      0.6383220927E+00
0.5170000000E+00      0.5641615295E+03      0.1706255354E+03      0.6398336352E+00
0.5190000000E+00      0.5670075517E+03      0.1724487127E+03      0.6413302454E+00
0.5210000000E+00      0.5698606166E+03      0.1742806499E+03      0.6428121166E+00
0.5230000000E+00      0.5727207306E+03      0.1761213302E+03      0.6442794394E+00
0.5250000000E+00      0.5755879002E+03      0.1779707373E+03      0.6457324019E+00
0.5270000000E+00      0.5784621318E+03      0.1798288548E+03      0.6471711932E+00
0.5290000000E+00      0.5813434316E+03      0.1816956665E+03      0.6485959905E+00
0.5310000000E+00      0.5842318057E+03      0.1835711566E+03      0.6500069779E+00
0.5330000000E+00      0.5871272600E+03      0.1854553093E+03      0.6514043339E+00
0.5350000000E+00      0.5900298006E+03      0.1873481090E+03      0.6527882349E+00
0.5370000000E+00      0.5929394333E+03      0.1892495404E+03      0.6541588548E+00
0.5390000000E+00      0.5958561636E+03      0.1911595882E+03      0.6555163653E+00
0.5410000000E+00      0.5987799973E+03      0.1930782373E+03      0.6568609355E+00
0.5430000000E+00      0.6017109398E+03      0.1950054730E+03      0.6581927327E+00
0.5450000000E+00      0.6046489966E+03      0.1969412806E+03      0.6595119214E+00
0.5470000000E+00      0.6075941729E+03      0.1988856455E+03      0.6608186643E+00
0.5490000000E+00      0.6105464741E+03      0.2008385533E+03      0.6621131217E+00
0.5510000000E+00      0.6135059053E+03      0.2027999900E+03      0.6633954515E+00
0.5530000000E+00      0.6164724714E+03      0.2047699414E+03      0.6646658099E+00
0.5550000000E+00      0.6194461775E+03      0.2067483938E+03      0.6659243505E+00
0.5570000000E+00      0.6224270285E+03      0.2087353334E+03      0.6671712249E+00
0.5590000000E+00      0.6254150291E+03      0.2107307468E+03      0.6684065827E+00
0.5610000000E+00      0.6284101841E+03      0.2127346205E+03      0.6696305714E+00
0.5630000000E+00      0.6314124980E+03      0.2147469413E+03      0.6708433362E+00
0.5650000000E+00      0.6344219756E+03      0.2167676962E+03      0.6720450206E+00
0.5670000000E+00      0.6374386211E+03      0.2187968723E+03      0.6732357657E+00
0.5690000000E+00      0.6404624390E+03      0.2208344568E+03      0.6744157111E+00
0.5710000000E+00      0.6434934337E+03      0.2228804372E+03      0.6755849939E+00
0.5730000000E+00      0.6465316094E+03      0.2249348009E+03      0.6767437497E+00
0.5750000000E+00      0.6495769703E+03      0.2269975357E+03      0.6778921118E+00
0.5770000000E+00      0.6526295204E+03      0.2290686294E+03      0.6790302120E+00
0.5790000000E+00      0.6556892638E+03      0.2311480699E+03      0.6801581797E+00
0.5810000000E+00      0.6587562045E+03      0.2332358455E+03      0.6812761430E+00
0.5830000000E+00      0.6618303463E+03      0.2353319444E+03      0.6823842279E+00
0.5850000000E+00      0.6649116932E+03      0.2374363549E+03      0.6834825585E+00
0.5870000000E+00      0.6680002488E+03      0.2395490656E+03      0.6845712573E+00
0.5890000000E+00      0.6710960168E+03      0.2416700653E+03      0.6856504450E+00
0.5910000000E+00      0.6741990009E+03      0.2437993426E+03      0.6867202405E+00
0.5930000000E+00      0.6773092047E+03      0.2459368866E+03      0.6877807612E+00
0.5950000000E+00      0.6804266317E+03      0.2480826862E+03      0.6888321224E+00
0.5970000000E+00      0.6835512853E+03      0.2502367307E+03      0.6898744381E+00
0.5990000000E+00      0.6866831690E+03      0.2523990095E+03      0.6909078206E+00
0.6010000000E+00      0.6898222859E+03      0.2545695119E+03      0.6919323804E+00
0.6030000000E+00      0.6929686396E+03      0.2567482275E+03      0.6929482266E+00
0.6050000000E+00      0.6961222331E+03      0.2589351461E+03      0.6939554666E+00
0.6070000000E+00      0.6992830696E+03      0.2611302574E+03      0.6949542063E+00
0.6090000000E+00      0.7024511522E+03      0.2633335514E+03      0.6959445502E+00
0.6110000000E+00      0.7056264841E+03      0.2655450181E+03      0.6969266009E+00
0.6130000000E+00      0.7088090681E+03      0.2677646477E+03      0.6979004600E+00
0.6150000000E+00      0.7119989073E+03      0.2699924304E+03      0.6988662272E+00
0.6170000000E+00      0.7151960046E+03      0.2722283568E+03      0.6998240011E+00
0.6190000000E+00      0.7184003628E+03      0.2744724171E+03      0.7007738787E+00
0.6210000000E+00      0.7216119847E+03      0.2767246022E+03      0.7017159556E+00
0.6230000000E+00      0.7248308731E+03      0.2789849027E+03      0.7026503261E+00
0.6250000000E+00      0.7280570307E+03      0.2812533094E+03      0.7035770830E+00
0.6270000000E+00      0.7312904602E+03      0.2835298133E+03      0.7044963178E+00
0.6290000000E+00      0.7345311641E+03      0.2858144054E+03      0.7054081209E+00
0.6310000000E+00      0.7377791451E+03      0.2881070768E+03      0.7063125810E+00
0.6330000000E+00      0.7410344057E+03      0.2904078189E+03      0.7072097858E+00
0.6350000000E+00      0.7442969483E+03      0.2927166229E+03      0.7080998217E+00
0.6370000000E+00      0.7475667754E+03      0.2950334804E+03      0.7089827739E+00
0.6390000000E+00      0.7508438895E+03      0.2973583827E+03      0.7098587261E+00
0.6410000000E+00      0.7541282928E+03      0.2996913217E+03      0.7107277610E+00
0.6430000000E+00      0.7574199877E+03      0.3020322890E+03      0.7115899602E+00
0.6450000000E+00      0.7607189764E+03      0.3043812764E+03      0.7124454040E+00
0.6470000000E+00      0.7640252613E+03      0.3067382759E+03      0.7132941715E+00
0.6490000000E+00      0.7673388445E+03      0.3091032795E+03      0.7141363407E+00
0.6510000000E+00      0.7706597281E+03      0.3114762792E+03      0.7149719908E+00
0.6530000000E+00      0.7739879143E+03      0.3138572674E+03      0.7158011932E+00
0.6550000000E+00      0.7773234053E+03      0.3162462362E+03      0.7166240247E+00
0.6570000000E+00      0.7806662029E+03      0.3186431781E+03      0.7174405590E+00
0.6590000000E+00      0.7840163093E+03      0.3210480854E+03      0.7182508688E+00
0.6610000000E+00      0.7873737264E+03      0.3234609508E+03      0.7190550255E+00
0.6630000000E+00      0.7907384563E+03      0.3258817668E+03      0.7198530997E+00
0.6650000000E+00      0.7941105007E+03      0.3283105262E+03      0.7206451609E+00
0.6670000000E+00      0.7974898616E+03      0.3307472217E+03      0.7214312778E+00
0.6690000000E+00      0.8008765408E+03      0.3331918462E+03      0.7222115177E+00
0.6710000000E+00      0.8042705401E+03      0.3356443926E+03      0.7229859474E+00
0.6730000000E+00      0.8076718614E+03      0.3381048540E+03      0.7237546326E+00
0.6750000000E+00      0.8110805063E+03      0.3405732235E+03      0.7245176379E+00
0.6770000000E+00      0.8144964766E+03      0.3430494942E+03      0.7252750271E+00
0.6790000000E+00      0.8179197740E+03      0.3455336594E+03      0.7260268632E+00
0.6810000000E+00      0.8213504002E+03      0.3480257124E+03      0.7267732082E+00
0.6830000000E+00      0.8247883567E+03      0.3505256466E+03      0.7275141233E+00
0.6850000000E+00      0.8282336453E+03      0.3530334555E+03      0.7282496687E+00
0.6870000000E+00      0.8316862673E+03      0.3555491326E+03      0.7289799040E+00
0.6890000000E+00      0.8351462245E+03      0.3580726715E+03      0.7297048876E+00
0.6910000000E+00      0.8386135183E+03      0.3606040659E+03      0.7304246775E+00
0.6930000000E+00      0.8420881502E+03      0.3631433095E+03      0.7311393306E+00
0.6950000000E+00      0.8455701217E+03      0.3656903962E+03      0.7318489031E+00
0.6970000000E+00      0.8490594343E+03      0.3682453198E+03      0.7325534504E+00
0.6990000000E+00      0.8525560892E+03      0.3708080743E+03      0.7332530272E+00
0.7010000000E+00      0.8560600880E+03      0.3733786536E+03      0.7339476873E+00
0.7030000000E+00      0.8595714320E+03      0.3759570519E+03      0.7346374839E+00
0.7050000000E+00      0.8630901225E+03      0.3785432633E+03      0.7353224693E+00
0.7070000000E+00      0.8666161609E+03      0.3811372820E+03      0.7360026953E+00
0.7090000000E+00      0.8701495484E+03      0.3837391022E+03      0.7366782128E+00
0.7110000000E+00      0.8736902863E+03      0.3863487183E+03      0.7373490721E+00
0.7130000000E+00      0.8772383758E+03      0.3889661246E+03      0.7380153228E+00
0.7150000000E+00      0.8807938182E+03      0.3915913156E+03      0.7386770137E+00
0.7170000000E+00      0.8843566147E+03      0.3942242857E+03      0.7393341931E+00
0.7190000000E+00      0.8879267665E+03      0.3968650295E+03      0.7399869085E+00
0.7210000000E+00      0.8915042746E+03      0.3995135417E+03      0.7406352069E+00
0.7230000000E+00      0.8950891403E+03      0.4021698168E+03      0.7412791346E+00
0.7250000000E+00      0.8986813646E+03      0.4048338496E+03      0.7419187371E+00
0.7270000000E+00      0.9022809487E+03      0.4075056349E+03      0.7425540596E+00
0.7290000000E+00      0.9058878936E+03      0.4101851675E+03      0.7431851464E+00
0.7310000000E+00      0.9095022004E+03      0.4128724422E+03      0.7438120415E+00
0.7330000000E+00      0.9131238701E+03      0.4155674540E+03      0.7444347880E+00
0.7350000000E+00      0.9167529038E+03      0.4182701979E+03      0.7450534285E+00
0.7370000000E+00      0.9203893023E+03      0.4209806689E+03      0.7456680053E+00
0.7390000000E+00      0.9240330668E+03      0.4236988621E+03      0.7462785597E+00
0.7410000000E+00      0.9276841981E+03      0.4264247726E+03      0.7468851328E+00
0.7430000000E+00      0.9313426971E+03      0.4291583956E+03      0.7474877651E+00
0.7450000000E+00      0.9350085649E+03      0.4318997263E+03      0.7480864962E+00
0.7470000000E+00      0.9386818024E+03      0.4346487600E+03      0.7486813658E+00
0.7490000000E+00      0.9423624103E+03      0.4374054920E+03      0.7492724125E+00
0.7510000000E+00      0.9460503896E+03      0.4401699177E+03      0.7498596747E+00
0.7530000000E+00      0.9497457411E+03      0.4429420324E+03      0.7504431902E+00
0.7550000000E+00      0.9534484657E+03      0.4457218317E+03      0.7510229964E+00
0.7570000000E+00      0.9571585641E+03      0.4485093111E+03      0.7515991300E+00
0.7590000000E+00      0.9608760373E+03      0.4513044660E+03      0.7521716275E+00
0.7610000000E+00      0.9646008859E+03      0.4541072921E+03      0.7527405247E+00
0.7630000000E+00      0.9683331107E+03      0.4569177849E+03      0.7533058569E+00
0.7650000000E+00      0.9720727126E+03      0.4597359403E+03      0.7538676593E+00
0.7670000000E+00      0.9758196922E+03      0.4625617538E+03      0.7544259662E+00
0.7690000000E+00      0.9795740502E+03      0.4653952213E+03      0.7549808117E+00
0.7710000000E+00      0.9833357874E+03      0.4682363385E+03      0.7555322295E+00
0.7730000000E+00      0.9871049045E+03      0.4710851013E+03      0.7560802527E+00
0.7750000000E+00      0.9908814022E+03      0.4739415055E+03      0.7566249141E+00
0.7770000000E+00      0.9946652811E+03      0.4768055471E+03      0.7571662459E+00
0.7790000000E+00      0.9984565418E+03      0.4796772219E+03      0.7577042802E+00
0.7810000000E+00      0.1002255185E+04      0.4825565260E+03      0.7582390484E+00
0.7830000000E+00      0.1006061211E+04      0.4854434555E+03      0.7587705817E+00
0.7850000000E+00      0.1009874622E+04      0.4883380063E+03      0.7592989108E+00
0.7870000000E+00      0.1013695416E+04      0.4912401746E+03      0.7598240660E+00
0.7890000000E+00      0.1017523596E+04      0.4941499565E+03      0.7603460772E+00
0.7910000000E+00      0.1021359161E+04      0.4970673482E+03      0.7608649741E+00
0.7930000000E+00      0.1025202112E+04      0.4999923458E+03      0.7613807859E+00
0.7950000000E+00      0.1029052449E+04      0.5029249457E+03      0.7618935413E+00
0.7970000000E+00      0.1032910174E+04      0.5058651440E+03      0.7624032688E+00
0.7990000000E+00      0.1036775287E+04      0.5088129371E+03      0.7629099967E+00
0.8010000000E+00      0.1040647787E+04      0.5117683214E+03      0.7634137526E+00
0.8030000000E+00      0.1044527677E+04      0.5147312932E+03      0.7639145639E+00
0.8050000000E+00      0.1048414956E+04      0.5177018489E+03      0.7644124579E+00
0.8070000000E+00      0.1052309624E+04      0.5206799849E+03      0.7649074611E+00
0.8090000000E+00      0.1056211682E+04      0.5236656978E+03      0.7653996001E+00
0.8110000000E+00      0.1060121132E+04      0.5266589840E+03      0.7658889010E+00
0.8130000000E+00      0.1064037972E+04      0.5296598400E+03      0.7663753895E+00
0.8150000000E+00      0.1067962203E+04      0.5326682624E+03      0.7668590912E+00
0.8170000000E+00      0.1071893827E+04      0.5356842478E+03      0.7673400322E+00
0.8190000000E+00      0.1075832843E+04      0.5387077929E+03      0.7678182353E+00
0.8210000000E+00      0.1079779251E+04      0.5417388942E+03      0.7682937260E+00
0.8230000000E+00      0.1083733053E+04      0.5447775484E+03      0.7687665286E+00
0.8250000000E+00      0.1087694248E+04      0.5478237523E+03      0.7692366672E+00
0.8270000000E+00      0.1091662837E+04      0.5508775026E+03      0.7697041653E+00
0.8290000000E+00      0.1095638821E+04      0.5539387960E+03      0.7701690464E+00
0.8310000000E+00      0.1099622199E+04      0.5570076294E+03      0.7706313336E+00
0.8330000000E+00      0.1103612972E+04      0.5600839995E+03      0.7710910497E+00
0.8350000000E+00      0.1107611140E+04      0.5631679032E+03      0.7715482173E+00
0.8370000000E+00      0.1111616704E+04      0.5662593374E+03      0.7720028588E+00
0.8390000000E+00      0.1115629664E+04      0.5693582990E+03      0.7724549961E+00
0.8410000000E+00      0.1119650020E+04      0.5724647848E+03      0.7729046510E+00
0.8430000000E+00      0.1123677772E+04      0.5755787919E+03      0.7733518450E+00
0.8450000000E+00      0.1127712922E+04      0.5787003172E+03      0.7737965995E+00
0.8470000000E+00      0.1131755468E+04      0.5818293577E+03      0.7742389354E+00
0.8490000000E+00      0.1135805412E+04      0.5849659104E+03      0.7746788735E+00
0.8510000000E+00      0.1139862753E+04      0.5881099724E+03      0.7751164344E+00
0.8530000000E+00      0.1143927493E+04      0.5912615408E+03      0.7755516383E+00
0.8550000000E+00      0.1147999631E+04      0.5944206126E+03      0.7759845054E+00
0.8570000000E+00      0.1152079167E+04      0.5975871850E+03      0.7764150553E+00
0.8590000000E+00      0.1156166101E+04      0.6007612551E+03      0.7768433079E+00
0.8610000000E+00      0.1160260435E+04      0.6039428200E+03      0.7772692824E+00
0.8630000000E+00      0.1164362168E+04      0.6071318770E+03      0.7776929979E+00
0.8650000000E+00      0.1168471300E+04      0.6103284233E+03      0.7781144735E+00
0.8670000000E+00      0.1172587831E+04      0.6135324560E+03      0.7785337279E+00
0.8690000000E+00      0.1176711762E+04      0.6167439725E+03      0.7789507795E+00
0.8710000000E+00      0.1180843094E+04      0.6199629700E+03      0.7793656467E+00
0.8730000000E+00      0.1184981825E+04      0.6231894459E+03      0.7797783476E+00
0.8750000000E+00      0.1189127956E+04      0.6264233974E+03      0.7801889000E+00
0.8770000000E+00      0.1193281488E+04      0.6296648218E+03      0.7805973218E+00
0.8790000000E+00      0.1197442421E+04      0.6329137166E+03      0.7810036302E+00
0.8810000000E+00      0.1201610754E+04      0.6361700792E+03      0.7814078427E+00
0.8830000000E+00      0.1205786488E+04      0.6394339068E+03      0.7818099764E+00
0.8850000000E+00      0.1209969623E+04      0.6427051969E+03      0.7822100482E+00
0.8870000000E+00      0.1214160160E+04      0.6459839471E+03      0.7826080748E+00
0.8890000000E+00      0.1218358097E+04      0.6492701546E+03      0.7830040728E+00
0.8910000000E+00      0.1222563436E+04      0.6525638171E+03      0.7833980585E+00
0.8930000000E+00      0.1226776177E+04      0.6558649319E+03      0.7837900482E+00
0.8950000000E+00      0.1230996319E+04      0.6591734967E+03      0.7841800577E+00
0.8970000000E+00      0.1235223863E+04      0.6624895089E+03      0.7845681031E+00
0.8990000000E+00      0.1239458809E+04      0.6658129662E+03      0.7849541998E+00
0.9010000000E+00      0.1243701157E+04      0.6691438660E+03      0.7853383635E+00
0.9030000000E+00      0.1247950907E+04      0.6724822059E+03      0.7857206095E+00
0.9050000000E+00      0.1252208059E+04      0.6758279836E+03      0.7861009529E+00
0.9070000000E+00      0.1256472613E+04      0.6791811968E+03      0.7864794086E+00
0.9090000000E+00      0.1260744570E+04      0.6825418429E+03      0.7868559917E+00
0.9110000000E+00      0.1265023929E+04      0.6859099197E+03      0.7872307166E+00
0.9130000000E+00      0.1269310690E+04      0.6892854249E+03      0.7876035981E+00
0.9150000000E+00      0.1273604854E+04      0.6926683562E+03      0.7879746503E+00
0.9170000000E+00      0.1277906420E+04      0.6960587112E+03      0.7883438876E+00
0.9190000000E+00      0.1282215389E+04      0.6994564877E+03      0.7887113240E+00
0.9210000000E+00      0.1286531760E+04      0.7028616835E+03      0.7890769734E+00
0.9230000000E+00      0.1290855534E+04      0.7062742962E+03      0.7894408497E+00
0.9250000000E+00      0.1295186711E+04      0.7096943236E+03      0.7898029663E+00
0.9270000000E+00      0.1299525290E+04      0.7131217637E+03      0.7901633369E+00
0.9290000000E+00      0.1303871272E+04      0.7165566140E+03      0.7905219747E+00
0.9310000000E+00      0.1308224656E+04      0.7199988726E+03      0.7908788930E+00
0.9330000000E+00      0.1312585444E+04      0.7234485372E+03      0.7912341048E+00
0.9350000000E+00      0.1316953634E+04      0.7269056056E+03      0.7915876231E+00
0.9370000000E+00      0.1321329227E+04      0.7303700757E+03      0.7919394607E+00
0.9390000000E+00      0.1325712222E+04      0.7338419454E+03      0.7922896301E+00
0.9410000000E+00      0.1330102620E+04      0.7373212127E+03      0.7926381441E+00
0.9430000000E+00      0.1334500421E+04      0.7408078753E+03      0.7929850150E+00
0.9450000000E+00      0.1338905625E+04      0.7443019312E+03      0.7933302550E+00
0.9470000000E+00      0.1343318231E+04      0.7478033785E+03      0.7936738764E+00
0.9490000000E+00      0.1347738240E+04      0.7513122149E+03      0.7940158912E+00
0.9510000000E+00      0.1352165651E+04      0.7548284385E+03      0.7943563112E+00
0.9530000000E+00      0.1356600465E+04      0.7583520473E+03      0.7946951484E+00
0.9550000000E+00      0.1361042682E+04      0.7618830392E+03      0.7950324143E+00
0.9570000000E+00      0.1365492301E+04      0.7654214123E+03      0.7953681205E+00
0.9590000000E+00      0.1369949322E+04      0.7689671645E+03      0.7957022785E+00
0.9610000000E+00      0.1374413746E+04      0.7725202940E+03      0.7960348996E+00
0.9630000000E+00      0.1378885572E+04      0.7760807987E+03      0.7963659951E+00
0.9650000000E+00      0.1383364800E+04      0.7796486767E+03      0.7966955759E+00
0.9670000000E+00      0.1387851431E+04      0.7832239261E+03      0.7970236532E+00
0.9690000000E+00      0.1392345463E+04      0.7868065450E+03      0.7973502378E+00
0.9710000000E+00      0.1396846898E+04      0.7903965314E+03      0.7976753405E+00
0.9730000000E+00      0.1401355735E+04      0.7939938835E+03      0.7979989720E+00
0.9750000000E+00      0.1405871974E+04      0.7975985993E+03      0.7983211428E+00
0.9770000000E+00      0.1410395614E+04      0.8012106771E+03      0.7986418634E+00
0.9790000000E+00      0.1414926657E+04      0.8048301150E+03      0.7989611442E+00
0.9810000000E+00      0.1419465101E+04      0.8084569111E+03      0.7992789955E+00
0.9830000000E+00      0.1424010946E+04      0.8120910636E+03      0.7995954274E+00
0.9850000000E+00      0.1428564193E+04      0.8157325706E+03      0.7999104499E+00
0.9870000000E+00      0.1433124842E+04      0.8193814304E+03      0.8002240732E+00
0.9890000000E+00      0.1437692891E+04      0.8230376412E+03      0.8005363069E+00
0.9910000000E+00      0.1442268342E+04      0.8267012012E+03      0.8008471610E+00
0.9930000000E+00      0.1446851194E+04      0.8303721085E+03      0.8011566450E+00
0.9950000000E+00      0.1451441447E+04      0.8340503615E+03      0.8014647687E+00
0.9970000000E+00      0.1456039101E+04      0.8377359584E+03      0.8017715415E+00
0.9990000000E+00      0.1460644155E+04      0.8414288975E+03      0.8020769728E+00
0.1001000000E+01      0.1465256611E+04      0.8451291769E+03      0.8023810719E+00
0.1003000000E+01      0.1469876466E+04      0.8488367951E+03      0.8026838482E+00
0.1005000000E+01      0.1474503722E+04      0.8525517502E+03      0.8029853107E+00
0.1007000000E+01      0.1479138378E+04      0.8562740407E+03      0.8032854685E+00
0.1009000000E+01      0.1483780435E+04      0.8600036647E+03      0.8035843305E+00
0.1011000000E+01      0.1488429891E+04      0.8637406207E+03      0.8038819058E+00
0.1013000000E+01      0.1493086747E+04      0.8674849069E+03      0.8041782031E+00
0.1015000000E+01      0.1497751003E+04      0.8712365217E+03      0.8044732311E+00
0.1017000000E+01      0.1502422659E+04      0.8749954635E+03      0.8047669985E+00
0.1019000000E+01      0.1507101714E+04      0.8787617306E+03      0.8050595139E+00
0.1021000000E+01      0.1511788168E+04      0.8825353214E+03      0.8053507857E+00
0.1023000000E+01      0.1516482021E+04      0.8863162343E+03      0.8056408224E+00
0.1025000000E+01      0.1521183273E+04      0.8901044676E+03      0.8059296323E+00
0.1027000000E+01      0.1525891924E+04      0.8939000197E+03      0.8062172237E+00
0.1029000000E+01      0.1530607974E+04      0.8977028892E+03      0.8065036047E+00
0.1031000000E+01      0.1535331422E+04      0.9015130743E+03      0.8067887836E+00
0.1033000000E+01      0.1540062269E+04      0.9053305736E+03      0.8070727682E+00
0.1035000000E+01      0.1544800514E+04      0.9091553854E+03      0.8073555667E+00
0.1037000000E+01      0.1549546156E+04      0.9129875082E+03      0.8076371868E+00
0.1039000000E+01      0.1554299197E+04      0.9168269405E+03      0.8079176370E+00
0.1041000000E+01      0.1559059635E+04      0.9206736808E+03      0.8081969239E+00
0.1043000000E+01      0.1563827471E+04      0.9245277274E+03      0.8084750557E+00
0.1045000000E+01      0.1568602704E+04      0.9283890790E+03      0.8087520401E+00
0.1047000000E+01      0.1573385334E+04      0.9322577339E+03      0.8090278846E+00
0.1049000000E+01      0.1578175361E+04      0.9361336907E+03      0.8093025967E+00
0.1051000000E+01      0.1582972785E+04      0.9400169479E+03      0.8095761838E+00
0.1053000000E+01      0.1587777606E+04      0.9439075040E+03      0.8098486533E+00
0.1055000000E+01      0.1592589823E+04      0.9478053575E+03      0.8101200125E+00
0.1057000000E+01      0.1597409436E+04      0.9517105071E+03      0.8103902685E+00
0.1059000000E+01      0.1602236445E+04      0.9556229511E+03      0.8106594285E+00
0.1061000000E+01      0.1607070850E+04      0.9595426882E+03      0.8109274997E+00
0.1063000000E+01      0.1611912650E+04      0.9634697170E+03      0.8111944890E+00
0.1065000000E+01      0.1616761847E+04      0.9674040359E+03      0.8114604034E+00
0.1067000000E+01      0.1621618438E+04      0.9713456437E+03      0.8117252499E+00
0.1069000000E+01      0.1626482424E+04      0.9752945388E+03      0.8119890353E+00
0.1071000000E+01      0.1631353805E+04      0.9792507198E+03      0.8122517663E+00
0.1073000000E+01      0.1636232581E+04      0.9832141854E+03      0.8125134498E+00
0.1075000000E+01      0.1641118751E+04      0.9871849342E+03      0.8127740924E+00
0.1077000000E+01      0.1646012316E+04      0.9911629647E+03      0.8130337007E+00
0.1079000000E+01      0.1650913274E+04      0.9951482757E+03      0.8132922813E+00
0.1081000000E+01      0.1655821626E+04      0.9991408656E+03      0.8135498406E+00
0.1083000000E+01      0.1660737372E+04      0.1003140733E+04      0.8138063852E+00
0.1085000000E+01      0.1665660511E+04      0.1007147877E+04      0.8140619215E+00
0.1087000000E+01      0.1670591043E+04      0.1011162296E+04      0.8143164557E+00
0.1089000000E+01      0.1675528968E+04      0.1015183989E+04      0.8145699941E+00
0.1091000000E+01      0.1680474286E+04      0.1019212954E+04      0.8148225431E+00
0.1093000000E+01      0.1685426997E+04      0.1023249189E+04      0.8150741088E+00
0.1095000000E+01      0.1690387099E+04      0.1027292695E+04      0.8153246972E+00
0.1097000000E+01      0.1695354594E+04      0.1031343469E+04      0.8155743146E+00
0.1099000000E+01      0.1700329481E+04      0.1035401510E+04      0.8158229668E+00
0.1101000000E+01      0.1705311759E+04      0.1039466816E+04      0.8160706600E+00
0.1103000000E+01      0.1710301428E+04      0.1043539387E+04      0.8163174000E+00
0.1105000000E+01      0.1715298489E+04      0.1047619221E+04      0.8165631927E+00
0.1107000000E+01      0.1720302940E+04      0.1051706318E+04      0.8168080440E+00
0.1109000000E+01      0.1725314782E+04      0.1055800674E+04      0.8170519595E+00
0.1111000000E+01      0.1730334015E+04      0.1059902291E+04      0.8172949452E+00
0.1113000000E+01      0.1735360637E+04      0.1064011165E+04      0.8175370065E+00
0.1115000000E+01      0.1740394650E+04      0.1068127296E+04      0.8177781493E+00
0.1117000000E+01      0.1745436052E+04      0.1072250683E+04      0.8180183790E+00
0.1119000000E+01      0.1750484844E+04      0.1076381324E+04      0.8182577012E+00
0.1121000000E+01      0.1755541025E+04      0.1080519218E+04      0.8184961215E+00
0.1123000000E+01      0.1760604595E+04      0.1084664364E+04      0.8187336453E+00
0.1125000000E+01      0.1765675554E+04      0.1088816761E+04      0.8189702780E+00
0.1127000000E+01      0.1770753901E+04      0.1092976408E+04      0.8192060249E+00
0.1129000000E+01      0.1775839637E+04      0.1097143302E+04      0.8194408915E+00
0.1131000000E+01      0.1780932760E+04      0.1101317444E+04      0.8196748829E+00
0.1133000000E+01      0.1786033271E+04      0.1105498832E+04      0.8199080045E+00
0.1135000000E+01      0.1791141170E+04      0.1109687464E+04      0.8201402614E+00
0.1137000000E+01      0.1796256456E+04      0.1113883340E+04      0.8203716587E+00
0.1139000000E+01      0.1801379129E+04      0.1118086459E+04      0.8206022017E+00
0.1141000000E+01      0.1806509188E+04      0.1122296818E+04      0.8208318954E+00
0.1143000000E+01      0.1811646634E+04      0.1126514418E+04      0.8210607448E+00
0.1145000000E+01      0.1816791466E+04      0.1130739257E+04      0.8212887549E+00
0.1147000000E+01      0.1821943685E+04      0.1134971333E+04      0.8215159306E+00
0.1149000000E+01      0.1827103289E+04      0.1139210646E+04      0.8217422770E+00
0.1151000000E+01      0.1832270278E+04      0.1143457194E+04      0.8219677988E+00
0.1153000000E+01      0.1837444652E+04      0.1147710977E+04      0.8221925008E+00
0.1155000000E+01      0.1842626412E+04      0.1151971993E+04      0.8224163881E+00
0.1157000000E+01      0.1847815556E+04      0.1156240241E+04      0.8226394651E+00
0.1159000000E+01      0.1853012084E+04      0.1160515720E+04      0.8228617368E+00
0.1161000000E+01      0.1858215997E+04      0.1164798429E+04      0.8230832077E+00
0.1163000000E+01      0.1863427293E+04      0.1169088366E+04      0.8233038826E+00
0.1165000000E+01      0.1868645973E+04      0.1173385532E+04      0.8235237660E+00
0.1167000000E+01      0.1873872037E+04      0.1177689924E+04      0.8237428625E+00
0.1169000000E+01      0.1879105483E+04      0.1182001541E+04      0.8239611768E+00
0.1171000000E+01      0.1884346312E+04      0.1186320383E+04      0.8241787132E+00
0.1173000000E+01      0.1889594524E+04      0.1190646448E+04      0.8243954763E+00
0.1175000000E+01      0.1894850117E+04      0.1194979735E+04      0.8246114704E+00
0.1177000000E+01      0.1900113093E+04      0.1199320244E+04      0.8248267001E+00
0.1179000000E+01      0.1905383451E+04      0.1203667972E+04      0.8250411697E+00
0.1181000000E+01      0.1910661190E+04      0.1208022920E+04      0.8252548835E+00
0.1183000000E+01      0.1915946310E+04      0.1212385086E+04      0.8254678458E+00
0.1185000000E+01      0.1921238810E+04      0.1216754468E+04      0.8256800609E+00
0.1187000000E+01      0.1926538692E+04      0.1221131067E+04      0.8258915331E+00
0.1189000000E+01      0.1931845954E+04      0.1225514881E+04      0.8261022665E+00
0.1191000000E+01      0.1937160595E+04      0.1229905908E+04      0.8263122654E+00
0.1193000000E+01      0.1942482617E+04      0.1234304148E+04      0.8265215338E+00
0.1195000000E+01      0.1947812018E+04      0.1238709600E+04      0.8267300759E+00
0.1197000000E+01      0.1953148798E+04      0.1243122263E+04      0.8269378958E+00
0.1199000000E+01      0.1958492957E+04      0.1247542136E+04      0.8271449975E+00
