      Rhob                Epsilon              Pressure               SoundV
0.4730000000E-14      0.4409040000E-11      0.6303830000E-24      0.2528270000E-09
0.4760000000E-14      0.4431480000E-11      0.6303830000E-23      0.3286900000E-09
0.4910000000E-14      0.4571720000E-11      0.6303830000E-22      0.3811090000E-09
0.6990000000E-14      0.6506980000E-11      0.7552120000E-21      0.1661210000E-08
0.9900000000E-14      0.9199530000E-11      0.8737990000E-20      0.4506330000E-08
0.2720000000E-13      0.2529870000E-10      0.1061040000E-18      0.2185710000E-07
0.1270000000E-12      0.1189210000E-09      0.3632510000E-17      0.1280710000E-06
0.6930000000E-12      0.6450890000E-09      0.1185870000E-15      0.6813760000E-06
0.6295000000E-11      0.5856290000E-08      0.6081640000E-14      0.1980100000E-05
0.1581000000E-10      0.1470800000E-07      0.3100740000E-13      0.4121830000E-05
0.3972000000E-10      0.3694960000E-07      0.1517290000E-12      0.7788630000E-05
0.9976000000E-10      0.9278060000E-07      0.7183870000E-12      0.1422460000E-04
0.2506000000E-09      0.2331300000E-06      0.3286730000E-11      0.2500930000E-04
0.6294000000E-09      0.5856290000E-06      0.1446760000E-10      0.4207890000E-04
0.1581000000E-08      0.1470800000E-05      0.6088500000E-10      0.6739699893E-04
0.3972000000E-08      0.3695520000E-05      0.2441020000E-09      0.8516180000E-04
0.5000000000E-08      0.4651930000E-05      0.3282360000E-09      0.1052360000E-03
0.9976000000E-08      0.9283670000E-05      0.8956430000E-09      0.1422520000E-03
0.1990000000E-07      0.1852250000E-04      0.2392340000E-08      0.1863930000E-03
0.3972000000E-07      0.3696080000E-04      0.6278870000E-08      0.2408930000E-03
0.7924000000E-07      0.7376450000E-04      0.1625270000E-07      0.3085620000E-03
0.1581000000E-06      0.1471920000E-03      0.4166770000E-07      0.3417580000E-03
0.1990000000E-06      0.1853370000E-03      0.5453750000E-07      0.3860480000E-03
0.3155000000E-06      0.2937680000E-03      0.1016730000E-06      0.4315500000E-03
0.5000000000E-06      0.4656420000E-03      0.1890530000E-06      0.4889620000E-03
0.6294000000E-06      0.5861890000E-03      0.2577080000E-06      0.5509610000E-03
0.7924000000E-06      0.7382060000E-03      0.3143180000E-06      0.6137740000E-03
0.9976000000E-06      0.9294890000E-03      0.4281610000E-06      0.6540150000E-03
0.1581000000E-05      0.1470000000E-02      0.7939080000E-06      0.7285460000E-03
0.2506000000E-05      0.2340000000E-02      0.1470480000E-05      0.8500470000E-03
0.3972000000E-05      0.3700000000E-02      0.2722510000E-05      0.8906300000E-03
0.5000000000E-05      0.4660000000E-02      0.3533890000E-05      0.9510480000E-03
0.6294000000E-05      0.5870000000E-02      0.4807140000E-05      0.1100000000E-02
0.7924000000E-05      0.7390000000E-02      0.6541010000E-05      0.1180000000E-02
0.9976000000E-05      0.9310000000E-02      0.8894020000E-05      0.1280000000E-02
0.1256000000E-04      0.1172000000E-01      0.1209590000E-04      0.1300000000E-02
0.1581000000E-04      0.1476000000E-01      0.1562230000E-04      0.1320000000E-02
0.1990000000E-04      0.1858000000E-01      0.2124580000E-04      0.1390000000E-02
0.2506000000E-04      0.2340000000E-01      0.2888530000E-04      0.1470000000E-02
0.3155000000E-04      0.2947000000E-01      0.3713020000E-04      0.1550000000E-02
0.3972000000E-04      0.3712000000E-01      0.5048680000E-04      0.1820000000E-02
0.5000000000E-04      0.4674000000E-01      0.6865560000E-04      0.1960000000E-02
0.6294000000E-04      0.5884000000E-01      0.9330920000E-04      0.2110000000E-02
0.7924000000E-04      0.7416000000E-01      0.1268880000E-03      0.2150000000E-02
0.9976000000E-04      0.9334000000E-01      0.1620900000E-03      0.2190000000E-02
0.1105000000E-03      0.1034400000E+00      0.1805020000E-03      0.2220000000E-02
0.1256000000E-03      0.1175700000E+00      0.2053430000E-03      0.2270000000E-02
0.1581000000E-03      0.1480900000E+00      0.2791790000E-03      0.2300000000E-02
0.1990000000E-03      0.1865100000E+00      0.3630010000E-03      0.2350000000E-02
0.2506000000E-03      0.2349200000E+00      0.4704780000E-03      0.2420000000E-02
0.2572000000E-03      0.2411500000E+00      0.4871430000E-03      0.1640000000E-02
0.2670000000E-03      0.2502100000E+00      0.4925360000E-03      0.6323770000E-03
0.3126000000E-03      0.2932300000E+00      0.5213460000E-03      0.6351150000E-03
0.3951000000E-03      0.3707800000E+00      0.5679160000E-03      0.6395500000E-03
0.4759000000E-03      0.4467600000E+00      0.6136960000E-03      0.6456670000E-03
0.5812000000E-03      0.5456200000E+00      0.6758550000E-03      0.6505920000E-03
0.7143000000E-03      0.6709200000E+00      0.7601150000E-03      0.7025890000E-03
0.8786000000E-03      0.8252300000E+00      0.8731850000E-03      0.7646840000E-03
0.1077000000E-02      0.1012500000E+01      0.1020000000E-02      0.8354260000E-03
0.1314000000E-02      0.1235290000E+01      0.1220000000E-02      0.9276850000E-03
0.1748000000E-02      0.1643560000E+01      0.1620000000E-02      0.1000000000E-02
0.2000000000E-02      0.1880850000E+01      0.2000000000E-02      0.1100000000E-02
0.4000000000E-02      0.3764610000E+01      0.4510000000E-02      0.1460000000E-02
0.6000000000E-02      0.5649800000E+01      0.7500000000E-02      0.1680000000E-02
0.8000000000E-02      0.7536070000E+01      0.1086000000E-01      0.1880000000E-02
0.1000000000E-01      0.9423230000E+01      0.1458000000E-01      0.2070000000E-02
0.1200000000E-01      0.1131116000E+02      0.1867000000E-01      0.2280000000E-02
0.1400000000E-01      0.1319982000E+02      0.2318000000E-01      0.2510000000E-02
0.1600000000E-01      0.1508915000E+02      0.2814000000E-01      0.2760000000E-02
0.1800000000E-01      0.1697914000E+02      0.3361000000E-01      0.3040000000E-02
0.2000000000E-01      0.1886976000E+02      0.3965000000E-01      0.3340000000E-02
0.2200000000E-01      0.2076101000E+02      0.4624000000E-01      0.3660000000E-02
0.2400000000E-01      0.2265290000E+02      0.5348000000E-01      0.3990000000E-02
0.2600000000E-01      0.2454541000E+02      0.6133000000E-01      0.4330000000E-02
0.2800000000E-01      0.2643855000E+02      0.6988000000E-01      0.4680000000E-02
0.3000000000E-01      0.2833233000E+02      0.7906000000E-01      0.5030000000E-02
0.3200000000E-01      0.3022674000E+02      0.8895000000E-01      0.5390000000E-02
0.3400000000E-01      0.3212179000E+02      0.9948000000E-01      0.5740000000E-02
0.3600000000E-01      0.3401748000E+02      0.1107200000E+00      0.6090000000E-02
0.3800000000E-01      0.3591381000E+02      0.1225900000E+00      0.6440000000E-02
0.4000000000E-01      0.3781078000E+02      0.1351400000E+00      0.6790000000E-02
0.4200000000E-01      0.3970840000E+02      0.1483400000E+00      0.7110000000E-02
0.4400000000E-01      0.4160666000E+02      0.1621100000E+00      0.7420000000E-02
0.4600000000E-01      0.4350556000E+02      0.1765200000E+00      0.7740000000E-02
0.4800000000E-01      0.4540510000E+02      0.1915000000E+00      0.8040000000E-02
0.5000000000E-01      0.4730528000E+02      0.2070600000E+00      0.8310000000E-02
0.5200000000E-01      0.4920608000E+02      0.2230900000E+00      0.8580000000E-02
0.5400000000E-01      0.5110752000E+02      0.2396900000E+00      0.8870000000E-02
0.5600000000E-01      0.5300958000E+02      0.2568200000E+00      0.9120000000E-02
0.5800000000E-01      0.5491227000E+02      0.2743700000E+00      0.9340000000E-02
0.6000000000E-01      0.5681556000E+02      0.2923800000E+00      0.9690000000E-02
0.6200000000E-01      0.5871946000E+02      0.3101200000E+00      0.1002000000E-01
0.6400000000E-01      0.6062394000E+02      0.3290400000E+00      0.1028000000E-01
0.6600000000E-01      0.6252904000E+02      0.3483400000E+00      0.1069000000E-01
0.6800000000E-01      0.6443473000E+02      0.3679800000E+00      0.1101000000E-01
0.7000000000E-01      0.6634095000E+02      0.3861300000E+00      0.1136000000E-01
0.9100000000E-01      0.8641201482E+02      0.3948259106E+00      0.1119276071E-01
0.9300000000E-01      0.8832009504E+02      0.4168122405E+00      0.1184427606E-01
0.9500000000E-01      0.9022866169E+02      0.4400789465E+00      0.1252809512E-01
0.9700000000E-01      0.9213773213E+02      0.4646896842E+00      0.1324536273E-01
0.9900000000E-01      0.9404732436E+02      0.4907104183E+00      0.1399725161E-01
0.1010000000E+00      0.9595745702E+02      0.5182094786E+00      0.1478495756E-01
0.1030000000E+00      0.9786814937E+02      0.5472576081E+00      0.1560969455E-01
0.1050000000E+00      0.9977942132E+02      0.5779280022E+00      0.1647269004E-01
0.1070000000E+00      0.1016912935E+03      0.6102963393E+00      0.1737518017E-01
0.1090000000E+00      0.1036037870E+03      0.6444408020E+00      0.1831840497E-01
0.1110000000E+00      0.1055169239E+03      0.6804420927E+00      0.1930360384E-01
0.1130000000E+00      0.1074307268E+03      0.7183834376E+00      0.2033201090E-01
0.1150000000E+00      0.1093452186E+03      0.7582356622E+00      0.2119605514E-01
0.1170000000E+00      0.1112604174E+03      0.7997383162E+00      0.2214997283E-01
0.1190000000E+00      0.1131763421E+03      0.8432029289E+00      0.2321248475E-01
0.1210000000E+00      0.1150930149E+03      0.8887941843E+00      0.2434703403E-01
0.1230000000E+00      0.1170104596E+03      0.9366416482E+00      0.2554422912E-01
0.1250000000E+00      0.1189287015E+03      0.9868637988E+00      0.2680037608E-01
0.1270000000E+00      0.1208477666E+03      0.1039574616E+01      0.2811385199E-01
0.1290000000E+00      0.1227676821E+03      0.1094886283E+01      0.2948398768E-01
0.1310000000E+00      0.1246884759E+03      0.1152910522E+01      0.3091061365E-01
0.1330000000E+00      0.1266101769E+03      0.1213759325E+01      0.3239384168E-01
0.1350000000E+00      0.1285328148E+03      0.1277545381E+01      0.3393394720E-01
0.1370000000E+00      0.1304564201E+03      0.1344382336E+01      0.3553129928E-01
0.1390000000E+00      0.1323810240E+03      0.1414384935E+01      0.3718631788E-01
0.1410000000E+00      0.1343066585E+03      0.1487669115E+01      0.3889944392E-01
0.1430000000E+00      0.1362333564E+03      0.1564352034E+01      0.4067111935E-01
0.1450000000E+00      0.1381611512E+03      0.1644552077E+01      0.4250177230E-01
0.1470000000E+00      0.1400900769E+03      0.1728388941E+01      0.4439393497E-01
0.1490000000E+00      0.1420201687E+03      0.1815983196E+01      0.4634380481E-01
0.1510000000E+00      0.1439514621E+03      0.1907456820E+01      0.4834954710E-01
0.1530000000E+00      0.1458839934E+03      0.2002932752E+01      0.5041973635E-01
0.1550000000E+00      0.1478177994E+03      0.2102534912E+01      0.5255052416E-01
0.1570000000E+00      0.1497529179E+03      0.2206388123E+01      0.5474209289E-01
0.1590000000E+00      0.1516893870E+03      0.2314618024E+01      0.5699456899E-01
0.1610000000E+00      0.1536272455E+03      0.2427350979E+01      0.5930802079E-01
0.1630000000E+00      0.1555665331E+03      0.2544713980E+01      0.6168245656E-01
0.1650000000E+00      0.1575072898E+03      0.2666834365E+01      0.6411366474E-01
0.1670000000E+00      0.1594495560E+03      0.2793840459E+01      0.6660969589E-01
0.1690000000E+00      0.1613933730E+03      0.2925860359E+01      0.6916635965E-01
0.1710000000E+00      0.1633387824E+03      0.3063022749E+01      0.7178756623E-01
0.1730000000E+00      0.1652858268E+03      0.3205455886E+01      0.7446481251E-01
0.1750000000E+00      0.1672345489E+03      0.3353288569E+01      0.7720177056E-01
0.1770000000E+00      0.1691849919E+03      0.3506649317E+01      0.7999800479E-01
0.1790000000E+00      0.1711371995E+03      0.3665666442E+01      0.8285301557E-01
0.1810000000E+00      0.1730912160E+03      0.3830467935E+01      0.8576624021E-01
0.1830000000E+00      0.1750470860E+03      0.4001181364E+01      0.8873705368E-01
0.1850000000E+00      0.1770048545E+03      0.4177933764E+01      0.9176476954E-01
0.1870000000E+00      0.1789645669E+03      0.4360851532E+01      0.9484864097E-01
0.1890000000E+00      0.1809262691E+03      0.4550060324E+01      0.9798786213E-01
0.1910000000E+00      0.1828900073E+03      0.4745684950E+01      0.1011815695E+00
0.1930000000E+00      0.1848558280E+03      0.4947849275E+01      0.1044288436E+00
0.1950000000E+00      0.1868237780E+03      0.5156676118E+01      0.1077287103E+00
0.1970000000E+00      0.1887939044E+03      0.5372287159E+01      0.1110801430E+00
0.1990000000E+00      0.1907662546E+03      0.5594802841E+01      0.1144821059E+00
0.2010000000E+00      0.1927408762E+03      0.5824342278E+01      0.1179333903E+00
0.2030000000E+00      0.1947178172E+03      0.6061023171E+01      0.1214328650E+00
0.2050000000E+00      0.1966971256E+03      0.6304961718E+01      0.1249793135E+00
0.2070000000E+00      0.1986788497E+03      0.6556272533E+01      0.1285714770E+00
0.2090000000E+00      0.2006630379E+03      0.6815068567E+01      0.1322080574E+00
0.2110000000E+00      0.2026497388E+03      0.7081461029E+01      0.1358831112E+00
0.2130000000E+00      0.2046390011E+03      0.7355559318E+01      0.1396043549E+00
0.2150000000E+00      0.2066308736E+03      0.7637470950E+01      0.1433659051E+00
0.2170000000E+00      0.2086254052E+03      0.7927301496E+01      0.1471663300E+00
0.2190000000E+00      0.2106226449E+03      0.8225154519E+01      0.1510041710E+00
0.2210000000E+00      0.2126226416E+03      0.8531131515E+01      0.1548779451E+00
0.2230000000E+00      0.2146254445E+03      0.8845331863E+01      0.1587861479E+00
0.2250000000E+00      0.2166311024E+03      0.9167852771E+01      0.1627272557E+00
0.2270000000E+00      0.2186396645E+03      0.9498789235E+01      0.1666997287E+00
0.2290000000E+00      0.2206511796E+03      0.9838233992E+01      0.1707020135E+00
0.2310000000E+00      0.2226656968E+03      0.1018627749E+02      0.1747325452E+00
0.2330000000E+00      0.2246832647E+03      0.1054300783E+02      0.1787897508E+00
0.2350000000E+00      0.2267039323E+03      0.1090851078E+02      0.1828720512E+00
0.2370000000E+00      0.2287277481E+03      0.1128286971E+02      0.1869778638E+00
0.2390000000E+00      0.2307547606E+03      0.1166616559E+02      0.1911056050E+00
0.2410000000E+00      0.2327850182E+03      0.1205847695E+02      0.1952536928E+00
0.2430000000E+00      0.2348185691E+03      0.1245987990E+02      0.1994205487E+00
0.2450000000E+00      0.2368554610E+03      0.1287044823E+02      0.2036090227E+00
0.2470000000E+00      0.2388957424E+03      0.1329025285E+02      0.2078088161E+00
0.2490000000E+00      0.2409394606E+03      0.1371936262E+02      0.2120226697E+00
0.2510000000E+00      0.2429866629E+03      0.1415784382E+02      0.2162490612E+00
0.2530000000E+00      0.2450373967E+03      0.1460576026E+02      0.2204864456E+00
0.2550000000E+00      0.2470917087E+03      0.1506317329E+02      0.2247333484E+00
0.2570000000E+00      0.2491496456E+03      0.1553014183E+02      0.2289882760E+00
0.2590000000E+00      0.2512112539E+03      0.1600672237E+02      0.2332497206E+00
0.2610000000E+00      0.2532765795E+03      0.1649296897E+02      0.2375162484E+00
0.2630000000E+00      0.2553456683E+03      0.1698893329E+02      0.2417864307E+00
0.2650000000E+00      0.2574185658E+03      0.1749466464E+02      0.2460588630E+00
0.2670000000E+00      0.2594953170E+03      0.1801020996E+02      0.2503321667E+00
0.2690000000E+00      0.2615759668E+03      0.1853561385E+02      0.2546049897E+00
0.2710000000E+00      0.2636605597E+03      0.1907091863E+02      0.2588760081E+00
0.2730000000E+00      0.2657491398E+03      0.1961616434E+02      0.2631439268E+00
0.2750000000E+00      0.2678417509E+03      0.2017138878E+02      0.2674074808E+00
0.2770000000E+00      0.2699384363E+03      0.2073662756E+02      0.2716573416E+00
0.2790000000E+00      0.2720392390E+03      0.2131191409E+02      0.2759083007E+00
0.2810000000E+00      0.2741442017E+03      0.2189727968E+02      0.2801512853E+00
0.2830000000E+00      0.2762533667E+03      0.2249275352E+02      0.2843869059E+00
0.2850000000E+00      0.2783667756E+03      0.2309836278E+02      0.2886106048E+00
0.2870000000E+00      0.2804844701E+03      0.2371413259E+02      0.2928230172E+00
0.2890000000E+00      0.2826064910E+03      0.2434008611E+02      0.2970231059E+00
0.2910000000E+00      0.2847328791E+03      0.2497624458E+02      0.3012098681E+00
0.2930000000E+00      0.2868636745E+03      0.2562262736E+02      0.3053823354E+00
0.2950000000E+00      0.2889989169E+03      0.2627925196E+02      0.3095395736E+00
0.2970000000E+00      0.2911386457E+03      0.2694613410E+02      0.3136806831E+00
0.2990000000E+00      0.2932828999E+03      0.2762328775E+02      0.3178047988E+00
0.3010000000E+00      0.2954317179E+03      0.2831072519E+02      0.3219110897E+00
0.3030000000E+00      0.2975851377E+03      0.2900845702E+02      0.3259987590E+00
0.3050000000E+00      0.2997431969E+03      0.2971649226E+02      0.3300670440E+00
0.3070000000E+00      0.3019059328E+03      0.3043483834E+02      0.3341152155E+00
0.3090000000E+00      0.3040733820E+03      0.3116350118E+02      0.3381425775E+00
0.3110000000E+00      0.3062455809E+03      0.3190248524E+02      0.3421484671E+00
0.3130000000E+00      0.3084225652E+03      0.3265179355E+02      0.3461322539E+00
0.3150000000E+00      0.3106043704E+03      0.3341142776E+02      0.3500933395E+00
0.3170000000E+00      0.3127910314E+03      0.3418138821E+02      0.3540311573E+00
0.3190000000E+00      0.3149825825E+03      0.3496167394E+02      0.3579504836E+00
0.3210000000E+00      0.3171790583E+03      0.3575228270E+02      0.3618402594E+00
0.3230000000E+00      0.3193804920E+03      0.3655321112E+02      0.3657052495E+00
0.3250000000E+00      0.3215869170E+03      0.3736445464E+02      0.3695450079E+00
0.3270000000E+00      0.3237983659E+03      0.3818600761E+02      0.3733591175E+00
0.3290000000E+00      0.3260148711E+03      0.3901786329E+02      0.3771471888E+00
0.3310000000E+00      0.3282364644E+03      0.3986001396E+02      0.3809088601E+00
0.3330000000E+00      0.3304631773E+03      0.4071245086E+02      0.3846437961E+00
0.3350000000E+00      0.3326950408E+03      0.4157516434E+02      0.3883516878E+00
0.3370000000E+00      0.3349320854E+03      0.4244814383E+02      0.3920267508E+00
0.3390000000E+00      0.3371743413E+03      0.4333137789E+02      0.3956796351E+00
0.3410000000E+00      0.3394218383E+03      0.4422485428E+02      0.3993046964E+00
0.3430000000E+00      0.3416746055E+03      0.4512855996E+02      0.4029017227E+00
0.3450000000E+00      0.3439326719E+03      0.4604248114E+02      0.4064705242E+00
0.3470000000E+00      0.3461960660E+03      0.4696660335E+02      0.4100109330E+00
0.3490000000E+00      0.3484648157E+03      0.4790091139E+02      0.4135228023E+00
0.3510000000E+00      0.3507389488E+03      0.4884538948E+02      0.4170060054E+00
0.3530000000E+00      0.3530184924E+03      0.4980002118E+02      0.4204604354E+00
0.3550000000E+00      0.3553034734E+03      0.5076478950E+02      0.4238860033E+00
0.3570000000E+00      0.3575939182E+03      0.5173967692E+02      0.4272826413E+00
0.3590000000E+00      0.3598898528E+03      0.5272466536E+02      0.4306502961E+00
0.3610000000E+00      0.3621913029E+03      0.5371973632E+02      0.4339889322E+00
0.3630000000E+00      0.3644982938E+03      0.5472487079E+02      0.4372985302E+00
0.3650000000E+00      0.3668108502E+03      0.5574004937E+02      0.4405790864E+00
0.3670000000E+00      0.3691289967E+03      0.5676525224E+02      0.4438306120E+00
0.3690000000E+00      0.3714527573E+03      0.5780045923E+02      0.4470531322E+00
0.3710000000E+00      0.3737821559E+03      0.5884564982E+02      0.4502466861E+00
0.3730000000E+00      0.3761172158E+03      0.5990080314E+02      0.4534113257E+00
0.3750000000E+00      0.3784579600E+03      0.6096589806E+02      0.4565471152E+00
0.3770000000E+00      0.3808044111E+03      0.6204091316E+02      0.4596541310E+00
0.3790000000E+00      0.3831565915E+03      0.6312582676E+02      0.4627324605E+00
0.3810000000E+00      0.3855145231E+03      0.6422061696E+02      0.4657822020E+00
0.3830000000E+00      0.3878782274E+03      0.6532526166E+02      0.4688034637E+00
0.3850000000E+00      0.3902477258E+03      0.6643973854E+02      0.4717963636E+00
0.3870000000E+00      0.3926230392E+03      0.6756402515E+02      0.4747610289E+00
0.3890000000E+00      0.3950041881E+03      0.6869809885E+02      0.4776975953E+00
0.3910000000E+00      0.3973911928E+03      0.6984193690E+02      0.4806062068E+00
0.3930000000E+00      0.3997840732E+03      0.7099551641E+02      0.4834870149E+00
0.3950000000E+00      0.4021828490E+03      0.7215881441E+02      0.4863401785E+00
0.3970000000E+00      0.4045875395E+03      0.7333180784E+02      0.4891658631E+00
0.3990000000E+00      0.4069981636E+03      0.7451447358E+02      0.4919642409E+00
0.4010000000E+00      0.4094147400E+03      0.7570678843E+02      0.4947354897E+00
0.4030000000E+00      0.4118372872E+03      0.7690872917E+02      0.4974797931E+00
0.4050000000E+00      0.4142658231E+03      0.7812027254E+02      0.5001973398E+00
0.4070000000E+00      0.4167003656E+03      0.7934139528E+02      0.5028883234E+00
0.4090000000E+00      0.4191409322E+03      0.8057207411E+02      0.5055529419E+00
0.4110000000E+00      0.4215875401E+03      0.8181228575E+02      0.5081913974E+00
0.4130000000E+00      0.4240402062E+03      0.8306200697E+02      0.5108038960E+00
0.4150000000E+00      0.4264989472E+03      0.8432121454E+02      0.5133906470E+00
0.4170000000E+00      0.4289637794E+03      0.8558988529E+02      0.5159518631E+00
0.4190000000E+00      0.4314347191E+03      0.8686799607E+02      0.5184877598E+00
0.4210000000E+00      0.4339117819E+03      0.8815552381E+02      0.5209985553E+00
0.4230000000E+00      0.4363949837E+03      0.8945244551E+02      0.5234844700E+00
0.4250000000E+00      0.4388843395E+03      0.9075873823E+02      0.5259457266E+00
0.4270000000E+00      0.4413798647E+03      0.9207437911E+02      0.5283825495E+00
0.4290000000E+00      0.4438815739E+03      0.9339934539E+02      0.5307951647E+00
0.4310000000E+00      0.4463894818E+03      0.9473361440E+02      0.5331837998E+00
0.4330000000E+00      0.4489036027E+03      0.9607716358E+02      0.5355486858E+00
0.4350000000E+00      0.4514239508E+03      0.9742997046E+02      0.5378900475E+00
0.4370000000E+00      0.4539505399E+03      0.9879201270E+02      0.5402081178E+00
0.4390000000E+00      0.4564833837E+03      0.1001632681E+03      0.5425031276E+00
0.4410000000E+00      0.4590224957E+03      0.1015437145E+03      0.5447753085E+00
0.4430000000E+00      0.4615678889E+03      0.1029333299E+03      0.5470248922E+00
0.4450000000E+00      0.4641195764E+03      0.1043320926E+03      0.5492521104E+00
0.4470000000E+00      0.4666775710E+03      0.1057399808E+03      0.5514571950E+00
0.4490000000E+00      0.4692418853E+03      0.1071569729E+03      0.5536403776E+00
0.4510000000E+00      0.4718125315E+03      0.1085830476E+03      0.5558018894E+00
0.4530000000E+00      0.4743895219E+03      0.1100181836E+03      0.5579419612E+00
0.4550000000E+00      0.4769728684E+03      0.1114623597E+03      0.5600608234E+00
0.4570000000E+00      0.4795625828E+03      0.1129155551E+03      0.5621587054E+00
0.4590000000E+00      0.4821586765E+03      0.1143777488E+03      0.5642358361E+00
0.4610000000E+00      0.4847611610E+03      0.1158489203E+03      0.5662924433E+00
0.4630000000E+00      0.4873700475E+03      0.1173290490E+03      0.5683287539E+00
0.4650000000E+00      0.4899853469E+03      0.1188181147E+03      0.5703449938E+00
0.4670000000E+00      0.4926070701E+03      0.1203160972E+03      0.5723413875E+00
0.4690000000E+00      0.4952352277E+03      0.1218229765E+03      0.5743181586E+00
0.4710000000E+00      0.4978698301E+03      0.1233387327E+03      0.5762755291E+00
0.4730000000E+00      0.5005108877E+03      0.1248633464E+03      0.5782137197E+00
0.4750000000E+00      0.5031584105E+03      0.1263967978E+03      0.5801329497E+00
0.4770000000E+00      0.5058124085E+03      0.1279390679E+03      0.5820334369E+00
0.4790000000E+00      0.5084728915E+03      0.1294901373E+03      0.5839153975E+00
0.4810000000E+00      0.5111398691E+03      0.1310499872E+03      0.5857790459E+00
0.4830000000E+00      0.5138133508E+03      0.1326185988E+03      0.5876245953E+00
0.4850000000E+00      0.5164933459E+03      0.1341959534E+03      0.5894522568E+00
0.4870000000E+00      0.5191798636E+03      0.1357820326E+03      0.5912622399E+00
0.4890000000E+00      0.5218729127E+03      0.1373768182E+03      0.5930547522E+00
0.4910000000E+00      0.5245725023E+03      0.1389802921E+03      0.5948299997E+00
0.4930000000E+00      0.5272786410E+03      0.1405924363E+03      0.5965881864E+00
0.4950000000E+00      0.5299913374E+03      0.1422132331E+03      0.5983295146E+00
0.4970000000E+00      0.5327105999E+03      0.1438426649E+03      0.6000541843E+00
0.4990000000E+00      0.5354364369E+03      0.1454807144E+03      0.6017623941E+00
0.5010000000E+00      0.5381688563E+03      0.1471273642E+03      0.6034543403E+00
0.5030000000E+00      0.5409078664E+03      0.1487825975E+03      0.6051302174E+00
0.5050000000E+00      0.5436534750E+03      0.1504463973E+03      0.6067902179E+00
0.5070000000E+00      0.5464056898E+03      0.1521187469E+03      0.6084345323E+00
0.5090000000E+00      0.5491645184E+03      0.1537996297E+03      0.6100633491E+00
0.5110000000E+00      0.5519299685E+03      0.1554890295E+03      0.6116768549E+00
0.5130000000E+00      0.5547020473E+03      0.1571869300E+03      0.6132752341E+00
0.5150000000E+00      0.5574807621E+03      0.1588933152E+03      0.6148586693E+00
0.5170000000E+00      0.5602661201E+03      0.1606081692E+03      0.6164273410E+00
0.5190000000E+00      0.5630581284E+03      0.1623314764E+03      0.6179814276E+00
0.5210000000E+00      0.5658567937E+03      0.1640632212E+03      0.6195211055E+00
0.5230000000E+00      0.5686621231E+03      0.1658033883E+03      0.6210465493E+00
0.5250000000E+00      0.5714741230E+03      0.1675519626E+03      0.6225579314E+00
0.5270000000E+00      0.5742928002E+03      0.1693089288E+03      0.6240554221E+00
0.5290000000E+00      0.5771181610E+03      0.1710742723E+03      0.6255391930E+00
0.5310000000E+00      0.5799502120E+03      0.1728479783E+03      0.6270094044E+00
0.5330000000E+00      0.5827889593E+03      0.1746300322E+03      0.6284662237E+00
0.5350000000E+00      0.5856344091E+03      0.1764204197E+03      0.6299098134E+00
0.5370000000E+00      0.5884865675E+03      0.1782191265E+03      0.6313403340E+00
0.5390000000E+00      0.5913454404E+03      0.1800261386E+03      0.6327579440E+00
0.5410000000E+00      0.5942110338E+03      0.1818414420E+03      0.6341628000E+00
0.5430000000E+00      0.5970833534E+03      0.1836650229E+03      0.6355550566E+00
0.5450000000E+00      0.5999624050E+03      0.1854968678E+03      0.6369348665E+00
0.5470000000E+00      0.6028481940E+03      0.1873369632E+03      0.6383023804E+00
0.5490000000E+00      0.6057407260E+03      0.1891852957E+03      0.6396577473E+00
0.5510000000E+00      0.6086400065E+03      0.1910418522E+03      0.6410011142E+00
0.5530000000E+00      0.6115460407E+03      0.1929066197E+03      0.6423326261E+00
0.5550000000E+00      0.6144588340E+03      0.1947795853E+03      0.6436524264E+00
0.5570000000E+00      0.6173783914E+03      0.1966607362E+03      0.6449606565E+00
0.5590000000E+00      0.6203047181E+03      0.1985500599E+03      0.6462574559E+00
0.5610000000E+00      0.6232378190E+03      0.2004475438E+03      0.6475429624E+00
0.5630000000E+00      0.6261776991E+03      0.2023531758E+03      0.6488173121E+00
0.5650000000E+00      0.6291243633E+03      0.2042669436E+03      0.6500806391E+00
0.5670000000E+00      0.6320778162E+03      0.2061888351E+03      0.6513330758E+00
0.5690000000E+00      0.6350380625E+03      0.2081188385E+03      0.6525747531E+00
0.5710000000E+00      0.6380051070E+03      0.2100569420E+03      0.6538057998E+00
0.5730000000E+00      0.6409789540E+03      0.2120031340E+03      0.6550263433E+00
0.5750000000E+00      0.6439596082E+03      0.2139574029E+03      0.6562365092E+00
0.5770000000E+00      0.6469470738E+03      0.2159197373E+03      0.6574364212E+00
0.5790000000E+00      0.6499413553E+03      0.2178901261E+03      0.6586262018E+00
0.5810000000E+00      0.6529424568E+03      0.2198685580E+03      0.6598059715E+00
0.5830000000E+00      0.6559503826E+03      0.2218550221E+03      0.6609758494E+00
0.5850000000E+00      0.6589651368E+03      0.2238495076E+03      0.6621359528E+00
0.5870000000E+00      0.6619867234E+03      0.2258520036E+03      0.6632863975E+00
0.5890000000E+00      0.6650151464E+03      0.2278624994E+03      0.6644272979E+00
0.5910000000E+00      0.6680504099E+03      0.2298809847E+03      0.6655587666E+00
0.5930000000E+00      0.6710925176E+03      0.2319074490E+03      0.6666809148E+00
0.5950000000E+00      0.6741414733E+03      0.2339418820E+03      0.6677938523E+00
0.5970000000E+00      0.6771972809E+03      0.2359842736E+03      0.6688976872E+00
0.5990000000E+00      0.6802599439E+03      0.2380346136E+03      0.6699925262E+00
0.6010000000E+00      0.6833294661E+03      0.2400928923E+03      0.6710784747E+00
0.6030000000E+00      0.6864058510E+03      0.2421590996E+03      0.6721556365E+00
0.6050000000E+00      0.6894891021E+03      0.2442332260E+03      0.6732241139E+00
0.6070000000E+00      0.6925792229E+03      0.2463152617E+03      0.6742840081E+00
0.6090000000E+00      0.6956762168E+03      0.2484051974E+03      0.6753354186E+00
0.6110000000E+00      0.6987800871E+03      0.2505030236E+03      0.6763784439E+00
0.6130000000E+00      0.7018908373E+03      0.2526087309E+03      0.6774131807E+00
0.6150000000E+00      0.7050084704E+03      0.2547223103E+03      0.6784397247E+00
0.6170000000E+00      0.7081329897E+03      0.2568437527E+03      0.6794581704E+00
0.6190000000E+00      0.7112643984E+03      0.2589730490E+03      0.6804686105E+00
0.6210000000E+00      0.7144026996E+03      0.2611101903E+03      0.6814711370E+00
0.6230000000E+00      0.7175478963E+03      0.2632551679E+03      0.6824658403E+00
0.6250000000E+00      0.7206999916E+03      0.2654079731E+03      0.6834528096E+00
0.6270000000E+00      0.7238589883E+03      0.2675685973E+03      0.6844321331E+00
0.6290000000E+00      0.7270248894E+03      0.2697370320E+03      0.6854038974E+00
0.6310000000E+00      0.7301976978E+03      0.2719132687E+03      0.6863681882E+00
0.6330000000E+00      0.7333774163E+03      0.2740972992E+03      0.6873250901E+00
0.6350000000E+00      0.7365640476E+03      0.2762891153E+03      0.6882746863E+00
0.6370000000E+00      0.7397575946E+03      0.2784887087E+03      0.6892170589E+00
0.6390000000E+00      0.7429580598E+03      0.2806960715E+03      0.6901522891E+00
0.6410000000E+00      0.7461654460E+03      0.2829111958E+03      0.6910804567E+00
0.6430000000E+00      0.7493797558E+03      0.2851340735E+03      0.6920016406E+00
0.6450000000E+00      0.7526009917E+03      0.2873646970E+03      0.6929159185E+00
0.6470000000E+00      0.7558291563E+03      0.2896030585E+03      0.6938233672E+00
0.6490000000E+00      0.7590642520E+03      0.2918491505E+03      0.6947240623E+00
0.6510000000E+00      0.7623062813E+03      0.2941029653E+03      0.6956180784E+00
0.6530000000E+00      0.7655552466E+03      0.2963644956E+03      0.6965054914E+00
0.6550000000E+00      0.7688111503E+03      0.2986337340E+03      0.6973863694E+00
0.6570000000E+00      0.7720739948E+03      0.3009106731E+03      0.6982607862E+00
0.6590000000E+00      0.7753437822E+03      0.3031953057E+03      0.6991288125E+00
0.6610000000E+00      0.7786205150E+03      0.3054876248E+03      0.6999905180E+00
0.6630000000E+00      0.7819041953E+03      0.3077876232E+03      0.7008459714E+00
0.6650000000E+00      0.7851948254E+03      0.3100952940E+03      0.7016952405E+00
0.6670000000E+00      0.7884924073E+03      0.3124106302E+03      0.7025383922E+00
0.6690000000E+00      0.7917969432E+03      0.3147336250E+03      0.7033754925E+00
0.6710000000E+00      0.7951084353E+03      0.3170642716E+03      0.7042066065E+00
0.6730000000E+00      0.7984268855E+03      0.3194025634E+03      0.7050317984E+00
0.6750000000E+00      0.8017522960E+03      0.3217484937E+03      0.7058511315E+00
0.6770000000E+00      0.8050846686E+03      0.3241020559E+03      0.7066646684E+00
0.6790000000E+00      0.8084240055E+03      0.3264632436E+03      0.7074724706E+00
0.6810000000E+00      0.8117703085E+03      0.3288320503E+03      0.7082745991E+00
0.6830000000E+00      0.8151235794E+03      0.3312084696E+03      0.7090711137E+00
0.6850000000E+00      0.8184838203E+03      0.3335924954E+03      0.7098620738E+00
0.6870000000E+00      0.8218510330E+03      0.3359841213E+03      0.7106475377E+00
0.6890000000E+00      0.8252252192E+03      0.3383833412E+03      0.7114275631E+00
0.6910000000E+00      0.8286063808E+03      0.3407901490E+03      0.7122022068E+00
0.6930000000E+00      0.8319945195E+03      0.3432045386E+03      0.7129715250E+00
0.6950000000E+00      0.8353896371E+03      0.3456265042E+03      0.7137355730E+00
0.6970000000E+00      0.8387917353E+03      0.3480560397E+03      0.7144944054E+00
0.6990000000E+00      0.8422008157E+03      0.3504931393E+03      0.7152480762E+00
0.7010000000E+00      0.8456168801E+03      0.3529377973E+03      0.7159966384E+00
0.7030000000E+00      0.8490399300E+03      0.3553900079E+03      0.7167401447E+00
0.7050000000E+00      0.8524699670E+03      0.3578497653E+03      0.7174786468E+00
0.7070000000E+00      0.8559069928E+03      0.3603170641E+03      0.7182121959E+00
0.7090000000E+00      0.8593510089E+03      0.3627918986E+03      0.7189408423E+00
0.7110000000E+00      0.8628020168E+03      0.3652742633E+03      0.7196646358E+00
0.7130000000E+00      0.8662600180E+03      0.3677641528E+03      0.7203836257E+00
0.7150000000E+00      0.8697250140E+03      0.3702615616E+03      0.7210978603E+00
0.7170000000E+00      0.8731970063E+03      0.3727664845E+03      0.7218073875E+00
0.7190000000E+00      0.8766759963E+03      0.3752789160E+03      0.7225122546E+00
0.7210000000E+00      0.8801619854E+03      0.3777988511E+03      0.7232125081E+00
0.7230000000E+00      0.8836549751E+03      0.3803262844E+03      0.7239081941E+00
0.7250000000E+00      0.8871549666E+03      0.3828612109E+03      0.7245993580E+00
0.7270000000E+00      0.8906619613E+03      0.3854036254E+03      0.7252860447E+00
0.7290000000E+00      0.8941759606E+03      0.3879535230E+03      0.7259682983E+00
0.7310000000E+00      0.8976969658E+03      0.3905108985E+03      0.7266461626E+00
0.7330000000E+00      0.9012249781E+03      0.3930757472E+03      0.7273196806E+00
0.7350000000E+00      0.9047599988E+03      0.3956480640E+03      0.7279888951E+00
0.7370000000E+00      0.9083020292E+03      0.3982278441E+03      0.7286538479E+00
0.7390000000E+00      0.9118510704E+03      0.4008150828E+03      0.7293145805E+00
0.7410000000E+00      0.9154071238E+03      0.4034097752E+03      0.7299711340E+00
0.7430000000E+00      0.9189701904E+03      0.4060119166E+03      0.7306235488E+00
0.7450000000E+00      0.9225402714E+03      0.4086215024E+03      0.7312718647E+00
0.7470000000E+00      0.9261173681E+03      0.4112385280E+03      0.7319161213E+00
0.7490000000E+00      0.9297014814E+03      0.4138629887E+03      0.7325563573E+00
0.7510000000E+00      0.9332926126E+03      0.4164948801E+03      0.7331926114E+00
0.7530000000E+00      0.9368907627E+03      0.4191341976E+03      0.7338249214E+00
0.7550000000E+00      0.9404959328E+03      0.4217809367E+03      0.7344533248E+00
0.7570000000E+00      0.9441081240E+03      0.4244350931E+03      0.7350778585E+00
0.7590000000E+00      0.9477273372E+03      0.4270966624E+03      0.7356985592E+00
0.7610000000E+00      0.9513535736E+03      0.4297656402E+03      0.7363154629E+00
0.7630000000E+00      0.9549868341E+03      0.4324420223E+03      0.7369286053E+00
0.7650000000E+00      0.9586271197E+03      0.4351258043E+03      0.7375380215E+00
0.7670000000E+00      0.9622744314E+03      0.4378169821E+03      0.7381437464E+00
0.7690000000E+00      0.9659287701E+03      0.4405155516E+03      0.7387458142E+00
0.7710000000E+00      0.9695901369E+03      0.4432215084E+03      0.7393442589E+00
0.7730000000E+00      0.9732585325E+03      0.4459348486E+03      0.7399391140E+00
0.7750000000E+00      0.9769339580E+03      0.4486555681E+03      0.7405304124E+00
0.7770000000E+00      0.9806164142E+03      0.4513836628E+03      0.7411181871E+00
0.7790000000E+00      0.9843059021E+03      0.4541191287E+03      0.7417024701E+00
0.7810000000E+00      0.9880024224E+03      0.4568619620E+03      0.7422832934E+00
0.7830000000E+00      0.9917059760E+03      0.4596121586E+03      0.7428606884E+00
0.7850000000E+00      0.9954165638E+03      0.4623697146E+03      0.7434346864E+00
0.7870000000E+00      0.9991341866E+03      0.4651346262E+03      0.7440053180E+00
0.7890000000E+00      0.1002858845E+04      0.4679068896E+03      0.7445726137E+00
0.7910000000E+00      0.1006590540E+04      0.4706865010E+03      0.7451366034E+00
0.7930000000E+00      0.1010329273E+04      0.4734734566E+03      0.7456973167E+00
0.7950000000E+00      0.1014075044E+04      0.4762677527E+03      0.7462547831E+00
0.7970000000E+00      0.1017827853E+04      0.4790693856E+03      0.7468090313E+00
0.7990000000E+00      0.1021587703E+04      0.4818783517E+03      0.7473600900E+00
0.8010000000E+00      0.1025354592E+04      0.4846946472E+03      0.7479079876E+00
0.8030000000E+00      0.1029128523E+04      0.4875182686E+03      0.7484527518E+00
0.8050000000E+00      0.1032909496E+04      0.4903492124E+03      0.7489944104E+00
0.8070000000E+00      0.1036697511E+04      0.4931874749E+03      0.7495329904E+00
0.8090000000E+00      0.1040492569E+04      0.4960330527E+03      0.7500685190E+00
0.8110000000E+00      0.1044294671E+04      0.4988859423E+03      0.7506010228E+00
0.8130000000E+00      0.1048103817E+04      0.5017461402E+03      0.7511305280E+00
0.8150000000E+00      0.1051920009E+04      0.5046136430E+03      0.7516570608E+00
0.8170000000E+00      0.1055743247E+04      0.5074884473E+03      0.7521806467E+00
0.8190000000E+00      0.1059573531E+04      0.5103705497E+03      0.7527013125E+00
0.8210000000E+00      0.1063410861E+04      0.5132599469E+03      0.7532190808E+00
0.8230000000E+00      0.1067255240E+04      0.5161566356E+03      0.7537339777E+00
0.8250000000E+00      0.1071106667E+04      0.5190606125E+03      0.7542460277E+00
0.8270000000E+00      0.1074965142E+04      0.5219718742E+03      0.7547552552E+00
0.8290000000E+00      0.1078830667E+04      0.5248904177E+03      0.7552616840E+00
0.8310000000E+00      0.1082703242E+04      0.5278162397E+03      0.7557653379E+00
0.8330000000E+00      0.1086582867E+04      0.5307493369E+03      0.7562662403E+00
0.8350000000E+00      0.1090469543E+04      0.5336897062E+03      0.7567644145E+00
0.8370000000E+00      0.1094363270E+04      0.5366373446E+03      0.7572598833E+00
0.8390000000E+00      0.1098264050E+04      0.5395922488E+03      0.7577526694E+00
0.8410000000E+00      0.1102171882E+04      0.5425544158E+03      0.7582427952E+00
0.8430000000E+00      0.1106086768E+04      0.5455238425E+03      0.7587302829E+00
0.8450000000E+00      0.1110008706E+04      0.5485005260E+03      0.7592151543E+00
0.8470000000E+00      0.1113937699E+04      0.5514844631E+03      0.7596974311E+00
0.8490000000E+00      0.1117873746E+04      0.5544756509E+03      0.7601771347E+00
0.8510000000E+00      0.1121816848E+04      0.5574740864E+03      0.7606542864E+00
0.8530000000E+00      0.1125767006E+04      0.5604797667E+03      0.7611289070E+00
0.8550000000E+00      0.1129724219E+04      0.5634926888E+03      0.7616010172E+00
0.8570000000E+00      0.1133688488E+04      0.5665128499E+03      0.7620706377E+00
0.8590000000E+00      0.1137659815E+04      0.5695402470E+03      0.7625377885E+00
0.8610000000E+00      0.1141638198E+04      0.5725748773E+03      0.7630024898E+00
0.8630000000E+00      0.1145623639E+04      0.5756167381E+03      0.7634647613E+00
0.8650000000E+00      0.1149616137E+04      0.5786658263E+03      0.7639246228E+00
0.8670000000E+00      0.1153615694E+04      0.5817221394E+03      0.7643820934E+00
0.8690000000E+00      0.1157622309E+04      0.5847856744E+03      0.7648371926E+00
0.8710000000E+00      0.1161635984E+04      0.5878564286E+03      0.7652899391E+00
0.8730000000E+00      0.1165656718E+04      0.5909343994E+03      0.7657403518E+00
0.8750000000E+00      0.1169684512E+04      0.5940195839E+03      0.7661884493E+00
0.8770000000E+00      0.1173719365E+04      0.5971119795E+03      0.7666342499E+00
0.8790000000E+00      0.1177761280E+04      0.6002115836E+03      0.7670777717E+00
0.8810000000E+00      0.1181810254E+04      0.6033183934E+03      0.7675190328E+00
0.8830000000E+00      0.1185866291E+04      0.6064324063E+03      0.7679580510E+00
0.8850000000E+00      0.1189929388E+04      0.6095536198E+03      0.7683948438E+00
0.8870000000E+00      0.1193999547E+04      0.6126820312E+03      0.7688294287E+00
0.8890000000E+00      0.1198076768E+04      0.6158176379E+03      0.7692618229E+00
0.8910000000E+00      0.1202161052E+04      0.6189604373E+03      0.7696920433E+00
0.8930000000E+00      0.1206252398E+04      0.6221104271E+03      0.7701201070E+00
0.8950000000E+00      0.1210350807E+04      0.6252676045E+03      0.7705460306E+00
0.8970000000E+00      0.1214456279E+04      0.6284319671E+03      0.7709698306E+00
0.8990000000E+00      0.1218568815E+04      0.6316035124E+03      0.7713915233E+00
0.9010000000E+00      0.1222688414E+04      0.6347822380E+03      0.7718111250E+00
0.9030000000E+00      0.1226815078E+04      0.6379681413E+03      0.7722286516E+00
0.9050000000E+00      0.1230948805E+04      0.6411612200E+03      0.7726441190E+00
0.9070000000E+00      0.1235089597E+04      0.6443614716E+03      0.7730575429E+00
0.9090000000E+00      0.1239237454E+04      0.6475688938E+03      0.7734689387E+00
0.9110000000E+00      0.1243392375E+04      0.6507834840E+03      0.7738783219E+00
0.9130000000E+00      0.1247554362E+04      0.6540052400E+03      0.7742857077E+00
0.9150000000E+00      0.1251723414E+04      0.6572341594E+03      0.7746911110E+00
0.9170000000E+00      0.1255899532E+04      0.6604702399E+03      0.7750945468E+00
0.9190000000E+00      0.1260082715E+04      0.6637134791E+03      0.7754960299E+00
0.9210000000E+00      0.1264272965E+04      0.6669638747E+03      0.7758955748E+00
0.9230000000E+00      0.1268470281E+04      0.6702214245E+03      0.7762931960E+00
0.9250000000E+00      0.1272674662E+04      0.6734861261E+03      0.7766889077E+00
0.9270000000E+00      0.1276886111E+04      0.6767579773E+03      0.7770827243E+00
0.9290000000E+00      0.1281104626E+04      0.6800369758E+03      0.7774746596E+00
0.9310000000E+00      0.1285330208E+04      0.6833231195E+03      0.7778647276E+00
0.9330000000E+00      0.1289562858E+04      0.6866164060E+03      0.7782529420E+00
0.9350000000E+00      0.1293802574E+04      0.6899168332E+03      0.7786393163E+00
0.9370000000E+00      0.1298049358E+04      0.6932243989E+03      0.7790238642E+00
0.9390000000E+00      0.1302303209E+04      0.6965391009E+03      0.7794065989E+00
0.9410000000E+00      0.1306564128E+04      0.6998609371E+03      0.7797875336E+00
0.9430000000E+00      0.1310832115E+04      0.7031899053E+03      0.7801666814E+00
0.9450000000E+00      0.1315107170E+04      0.7065260033E+03      0.7805440553E+00
0.9470000000E+00      0.1319389292E+04      0.7098692291E+03      0.7809196681E+00
0.9490000000E+00      0.1323678483E+04      0.7132195806E+03      0.7812935325E+00
0.9510000000E+00      0.1327974743E+04      0.7165770556E+03      0.7816656610E+00
0.9530000000E+00      0.1332278070E+04      0.7199416520E+03      0.7820360661E+00
0.9550000000E+00      0.1336588466E+04      0.7233133679E+03      0.7824047602E+00
0.9570000000E+00      0.1340905931E+04      0.7266922011E+03      0.7827717555E+00
0.9590000000E+00      0.1345230465E+04      0.7300781496E+03      0.7831370641E+00
0.9610000000E+00      0.1349562067E+04      0.7334712114E+03      0.7835006979E+00
0.9630000000E+00      0.1353900739E+04      0.7368713845E+03      0.7838626689E+00
0.9650000000E+00      0.1358246479E+04      0.7402786668E+03      0.7842229888E+00
0.9670000000E+00      0.1362599289E+04      0.7436930563E+03      0.7845816691E+00
0.9690000000E+00      0.1366959167E+04      0.7471145512E+03      0.7849387216E+00
0.9710000000E+00      0.1371326115E+04      0.7505431493E+03      0.7852941576E+00
0.9730000000E+00      0.1375700132E+04      0.7539788489E+03      0.7856479884E+00
0.9750000000E+00      0.1380081219E+04      0.7574216478E+03      0.7860002252E+00
0.9770000000E+00      0.1384469375E+04      0.7608715443E+03      0.7863508792E+00
0.9790000000E+00      0.1388864600E+04      0.7643285363E+03      0.7866999613E+00
0.9810000000E+00      0.1393266895E+04      0.7677926219E+03      0.7870474825E+00
0.9830000000E+00      0.1397676260E+04      0.7712637993E+03      0.7873934535E+00
0.9850000000E+00      0.1402092694E+04      0.7747420666E+03      0.7877378850E+00
0.9870000000E+00      0.1406516198E+04      0.7782274219E+03      0.7880807877E+00
0.9890000000E+00      0.1410946772E+04      0.7817198634E+03      0.7884221721E+00
0.9910000000E+00      0.1415384415E+04      0.7852193891E+03      0.7887620486E+00
0.9930000000E+00      0.1419829128E+04      0.7887259973E+03      0.7891004274E+00
0.9950000000E+00      0.1424280911E+04      0.7922396860E+03      0.7894373188E+00
0.9970000000E+00      0.1428739764E+04      0.7957604536E+03      0.7897727329E+00
0.9990000000E+00      0.1433205686E+04      0.7992882982E+03      0.7901066798E+00
0.1001000000E+01      0.1437678679E+04      0.8028232179E+03      0.7904391693E+00
0.1003000000E+01      0.1442158741E+04      0.8063652111E+03      0.7907702114E+00
0.1005000000E+01      0.1446645873E+04      0.8099142759E+03      0.7910998158E+00
0.1007000000E+01      0.1451140075E+04      0.8134704105E+03      0.7914279922E+00
0.1009000000E+01      0.1455641346E+04      0.8170336133E+03      0.7917547502E+00
0.1011000000E+01      0.1460149688E+04      0.8206038823E+03      0.7920800992E+00
0.1013000000E+01      0.1464665099E+04      0.8241812160E+03      0.7924040487E+00
0.1015000000E+01      0.1469187581E+04      0.8277656126E+03      0.7927266080E+00
0.1017000000E+01      0.1473717132E+04      0.8313570704E+03      0.7930477864E+00
0.1019000000E+01      0.1478253753E+04      0.8349555876E+03      0.7933675931E+00
0.1021000000E+01      0.1482797443E+04      0.8385611626E+03      0.7936860370E+00
0.1023000000E+01      0.1487348204E+04      0.8421737937E+03      0.7940031273E+00
0.1025000000E+01      0.1491906034E+04      0.8457934792E+03      0.7943188728E+00
0.1027000000E+01      0.1496470933E+04      0.8494202174E+03      0.7946332824E+00
0.1029000000E+01      0.1501042903E+04      0.8530540066E+03      0.7949463649E+00
0.1031000000E+01      0.1505621942E+04      0.8566948453E+03      0.7952581289E+00
0.1033000000E+01      0.1510208050E+04      0.8603427318E+03      0.7955685832E+00
0.1035000000E+01      0.1514801228E+04      0.8639976644E+03      0.7958777361E+00
0.1037000000E+01      0.1519401476E+04      0.8676596415E+03      0.7961855963E+00
0.1039000000E+01      0.1524008793E+04      0.8713286616E+03      0.7964921720E+00
0.1041000000E+01      0.1528623179E+04      0.8750047229E+03      0.7967974722E+00
0.1043000000E+01      0.1533244635E+04      0.8786878240E+03      0.7971015040E+00
0.1045000000E+01      0.1537873160E+04      0.8823779631E+03      0.7974042762E+00
0.1047000000E+01      0.1542508754E+04      0.8860751388E+03      0.7977057968E+00
0.1049000000E+01      0.1547151417E+04      0.8897793495E+03      0.7980060739E+00
0.1051000000E+01      0.1551801150E+04      0.8934905936E+03      0.7983051154E+00
0.1053000000E+01      0.1556457951E+04      0.8972088695E+03      0.7986029293E+00
0.1055000000E+01      0.1561121821E+04      0.9009341757E+03      0.7988995235E+00
0.1057000000E+01      0.1565792761E+04      0.9046665107E+03      0.7991949055E+00
0.1059000000E+01      0.1570470768E+04      0.9084058730E+03      0.7994890833E+00
0.1061000000E+01      0.1575155845E+04      0.9121522609E+03      0.7997820644E+00
0.1063000000E+01      0.1579847990E+04      0.9159056731E+03      0.8000738564E+00
0.1065000000E+01      0.1584547204E+04      0.9196661080E+03      0.8003644668E+00
0.1067000000E+01      0.1589253486E+04      0.9234335640E+03      0.8006539030E+00
0.1069000000E+01      0.1593966837E+04      0.9272080398E+03      0.8009421724E+00
0.1071000000E+01      0.1598687256E+04      0.9309895339E+03      0.8012292825E+00
0.1073000000E+01      0.1603414743E+04      0.9347780446E+03      0.8015152403E+00
0.1075000000E+01      0.1608149298E+04      0.9385735707E+03      0.8018000532E+00
0.1077000000E+01      0.1612890921E+04      0.9423761107E+03      0.8020837283E+00
0.1079000000E+01      0.1617639612E+04      0.9461856630E+03      0.8023662726E+00
0.1081000000E+01      0.1622395370E+04      0.9500022263E+03      0.8026476932E+00
0.1083000000E+01      0.1627158197E+04      0.9538257990E+03      0.8029279970E+00
0.1085000000E+01      0.1631928090E+04      0.9576563799E+03      0.8032071910E+00
0.1087000000E+01      0.1636705052E+04      0.9614939674E+03      0.8034852821E+00
0.1089000000E+01      0.1641489080E+04      0.9653385602E+03      0.8037622769E+00
0.1091000000E+01      0.1646280176E+04      0.9691901569E+03      0.8040381823E+00
0.1093000000E+01      0.1651078339E+04      0.9730487560E+03      0.8043130049E+00
0.1095000000E+01      0.1655883569E+04      0.9769143561E+03      0.8045867514E+00
0.1097000000E+01      0.1660695866E+04      0.9807869560E+03      0.8048594284E+00
0.1099000000E+01      0.1665515229E+04      0.9846665541E+03      0.8051310423E+00
0.1101000000E+01      0.1670341659E+04      0.9885531491E+03      0.8054015997E+00
0.1103000000E+01      0.1675175156E+04      0.9924467398E+03      0.8056711070E+00
0.1105000000E+01      0.1680015719E+04      0.9963473246E+03      0.8059395706E+00
0.1107000000E+01      0.1684863348E+04      0.1000254902E+04      0.8062069966E+00
0.1109000000E+01      0.1689718043E+04      0.1004169472E+04      0.8064733916E+00
0.1111000000E+01      0.1694579804E+04      0.1008091031E+04      0.8067387616E+00
0.1113000000E+01      0.1699448631E+04      0.1012019579E+04      0.8070031128E+00
0.1115000000E+01      0.1704324524E+04      0.1015955115E+04      0.8072664513E+00
0.1117000000E+01      0.1709207482E+04      0.1019897637E+04      0.8075287833E+00
0.1119000000E+01      0.1714097505E+04      0.1023847144E+04      0.8077901147E+00
0.1121000000E+01      0.1718994594E+04      0.1027803634E+04      0.8080504514E+00
0.1123000000E+01      0.1723898748E+04      0.1031767107E+04      0.8083097996E+00
0.1125000000E+01      0.1728809966E+04      0.1035737561E+04      0.8085681649E+00
0.1127000000E+01      0.1733728250E+04      0.1039714995E+04      0.8088255534E+00
0.1129000000E+01      0.1738653598E+04      0.1043699407E+04      0.8090819706E+00
0.1131000000E+01      0.1743586011E+04      0.1047690796E+04      0.8093374225E+00
0.1133000000E+01      0.1748525488E+04      0.1051689161E+04      0.8095919146E+00
0.1135000000E+01      0.1753472029E+04      0.1055694501E+04      0.8098454527E+00
0.1137000000E+01      0.1758425634E+04      0.1059706814E+04      0.8100980423E+00
0.1139000000E+01      0.1763386303E+04      0.1063726100E+04      0.8103496890E+00
0.1141000000E+01      0.1768354036E+04      0.1067752356E+04      0.8106003984E+00
0.1143000000E+01      0.1773328832E+04      0.1071785582E+04      0.8108501759E+00
0.1145000000E+01      0.1778310692E+04      0.1075825777E+04      0.8110990270E+00
0.1147000000E+01      0.1783299614E+04      0.1079872939E+04      0.8113469571E+00
0.1149000000E+01      0.1788295600E+04      0.1083927066E+04      0.8115939715E+00
0.1151000000E+01      0.1793298649E+04      0.1087988159E+04      0.8118400755E+00
0.1153000000E+01      0.1798308760E+04      0.1092056215E+04      0.8120852744E+00
0.1155000000E+01      0.1803325934E+04      0.1096131234E+04      0.8123295734E+00
0.1157000000E+01      0.1808350170E+04      0.1100213214E+04      0.8125729778E+00
0.1159000000E+01      0.1813381469E+04      0.1104302154E+04      0.8128154927E+00
0.1161000000E+01      0.1818419829E+04      0.1108398053E+04      0.8130571232E+00
0.1163000000E+01      0.1823465251E+04      0.1112500909E+04      0.8132978744E+00
0.1165000000E+01      0.1828517735E+04      0.1116610722E+04      0.8135377513E+00
0.1167000000E+01      0.1833577280E+04      0.1120727491E+04      0.8137767589E+00
0.1169000000E+01      0.1838643886E+04      0.1124851213E+04      0.8140149022E+00
0.1171000000E+01      0.1843717554E+04      0.1128981889E+04      0.8142521861E+00
0.1173000000E+01      0.1848798282E+04      0.1133119516E+04      0.8144886155E+00
0.1175000000E+01      0.1853886072E+04      0.1137264095E+04      0.8147241953E+00
0.1177000000E+01      0.1858980921E+04      0.1141415623E+04      0.8149589303E+00
0.1179000000E+01      0.1864082831E+04      0.1145574099E+04      0.8151928251E+00
0.1181000000E+01      0.1869191801E+04      0.1149739523E+04      0.8154258847E+00
0.1183000000E+01      0.1874307831E+04      0.1153911893E+04      0.8156581137E+00
0.1185000000E+01      0.1879430921E+04      0.1158091208E+04      0.8158895167E+00
0.1187000000E+01      0.1884561071E+04      0.1162277467E+04      0.8161200985E+00
0.1189000000E+01      0.1889698279E+04      0.1166470669E+04      0.8163498635E+00
0.1191000000E+01      0.1894842547E+04      0.1170670812E+04      0.8165788165E+00
0.1193000000E+01      0.1899993874E+04      0.1174877897E+04      0.8168069618E+00
0.1195000000E+01      0.1905152260E+04      0.1179091921E+04      0.8170343041E+00
0.1197000000E+01      0.1910317704E+04      0.1183312884E+04      0.8172608478E+00
0.1199000000E+01      0.1915490206E+04      0.1187540784E+04      0.8174865974E+00
