      Rhob                Epsilon              Pressure               SoundV
0.4730000000E-14      0.4409040000E-11      0.6303830000E-24      0.2528270000E-09
0.4760000000E-14      0.4431480000E-11      0.6303830000E-23      0.3286900000E-09
0.4910000000E-14      0.4571720000E-11      0.6303830000E-22      0.3811090000E-09
0.6990000000E-14      0.6506980000E-11      0.7552120000E-21      0.1661210000E-08
0.9900000000E-14      0.9199530000E-11      0.8737990000E-20      0.4506330000E-08
0.2720000000E-13      0.2529870000E-10      0.1061040000E-18      0.2185710000E-07
0.1270000000E-12      0.1189210000E-09      0.3632510000E-17      0.1280710000E-06
0.6930000000E-12      0.6450890000E-09      0.1185870000E-15      0.6813760000E-06
0.6295000000E-11      0.5856290000E-08      0.6081640000E-14      0.1980100000E-05
0.1581000000E-10      0.1470800000E-07      0.3100740000E-13      0.4121830000E-05
0.3972000000E-10      0.3694960000E-07      0.1517290000E-12      0.7788630000E-05
0.9976000000E-10      0.9278060000E-07      0.7183870000E-12      0.1422460000E-04
0.2506000000E-09      0.2331300000E-06      0.3286730000E-11      0.2500930000E-04
0.6294000000E-09      0.5856290000E-06      0.1446760000E-10      0.4207890000E-04
0.1581000000E-08      0.1470800000E-05      0.6088500000E-10      0.6739699893E-04
0.3972000000E-08      0.3695520000E-05      0.2441020000E-09      0.8516180000E-04
0.5000000000E-08      0.4651930000E-05      0.3282360000E-09      0.1052360000E-03
0.9976000000E-08      0.9283670000E-05      0.8956430000E-09      0.1422520000E-03
0.1990000000E-07      0.1852250000E-04      0.2392340000E-08      0.1863930000E-03
0.3972000000E-07      0.3696080000E-04      0.6278870000E-08      0.2408930000E-03
0.7924000000E-07      0.7376450000E-04      0.1625270000E-07      0.3085620000E-03
0.1581000000E-06      0.1471920000E-03      0.4166770000E-07      0.3417580000E-03
0.1990000000E-06      0.1853370000E-03      0.5453750000E-07      0.3860480000E-03
0.3155000000E-06      0.2937680000E-03      0.1016730000E-06      0.4315500000E-03
0.5000000000E-06      0.4656420000E-03      0.1890530000E-06      0.4889620000E-03
0.6294000000E-06      0.5861890000E-03      0.2577080000E-06      0.5509610000E-03
0.7924000000E-06      0.7382060000E-03      0.3143180000E-06      0.6137740000E-03
0.9976000000E-06      0.9294890000E-03      0.4281610000E-06      0.6540150000E-03
0.1581000000E-05      0.1470000000E-02      0.7939080000E-06      0.7285460000E-03
0.2506000000E-05      0.2340000000E-02      0.1470480000E-05      0.8500470000E-03
0.3972000000E-05      0.3700000000E-02      0.2722510000E-05      0.8906300000E-03
0.5000000000E-05      0.4660000000E-02      0.3533890000E-05      0.9510480000E-03
0.6294000000E-05      0.5870000000E-02      0.4807140000E-05      0.1100000000E-02
0.7924000000E-05      0.7390000000E-02      0.6541010000E-05      0.1180000000E-02
0.9976000000E-05      0.9310000000E-02      0.8894020000E-05      0.1280000000E-02
0.1256000000E-04      0.1172000000E-01      0.1209590000E-04      0.1300000000E-02
0.1581000000E-04      0.1476000000E-01      0.1562230000E-04      0.1320000000E-02
0.1990000000E-04      0.1858000000E-01      0.2124580000E-04      0.1390000000E-02
0.2506000000E-04      0.2340000000E-01      0.2888530000E-04      0.1470000000E-02
0.3155000000E-04      0.2947000000E-01      0.3713020000E-04      0.1550000000E-02
0.3972000000E-04      0.3712000000E-01      0.5048680000E-04      0.1820000000E-02
0.5000000000E-04      0.4674000000E-01      0.6865560000E-04      0.1960000000E-02
0.6294000000E-04      0.5884000000E-01      0.9330920000E-04      0.2110000000E-02
0.7924000000E-04      0.7416000000E-01      0.1268880000E-03      0.2150000000E-02
0.9976000000E-04      0.9334000000E-01      0.1620900000E-03      0.2190000000E-02
0.1105000000E-03      0.1034400000E+00      0.1805020000E-03      0.2220000000E-02
0.1256000000E-03      0.1175700000E+00      0.2053430000E-03      0.2270000000E-02
0.1581000000E-03      0.1480900000E+00      0.2791790000E-03      0.2300000000E-02
0.1990000000E-03      0.1865100000E+00      0.3630010000E-03      0.2350000000E-02
0.2506000000E-03      0.2349200000E+00      0.4704780000E-03      0.2420000000E-02
0.2572000000E-03      0.2411500000E+00      0.4871430000E-03      0.1640000000E-02
0.2670000000E-03      0.2502100000E+00      0.4925360000E-03      0.6323770000E-03
0.3126000000E-03      0.2932300000E+00      0.5213460000E-03      0.6351150000E-03
0.3951000000E-03      0.3707800000E+00      0.5679160000E-03      0.6395500000E-03
0.4759000000E-03      0.4467600000E+00      0.6136960000E-03      0.6456670000E-03
0.5812000000E-03      0.5456200000E+00      0.6758550000E-03      0.6505920000E-03
0.7143000000E-03      0.6709200000E+00      0.7601150000E-03      0.7025890000E-03
0.8786000000E-03      0.8252300000E+00      0.8731850000E-03      0.7646840000E-03
0.1077000000E-02      0.1012500000E+01      0.1020000000E-02      0.8354260000E-03
0.1314000000E-02      0.1235290000E+01      0.1220000000E-02      0.9276850000E-03
0.1748000000E-02      0.1643560000E+01      0.1620000000E-02      0.1000000000E-02
0.2000000000E-02      0.1880850000E+01      0.2000000000E-02      0.1100000000E-02
0.4000000000E-02      0.3764610000E+01      0.4510000000E-02      0.1460000000E-02
0.6000000000E-02      0.5649800000E+01      0.7500000000E-02      0.1680000000E-02
0.8000000000E-02      0.7536070000E+01      0.1086000000E-01      0.1880000000E-02
0.1000000000E-01      0.9423230000E+01      0.1458000000E-01      0.2070000000E-02
0.1200000000E-01      0.1131116000E+02      0.1867000000E-01      0.2280000000E-02
0.1400000000E-01      0.1319982000E+02      0.2318000000E-01      0.2510000000E-02
0.1600000000E-01      0.1508915000E+02      0.2814000000E-01      0.2760000000E-02
0.1800000000E-01      0.1697914000E+02      0.3361000000E-01      0.3040000000E-02
0.2000000000E-01      0.1886976000E+02      0.3965000000E-01      0.3340000000E-02
0.2200000000E-01      0.2076101000E+02      0.4624000000E-01      0.3660000000E-02
0.2400000000E-01      0.2265290000E+02      0.5348000000E-01      0.3990000000E-02
0.2600000000E-01      0.2454541000E+02      0.6133000000E-01      0.4330000000E-02
0.2800000000E-01      0.2643855000E+02      0.6988000000E-01      0.4680000000E-02
0.3000000000E-01      0.2833233000E+02      0.7906000000E-01      0.5030000000E-02
0.3200000000E-01      0.3022674000E+02      0.8895000000E-01      0.5390000000E-02
0.3400000000E-01      0.3212179000E+02      0.9948000000E-01      0.5740000000E-02
0.3600000000E-01      0.3401748000E+02      0.1107200000E+00      0.6090000000E-02
0.3800000000E-01      0.3591381000E+02      0.1225900000E+00      0.6440000000E-02
0.4000000000E-01      0.3781078000E+02      0.1351400000E+00      0.6790000000E-02
0.4200000000E-01      0.3970840000E+02      0.1483400000E+00      0.7110000000E-02
0.4400000000E-01      0.4160666000E+02      0.1621100000E+00      0.7420000000E-02
0.4600000000E-01      0.4350556000E+02      0.1765200000E+00      0.7740000000E-02
0.4800000000E-01      0.4540510000E+02      0.1915000000E+00      0.8040000000E-02
0.5000000000E-01      0.4730528000E+02      0.2070600000E+00      0.8310000000E-02
0.5200000000E-01      0.4920608000E+02      0.2230900000E+00      0.8580000000E-02
0.5400000000E-01      0.5110752000E+02      0.2396900000E+00      0.8870000000E-02
0.5600000000E-01      0.5300958000E+02      0.2568200000E+00      0.9120000000E-02
0.5800000000E-01      0.5491227000E+02      0.2743700000E+00      0.9340000000E-02
0.6000000000E-01      0.5681556000E+02      0.2923800000E+00      0.9690000000E-02
0.6200000000E-01      0.5871946000E+02      0.3101200000E+00      0.1002000000E-01
0.6400000000E-01      0.6062394000E+02      0.3290400000E+00      0.1028000000E-01
0.6600000000E-01      0.6252904000E+02      0.3483400000E+00      0.1069000000E-01
0.6800000000E-01      0.6443473000E+02      0.3679800000E+00      0.1101000000E-01
0.7000000000E-01      0.6621901518E+02      0.4571567442E+00      0.1982379796E-01
0.7200000000E-01      0.6812459267E+02      0.4959299451E+00      0.2084708665E-01
0.7400000000E-01      0.7003127459E+02      0.5366874836E+00      0.2188129715E-01
0.7600000000E-01      0.7193908503E+02      0.5794522548E+00      0.2292567329E-01
0.7800000000E-01      0.7384804740E+02      0.6242458942E+00      0.2397954907E-01
0.8000000000E-01      0.7575818447E+02      0.6710889434E+00      0.2504234731E-01
0.8200000000E-01      0.7766951834E+02      0.7200010152E+00      0.2611357794E-01
0.8400000000E-01      0.7958207053E+02      0.7710009547E+00      0.2719283610E-01
0.8600000000E-01      0.8149586196E+02      0.8241069971E+00      0.2827979983E-01
0.8800000000E-01      0.8341091299E+02      0.8793369222E+00      0.2937422783E-01
0.9000000000E-01      0.8532724348E+02      0.9367082033E+00      0.3047595681E-01
0.9200000000E-01      0.8724487277E+02      0.9962381543E+00      0.3158489880E-01
0.9400000000E-01      0.8916381974E+02      0.1057944069E+01      0.3270103827E-01
0.9600000000E-01      0.9108410284E+02      0.1121843358E+01      0.3382442916E-01
0.9800000000E-01      0.9300574011E+02      0.1187953677E+01      0.3495519185E-01
0.1000000000E+00      0.9492874923E+02      0.1256293056E+01      0.3609350997E-01
0.1020000000E+00      0.9685314752E+02      0.1326880014E+01      0.3723962720E-01
0.1040000000E+00      0.9877895201E+02      0.1399733678E+01      0.3839384392E-01
0.1060000000E+00      0.1007061794E+03      0.1474873886E+01      0.3955651430E-01
0.1080000000E+00      0.1026348463E+03      0.1552321294E+01      0.4072804240E-01
0.1100000000E+00      0.1045649688E+03      0.1632097472E+01      0.4190887918E-01
0.1120000000E+00      0.1064965631E+03      0.1714224992E+01      0.4309951912E-01
0.1140000000E+00      0.1084296395E+03      0.1797701192E+01      0.4327863093E-01
0.1160000000E+00      0.1103641862E+03      0.1882078534E+01      0.4397643494E-01
0.1180000000E+00      0.1123002011E+03      0.1968045022E+01      0.4482744182E-01
0.1200000000E+00      0.1142376880E+03      0.2055808743E+01      0.4575597680E-01
0.1220000000E+00      0.1161766534E+03      0.2145494479E+01      0.4673689535E-01
0.1240000000E+00      0.1181171055E+03      0.2237194221E+01      0.4775851992E-01
0.1260000000E+00      0.1200590534E+03      0.2330983597E+01      0.4881454919E-01
0.1280000000E+00      0.1220025069E+03      0.2426929111E+01      0.4990130941E-01
0.1300000000E+00      0.1239474769E+03      0.2525091913E+01      0.5101563395E-01
0.1320000000E+00      0.1258939744E+03      0.2625529976E+01      0.5215811265E-01
0.1340000000E+00      0.1278420113E+03      0.2728299458E+01      0.5332698959E-01
0.1360000000E+00      0.1297915998E+03      0.2833455602E+01      0.5452187053E-01
0.1380000000E+00      0.1317427525E+03      0.2941053351E+01      0.5574262688E-01
0.1400000000E+00      0.1336954826E+03      0.3051147789E+01      0.5698932029E-01
0.1420000000E+00      0.1356498037E+03      0.3163794462E+01      0.5826147558E-01
0.1440000000E+00      0.1376057295E+03      0.3279049614E+01      0.5956067282E-01
0.1460000000E+00      0.1395632746E+03      0.3396970366E+01      0.6088669140E-01
0.1480000000E+00      0.1415224535E+03      0.3517614850E+01      0.6223996491E-01
0.1500000000E+00      0.1434832815E+03      0.3641042305E+01      0.6362096701E-01
0.1520000000E+00      0.1454457741E+03      0.3767313156E+01      0.6503019920E-01
0.1540000000E+00      0.1474099471E+03      0.3896489062E+01      0.6646818108E-01
0.1560000000E+00      0.1493758169E+03      0.4028632951E+01      0.6793544168E-01
0.1580000000E+00      0.1513434001E+03      0.4163809047E+01      0.6943251356E-01
0.1600000000E+00      0.1533127139E+03      0.4302083000E+01      0.7096393047E-01
0.1620000000E+00      0.1552837759E+03      0.4443521376E+01      0.7252227115E-01
0.1640000000E+00      0.1572566038E+03      0.4588192414E+01      0.7411198277E-01
0.1660000000E+00      0.1592312161E+03      0.4736165499E+01      0.7573355973E-01
0.1680000000E+00      0.1612076313E+03      0.4887511258E+01      0.7738747727E-01
0.1700000000E+00      0.1631858687E+03      0.5042301538E+01      0.7907418842E-01
0.1720000000E+00      0.1651659478E+03      0.5200609359E+01      0.8079412134E-01
0.1740000000E+00      0.1671478884E+03      0.5362508880E+01      0.8254767691E-01
0.1760000000E+00      0.1691317109E+03      0.5528075350E+01      0.8433522659E-01
0.1780000000E+00      0.1711174360E+03      0.5697385055E+01      0.8615711035E-01
0.1800000000E+00      0.1731050847E+03      0.5870515264E+01      0.8801363510E-01
0.1820000000E+00      0.1750946787E+03      0.6047544176E+01      0.8990507297E-01
0.1840000000E+00      0.1770862401E+03      0.6228550767E+01      0.9182949518E-01
0.1860000000E+00      0.1790797906E+03      0.6413615065E+01      0.9379140005E-01
0.1880000000E+00      0.1810753532E+03      0.6602817585E+01      0.9578881266E-01
0.1900000000E+00      0.1830729509E+03      0.6796239586E+01      0.9782185397E-01
0.1920000000E+00      0.1850726072E+03      0.6993962926E+01      0.9989060486E-01
0.1940000000E+00      0.1870743458E+03      0.7196069980E+01      0.1019951054E+00
0.1960000000E+00      0.1890781909E+03      0.7402643575E+01      0.1041353547E+00
0.1980000000E+00      0.1910841670E+03      0.7613766907E+01      0.1063113099E+00
0.2000000000E+00      0.1930922989E+03      0.7829523469E+01      0.1085228867E+00
0.2020000000E+00      0.1951026119E+03      0.8049996973E+01      0.1107699585E+00
0.2040000000E+00      0.1971151314E+03      0.8275271269E+01      0.1130523570E+00
0.2060000000E+00      0.1991298833E+03      0.8505430272E+01      0.1153698722E+00
0.2080000000E+00      0.2011468938E+03      0.8740557880E+01      0.1177222525E+00
0.2100000000E+00      0.2031661893E+03      0.8980737897E+01      0.1201092049E+00
0.2120000000E+00      0.2051877966E+03      0.9226053954E+01      0.1225303963E+00
0.2140000000E+00      0.2072117427E+03      0.9476589432E+01      0.1249854529E+00
0.2160000000E+00      0.2092380550E+03      0.9732427385E+01      0.1274739619E+00
0.2180000000E+00      0.2112667609E+03      0.9993650475E+01      0.1299956406E+00
0.2200000000E+00      0.2132978884E+03      0.1026034086E+02      0.1325496622E+00
0.2220000000E+00      0.2153314654E+03      0.1053258017E+02      0.1351356695E+00
0.2240000000E+00      0.2173675203E+03      0.1081044940E+02      0.1377531012E+00
0.2260000000E+00      0.2194060815E+03      0.1109402885E+02      0.1404013610E+00
0.2280000000E+00      0.2214471778E+03      0.1138339808E+02      0.1430798198E+00
0.2300000000E+00      0.2234908381E+03      0.1167863578E+02      0.1457878162E+00
0.2320000000E+00      0.2255370914E+03      0.1197981977E+02      0.1485246584E+00
0.2340000000E+00      0.2275859670E+03      0.1228702691E+02      0.1512896253E+00
0.2360000000E+00      0.2296374943E+03      0.1260033302E+02      0.1540819682E+00
0.2380000000E+00      0.2316917028E+03      0.1291981288E+02      0.1569009124E+00
0.2400000000E+00      0.2337486221E+03      0.1324554008E+02      0.1597456584E+00
0.2420000000E+00      0.2358082821E+03      0.1357758708E+02      0.1626153839E+00
0.2440000000E+00      0.2378707126E+03      0.1391602507E+02      0.1655092453E+00
0.2460000000E+00      0.2399359435E+03      0.1426092396E+02      0.1684263794E+00
0.2480000000E+00      0.2420040050E+03      0.1461235232E+02      0.1713659050E+00
0.2500000000E+00      0.2440749271E+03      0.1497037737E+02      0.1743269249E+00
0.2520000000E+00      0.2461487399E+03      0.1533506488E+02      0.1773085272E+00
0.2540000000E+00      0.2482254737E+03      0.1570647922E+02      0.1803097874E+00
0.2560000000E+00      0.2503051587E+03      0.1608468323E+02      0.1833297700E+00
0.2580000000E+00      0.2523878251E+03      0.1646973828E+02      0.1863677468E+00
0.2600000000E+00      0.2544735031E+03      0.1686170414E+02      0.1894223313E+00
0.2620000000E+00      0.2565622230E+03      0.1726063906E+02      0.1924927824E+00
0.2640000000E+00      0.2586540149E+03      0.1766659971E+02      0.1955781373E+00
0.2660000000E+00      0.2607489090E+03      0.1807964111E+02      0.1986774306E+00
0.2680000000E+00      0.2628469354E+03      0.1849981671E+02      0.2017896959E+00
0.2700000000E+00      0.2649481242E+03      0.1892717827E+02      0.2049139671E+00
0.2720000000E+00      0.2670525054E+03      0.1936177595E+02      0.2080492804E+00
0.2740000000E+00      0.2691601089E+03      0.1980365824E+02      0.2111946753E+00
0.2760000000E+00      0.2712709645E+03      0.2025287197E+02      0.2143491962E+00
0.2780000000E+00      0.2733851019E+03      0.2070946231E+02      0.2175118938E+00
0.2800000000E+00      0.2755025508E+03      0.2117347278E+02      0.2206818264E+00
0.2820000000E+00      0.2776233407E+03      0.2164494523E+02      0.2238580611E+00
0.2840000000E+00      0.2797475008E+03      0.2212391987E+02      0.2270396751E+00
0.2860000000E+00      0.2818750605E+03      0.2261043526E+02      0.2302257569E+00
0.2880000000E+00      0.2840060489E+03      0.2310452833E+02      0.2334154070E+00
0.2900000000E+00      0.2861404948E+03      0.2360623439E+02      0.2366077394E+00
0.2920000000E+00      0.2882784271E+03      0.2411558714E+02      0.2398018823E+00
0.2940000000E+00      0.2904198744E+03      0.2463261868E+02      0.2429969791E+00
0.2960000000E+00      0.2925648651E+03      0.2515735955E+02      0.2461921890E+00
0.2980000000E+00      0.2947134274E+03      0.2568983873E+02      0.2493866883E+00
0.3000000000E+00      0.2968655894E+03      0.2623008365E+02      0.2525796703E+00
0.3020000000E+00      0.2990213789E+03      0.2677812025E+02      0.2557703467E+00
0.3040000000E+00      0.3011808237E+03      0.2733397297E+02      0.2589579477E+00
0.3060000000E+00      0.3033439507E+03      0.2789766484E+02      0.2621449758E+00
0.3080000000E+00      0.3055107881E+03      0.2846921731E+02      0.2653242861E+00
0.3100000000E+00      0.3076813623E+03      0.2904865055E+02      0.2684983292E+00
0.3120000000E+00      0.3098557003E+03      0.2963598331E+02      0.2716664143E+00
0.3140000000E+00      0.3120338286E+03      0.3023123300E+02      0.2748278716E+00
0.3160000000E+00      0.3142157736E+03      0.3083441570E+02      0.2779820520E+00
0.3180000000E+00      0.3164015612E+03      0.3144554618E+02      0.2811283273E+00
0.3200000000E+00      0.3185912175E+03      0.3206463798E+02      0.2842660906E+00
0.3220000000E+00      0.3207847679E+03      0.3269170339E+02      0.2873947563E+00
0.3240000000E+00      0.3229822379E+03      0.3332675352E+02      0.2905137599E+00
0.3260000000E+00      0.3251836527E+03      0.3396979830E+02      0.2936225584E+00
0.3280000000E+00      0.3273890370E+03      0.3462084654E+02      0.2967206298E+00
0.3300000000E+00      0.3295984155E+03      0.3527990595E+02      0.2998074733E+00
0.3320000000E+00      0.3318118126E+03      0.3594698317E+02      0.3028826090E+00
0.3340000000E+00      0.3340292524E+03      0.3662208381E+02      0.3059455779E+00
0.3360000000E+00      0.3362507587E+03      0.3730521250E+02      0.3089959415E+00
0.3380000000E+00      0.3384763551E+03      0.3799637287E+02      0.3120332818E+00
0.3400000000E+00      0.3407060650E+03      0.3869556765E+02      0.3150572009E+00
0.3420000000E+00      0.3429399114E+03      0.3940279865E+02      0.3180673207E+00
0.3440000000E+00      0.3451779171E+03      0.4011806682E+02      0.3210632826E+00
0.3460000000E+00      0.3474201047E+03      0.4084137227E+02      0.3240447472E+00
0.3480000000E+00      0.3496664965E+03      0.4157271431E+02      0.3270113942E+00
0.3500000000E+00      0.3519171144E+03      0.4231209149E+02      0.3299629213E+00
0.3520000000E+00      0.3541719803E+03      0.4305950159E+02      0.3328990449E+00
0.3540000000E+00      0.3564311157E+03      0.4381494170E+02      0.3358194985E+00
0.3560000000E+00      0.3586945417E+03      0.4457840823E+02      0.3387240333E+00
0.3580000000E+00      0.3609622793E+03      0.4534989692E+02      0.3416124173E+00
0.3600000000E+00      0.3632343494E+03      0.4612940292E+02      0.3444844348E+00
0.3620000000E+00      0.3655107723E+03      0.4691692076E+02      0.3473400381E+00
0.3640000000E+00      0.3677915682E+03      0.4771244441E+02      0.3501787388E+00
0.3660000000E+00      0.3700767568E+03      0.4851596736E+02      0.3529983094E+00
0.3680000000E+00      0.3723663583E+03      0.4932748241E+02      0.3558030328E+00
0.3700000000E+00      0.3746603920E+03      0.5014698205E+02      0.3585905433E+00
0.3720000000E+00      0.3769588769E+03      0.5097445825E+02      0.3613607144E+00
0.3740000000E+00      0.3792618319E+03      0.5180990256E+02      0.3641134334E+00
0.3760000000E+00      0.3815692759E+03      0.5265330608E+02      0.3668486001E+00
0.3780000000E+00      0.3838812272E+03      0.5350465957E+02      0.3695661272E+00
0.3800000000E+00      0.3861977040E+03      0.5436395337E+02      0.3722659389E+00
0.3820000000E+00      0.3885187243E+03      0.5523117752E+02      0.3749479711E+00
0.3840000000E+00      0.3908443057E+03      0.5610632172E+02      0.3776121709E+00
0.3860000000E+00      0.3931744658E+03      0.5698937535E+02      0.3802584961E+00
0.3880000000E+00      0.3955092217E+03      0.5788032754E+02      0.3828869147E+00
0.3900000000E+00      0.3978485905E+03      0.5877916713E+02      0.3854974043E+00
0.3920000000E+00      0.4001925889E+03      0.5968588273E+02      0.3880899524E+00
0.3940000000E+00      0.4025412334E+03      0.6060046271E+02      0.3906645551E+00
0.3960000000E+00      0.4048945404E+03      0.6152289525E+02      0.3932212175E+00
0.3980000000E+00      0.4072525260E+03      0.6245316832E+02      0.3957599526E+00
0.4000000000E+00      0.4096152059E+03      0.6339126972E+02      0.3982807815E+00
0.4020000000E+00      0.4119825959E+03      0.6433718709E+02      0.4007837328E+00
0.4040000000E+00      0.4143547113E+03      0.6529090792E+02      0.4032688421E+00
0.4060000000E+00      0.4167315675E+03      0.6625241957E+02      0.4057361518E+00
0.4080000000E+00      0.4191131792E+03      0.6722170929E+02      0.4081857111E+00
0.4100000000E+00      0.4214995614E+03      0.6819876422E+02      0.4106175748E+00
0.4120000000E+00      0.4238907287E+03      0.6918357140E+02      0.4130318038E+00
0.4140000000E+00      0.4262866953E+03      0.7017611781E+02      0.4154284645E+00
0.4160000000E+00      0.4286874755E+03      0.7117639033E+02      0.4178076285E+00
0.4180000000E+00      0.4310930833E+03      0.7218437581E+02      0.4201693721E+00
0.4200000000E+00      0.4335035329E+03      0.7320006074E+02      0.4225046945E+00
0.4220000000E+00      0.4359188368E+03      0.7422343250E+02      0.4248317150E+00
0.4240000000E+00      0.4383390090E+03      0.7525447750E+02      0.4271415712E+00
0.4260000000E+00      0.4407640627E+03      0.7629318248E+02      0.4294343562E+00
0.4280000000E+00      0.4431940110E+03      0.7733953412E+02      0.4317101669E+00
0.4300000000E+00      0.4456288665E+03      0.7839351914E+02      0.4339691033E+00
0.4320000000E+00      0.4480686420E+03      0.7945512425E+02      0.4362112689E+00
0.4340000000E+00      0.4505133499E+03      0.8052433619E+02      0.4384367695E+00
0.4360000000E+00      0.4529630026E+03      0.8160114169E+02      0.4406457141E+00
0.4380000000E+00      0.4554176121E+03      0.8268552755E+02      0.4428382139E+00
0.4400000000E+00      0.4578771905E+03      0.8377748057E+02      0.4450143824E+00
0.4420000000E+00      0.4603417494E+03      0.8487698762E+02      0.4471743351E+00
0.4440000000E+00      0.4628113006E+03      0.8598403558E+02      0.4493181896E+00
0.4460000000E+00      0.4652858553E+03      0.8709861144E+02      0.4514460650E+00
0.4480000000E+00      0.4677654251E+03      0.8822070218E+02      0.4535580822E+00
0.4500000000E+00      0.4702500209E+03      0.8935029489E+02      0.4556543633E+00
0.4520000000E+00      0.4727396537E+03      0.9048737672E+02      0.4577350318E+00
0.4540000000E+00      0.4752343345E+03      0.9163193486E+02      0.4598002122E+00
0.4560000000E+00      0.4777340737E+03      0.9278395662E+02      0.4618500300E+00
0.4580000000E+00      0.4802388821E+03      0.9394342934E+02      0.4638846114E+00
0.4600000000E+00      0.4827487699E+03      0.9511034049E+02      0.4659040839E+00
0.4620000000E+00      0.4852637473E+03      0.9628467760E+02      0.4679085749E+00
0.4640000000E+00      0.4877838245E+03      0.9746642827E+02      0.4698982128E+00
0.4660000000E+00      0.4903090114E+03      0.9865558022E+02      0.4718731259E+00
0.4680000000E+00      0.4928393178E+03      0.9985212126E+02      0.4738334432E+00
0.4700000000E+00      0.4953747534E+03      0.1010560393E+03      0.4757792936E+00
0.4720000000E+00      0.4979153277E+03      0.1022673223E+03      0.4777108063E+00
0.4740000000E+00      0.5004610502E+03      0.1034859583E+03      0.4796281105E+00
0.4760000000E+00      0.5030119300E+03      0.1047119357E+03      0.4815313351E+00
0.4780000000E+00      0.5055679764E+03      0.1059452426E+03      0.4834206090E+00
0.4800000000E+00      0.5081291984E+03      0.1071858674E+03      0.4852960610E+00
0.4820000000E+00      0.5106956049E+03      0.1084337988E+03      0.4871578193E+00
0.4840000000E+00      0.5132672047E+03      0.1096890252E+03      0.4890060121E+00
0.4860000000E+00      0.5158440064E+03      0.1109515354E+03      0.4908407669E+00
0.4880000000E+00      0.5184260186E+03      0.1122213183E+03      0.4926622108E+00
0.4900000000E+00      0.5210132497E+03      0.1134983627E+03      0.4944704705E+00
0.4920000000E+00      0.5236057080E+03      0.1147826578E+03      0.4962656719E+00
0.4940000000E+00      0.5262034017E+03      0.1160741926E+03      0.4980479405E+00
0.4960000000E+00      0.5288063389E+03      0.1173729565E+03      0.4998174009E+00
0.4980000000E+00      0.5314145277E+03      0.1186789388E+03      0.5015741772E+00
0.5000000000E+00      0.5340279758E+03      0.1199921291E+03      0.5033183926E+00
0.5020000000E+00      0.5366466911E+03      0.1213125168E+03      0.5050501695E+00
0.5040000000E+00      0.5392706812E+03      0.1226400918E+03      0.5067696298E+00
0.5060000000E+00      0.5418999537E+03      0.1239748438E+03      0.5084768941E+00
0.5080000000E+00      0.5445345161E+03      0.1253167628E+03      0.5101720823E+00
0.5100000000E+00      0.5471743757E+03      0.1266658389E+03      0.5118553136E+00
0.5120000000E+00      0.5498195398E+03      0.1280220621E+03      0.5135267060E+00
0.5140000000E+00      0.5524700156E+03      0.1293854228E+03      0.5151863767E+00
0.5160000000E+00      0.5551258102E+03      0.1307559113E+03      0.5168344419E+00
0.5180000000E+00      0.5577869305E+03      0.1321335181E+03      0.5184710168E+00
0.5200000000E+00      0.5604533835E+03      0.1335182339E+03      0.5200962156E+00
0.5220000000E+00      0.5631251760E+03      0.1349100492E+03      0.5217101515E+00
0.5240000000E+00      0.5658023146E+03      0.1363089550E+03      0.5233129366E+00
0.5260000000E+00      0.5684848062E+03      0.1377149421E+03      0.5249046822E+00
0.5280000000E+00      0.5711726571E+03      0.1391280015E+03      0.5264854983E+00
0.5300000000E+00      0.5738658739E+03      0.1405481245E+03      0.5280554940E+00
0.5320000000E+00      0.5765644630E+03      0.1419753021E+03      0.5296147772E+00
0.5340000000E+00      0.5792684306E+03      0.1434095258E+03      0.5311634548E+00
0.5360000000E+00      0.5819777831E+03      0.1448507870E+03      0.5327016328E+00
0.5380000000E+00      0.5846925265E+03      0.1462990773E+03      0.5342294157E+00
0.5400000000E+00      0.5874126669E+03      0.1477543882E+03      0.5357469073E+00
0.5420000000E+00      0.5901382104E+03      0.1492167116E+03      0.5372542103E+00
0.5440000000E+00      0.5928691628E+03      0.1506860392E+03      0.5387514260E+00
0.5460000000E+00      0.5956055300E+03      0.1521623631E+03      0.5402386550E+00
0.5480000000E+00      0.5983473177E+03      0.1536456752E+03      0.5417159360E+00
0.5500000000E+00      0.6010945318E+03      0.1551359677E+03      0.5431834887E+00
0.5520000000E+00      0.6038471778E+03      0.1566332328E+03      0.5446413495E+00
0.5540000000E+00      0.6066052613E+03      0.1581374629E+03      0.5460896145E+00
0.5560000000E+00      0.6093687877E+03      0.1596486504E+03      0.5475283788E+00
0.5580000000E+00      0.6121377626E+03      0.1611667878E+03      0.5489577363E+00
0.5600000000E+00      0.6149121913E+03      0.1626918677E+03      0.5503777801E+00
0.5620000000E+00      0.6176920791E+03      0.1642238829E+03      0.5517886019E+00
0.5640000000E+00      0.6204774312E+03      0.1657628260E+03      0.5531902925E+00
0.5660000000E+00      0.6232682529E+03      0.1673086901E+03      0.5545829419E+00
0.5680000000E+00      0.6260645491E+03      0.1688614679E+03      0.5559666386E+00
0.5700000000E+00      0.6288663251E+03      0.1704211527E+03      0.5573414705E+00
0.5720000000E+00      0.6316735857E+03      0.1719877376E+03      0.5587075241E+00
0.5740000000E+00      0.6344863360E+03      0.1735612157E+03      0.5600648852E+00
0.5760000000E+00      0.6373045807E+03      0.1751415804E+03      0.5614136385E+00
0.5780000000E+00      0.6401283248E+03      0.1767288251E+03      0.5627538675E+00
0.5800000000E+00      0.6429575730E+03      0.1783229432E+03      0.5640856550E+00
0.5820000000E+00      0.6457923299E+03      0.1799239283E+03      0.5654090827E+00
0.5840000000E+00      0.6486326004E+03      0.1815317741E+03      0.5667242312E+00
0.5860000000E+00      0.6514783888E+03      0.1831464742E+03      0.5680311803E+00
0.5880000000E+00      0.6543296999E+03      0.1847680224E+03      0.5693300088E+00
0.5900000000E+00      0.6571865381E+03      0.1863964127E+03      0.5706207945E+00
0.5920000000E+00      0.6600489078E+03      0.1880316389E+03      0.5719036144E+00
0.5940000000E+00      0.6629168135E+03      0.1896736951E+03      0.5731785444E+00
0.5960000000E+00      0.6657902595E+03      0.1913225753E+03      0.5744456596E+00
0.5980000000E+00      0.6686692501E+03      0.1929782738E+03      0.5757050340E+00
0.6000000000E+00      0.6715537895E+03      0.1946407847E+03      0.5769567411E+00
0.6020000000E+00      0.6744438820E+03      0.1963101024E+03      0.5782008531E+00
0.6040000000E+00      0.6773395317E+03      0.1979862213E+03      0.5794374415E+00
0.6060000000E+00      0.6802407427E+03      0.1996691357E+03      0.5806665770E+00
0.6080000000E+00      0.6831475190E+03      0.2013588402E+03      0.5818883292E+00
0.6100000000E+00      0.6860598648E+03      0.2030553294E+03      0.5831027671E+00
0.6120000000E+00      0.6889777839E+03      0.2047585980E+03      0.5843099588E+00
0.6140000000E+00      0.6919012803E+03      0.2064686405E+03      0.5855099714E+00
0.6160000000E+00      0.6948303580E+03      0.2081854519E+03      0.5867028714E+00
0.6180000000E+00      0.6977650207E+03      0.2099090270E+03      0.5878887244E+00
0.6200000000E+00      0.7007052722E+03      0.2116393606E+03      0.5890675952E+00
0.6220000000E+00      0.7036511163E+03      0.2133764477E+03      0.5902395477E+00
0.6240000000E+00      0.7066025568E+03      0.2151202833E+03      0.5914046454E+00
0.6260000000E+00      0.7095595973E+03      0.2168708626E+03      0.5925629505E+00
0.6280000000E+00      0.7125222415E+03      0.2186281807E+03      0.5937145248E+00
0.6300000000E+00      0.7154904929E+03      0.2203922327E+03      0.5948594293E+00
0.6320000000E+00      0.7184643552E+03      0.2221630139E+03      0.5959977241E+00
0.6340000000E+00      0.7214438319E+03      0.2239405197E+03      0.5971294687E+00
0.6360000000E+00      0.7244289264E+03      0.2257247453E+03      0.5982547219E+00
0.6380000000E+00      0.7274196423E+03      0.2275156863E+03      0.5993735418E+00
0.6400000000E+00      0.7304159829E+03      0.2293133381E+03      0.6004859856E+00
0.6420000000E+00      0.7334179516E+03      0.2311176963E+03      0.6015921100E+00
0.6440000000E+00      0.7364255519E+03      0.2329287563E+03      0.6026919709E+00
0.6460000000E+00      0.7394387870E+03      0.2347465139E+03      0.6037856237E+00
0.6480000000E+00      0.7424576601E+03      0.2365709647E+03      0.6048731229E+00
0.6500000000E+00      0.7454821746E+03      0.2384021046E+03      0.6059545226E+00
0.6520000000E+00      0.7485123337E+03      0.2402399291E+03      0.6070298759E+00
0.6540000000E+00      0.7515481405E+03      0.2420844343E+03      0.6080992356E+00
0.6560000000E+00      0.7545895982E+03      0.2439356159E+03      0.6091626537E+00
0.6580000000E+00      0.7576367099E+03      0.2457934700E+03      0.6102201816E+00
0.6600000000E+00      0.7606894787E+03      0.2476579924E+03      0.6112718702E+00
0.6620000000E+00      0.7637479077E+03      0.2495291792E+03      0.6123177695E+00
0.6640000000E+00      0.7668119999E+03      0.2514070264E+03      0.6133578678E+00
0.6660000000E+00      0.7698817583E+03      0.2532915303E+03      0.6143923371E+00
0.6680000000E+00      0.7729571858E+03      0.2551826869E+03      0.6154211642E+00
0.6700000000E+00      0.7760382855E+03      0.2570804923E+03      0.6164443969E+00
0.6720000000E+00      0.7791250601E+03      0.2589849430E+03      0.6174620826E+00
0.6740000000E+00      0.7822175126E+03      0.2608960351E+03      0.6184742679E+00
0.6760000000E+00      0.7853156459E+03      0.2628137650E+03      0.6194809991E+00
0.6780000000E+00      0.7884194627E+03      0.2647381290E+03      0.6204823217E+00
0.6800000000E+00      0.7915289660E+03      0.2666691235E+03      0.6214782808E+00
0.6820000000E+00      0.7946441583E+03      0.2686067450E+03      0.6224689210E+00
0.6840000000E+00      0.7977650426E+03      0.2705509900E+03      0.6234542864E+00
0.6860000000E+00      0.8008916214E+03      0.2725018549E+03      0.6244344204E+00
0.6880000000E+00      0.8040238976E+03      0.2744593364E+03      0.6254093661E+00
0.6900000000E+00      0.8071618737E+03      0.2764234310E+03      0.6263791661E+00
0.6920000000E+00      0.8103055524E+03      0.2783941353E+03      0.6273438623E+00
0.6940000000E+00      0.8134549363E+03      0.2803714461E+03      0.6283034963E+00
0.6960000000E+00      0.8166100281E+03      0.2823553600E+03      0.6292581092E+00
0.6980000000E+00      0.8197708302E+03      0.2843458737E+03      0.6302077415E+00
0.7000000000E+00      0.8229373446E+03      0.2863429848E+03      0.6311663061E+00
0.7020000000E+00      0.8261095752E+03      0.2883466887E+03      0.6321061393E+00
0.7040000000E+00      0.8292875236E+03      0.2903569828E+03      0.6330411109E+00
0.7060000000E+00      0.8324711925E+03      0.2923738640E+03      0.6339712595E+00
0.7080000000E+00      0.8356605842E+03      0.2943973293E+03      0.6348966237E+00
0.7100000000E+00      0.8388557013E+03      0.2964273756E+03      0.6358172412E+00
0.7120000000E+00      0.8420565460E+03      0.2984639999E+03      0.6367331496E+00
0.7140000000E+00      0.8452631209E+03      0.3005071991E+03      0.6376443858E+00
0.7160000000E+00      0.8484754282E+03      0.3025569702E+03      0.6385509865E+00
0.7180000000E+00      0.8516934703E+03      0.3046133104E+03      0.6394529880E+00
0.7200000000E+00      0.8549172495E+03      0.3066762167E+03      0.6403504261E+00
0.7220000000E+00      0.8581467681E+03      0.3087456863E+03      0.6412433361E+00
0.7240000000E+00      0.8613820284E+03      0.3108217162E+03      0.6421317532E+00
0.7260000000E+00      0.8646230326E+03      0.3129043037E+03      0.6430157119E+00
0.7280000000E+00      0.8678697830E+03      0.3149934459E+03      0.6438952465E+00
0.7300000000E+00      0.8711222818E+03      0.3170891401E+03      0.6447703908E+00
0.7320000000E+00      0.8743805313E+03      0.3191913835E+03      0.6456411785E+00
0.7340000000E+00      0.8776445335E+03      0.3213001735E+03      0.6465076426E+00
0.7360000000E+00      0.8809142906E+03      0.3234155072E+03      0.6473698159E+00
0.7380000000E+00      0.8841898048E+03      0.3255373822E+03      0.6482277308E+00
0.7400000000E+00      0.8874710782E+03      0.3276657956E+03      0.6490814194E+00
0.7420000000E+00      0.8907581130E+03      0.3298007449E+03      0.6499309135E+00
0.7440000000E+00      0.8940509111E+03      0.3319422276E+03      0.6507762442E+00
0.7460000000E+00      0.8973494746E+03      0.3340902409E+03      0.6516174429E+00
0.7480000000E+00      0.9006538057E+03      0.3362447825E+03      0.6524545400E+00
0.7500000000E+00      0.9039639062E+03      0.3384058497E+03      0.6532875661E+00
0.7520000000E+00      0.9072797784E+03      0.3405734401E+03      0.6541165511E+00
0.7540000000E+00      0.9106014240E+03      0.3427475512E+03      0.6549415247E+00
0.7560000000E+00      0.9139288452E+03      0.3449281805E+03      0.6557625165E+00
0.7580000000E+00      0.9172620439E+03      0.3471153257E+03      0.6565795555E+00
0.7600000000E+00      0.9206010219E+03      0.3493089842E+03      0.6573926705E+00
0.7620000000E+00      0.9239457814E+03      0.3515091538E+03      0.6582018900E+00
0.7640000000E+00      0.9272963241E+03      0.3537158320E+03      0.6590072421E+00
0.7660000000E+00      0.9306526519E+03      0.3559290165E+03      0.6598087549E+00
0.7680000000E+00      0.9340147668E+03      0.3581487049E+03      0.6606064558E+00
0.7700000000E+00      0.9373826706E+03      0.3603748951E+03      0.6614003722E+00
0.7720000000E+00      0.9407563652E+03      0.3626075846E+03      0.6621905312E+00
0.7740000000E+00      0.9441358523E+03      0.3648467713E+03      0.6629769595E+00
0.7760000000E+00      0.9475211339E+03      0.3670924528E+03      0.6637596835E+00
0.7780000000E+00      0.9509122116E+03      0.3693446269E+03      0.6645387296E+00
0.7800000000E+00      0.9543090874E+03      0.3716032915E+03      0.6653141236E+00
0.7820000000E+00      0.9577117629E+03      0.3738684444E+03      0.6660858911E+00
0.7840000000E+00      0.9611202399E+03      0.3761400833E+03      0.6668540577E+00
0.7860000000E+00      0.9645345202E+03      0.3784182061E+03      0.6676186484E+00
0.7880000000E+00      0.9679546055E+03      0.3807028107E+03      0.6683656896E+00
0.7900000000E+00      0.9713804975E+03      0.3829938949E+03      0.6691231465E+00
0.7920000000E+00      0.9748121980E+03      0.3852914567E+03      0.6698771015E+00
0.7940000000E+00      0.9782497085E+03      0.3875954940E+03      0.6706275788E+00
0.7960000000E+00      0.9816930308E+03      0.3899060047E+03      0.6713746023E+00
0.7980000000E+00      0.9851421665E+03      0.3922229867E+03      0.6721181956E+00
0.8000000000E+00      0.9885971173E+03      0.3945464380E+03      0.6728583822E+00
0.8020000000E+00      0.9920578848E+03      0.3968763566E+03      0.6735951854E+00
0.8040000000E+00      0.9955244707E+03      0.3992127405E+03      0.6743286280E+00
0.8060000000E+00      0.9989968765E+03      0.4015555877E+03      0.6750587328E+00
0.8080000000E+00      0.1002475104E+04      0.4039048961E+03      0.6757855224E+00
0.8100000000E+00      0.1005959154E+04      0.4062606640E+03      0.6765090190E+00
0.8120000000E+00      0.1009449029E+04      0.4086228892E+03      0.6772292447E+00
0.8140000000E+00      0.1012944731E+04      0.4109915699E+03      0.6779462215E+00
0.8160000000E+00      0.1016446260E+04      0.4133667041E+03      0.6786599708E+00
0.8180000000E+00      0.1019953618E+04      0.4157482900E+03      0.6793704873E+00
0.8200000000E+00      0.1023466808E+04      0.4181363257E+03      0.6800778462E+00
0.8220000000E+00      0.1026985829E+04      0.4205308092E+03      0.6807820414E+00
0.8240000000E+00      0.1030510685E+04      0.4229317388E+03      0.6814830939E+00
0.8260000000E+00      0.1034041375E+04      0.4253391125E+03      0.6821810242E+00
0.8280000000E+00      0.1037577903E+04      0.4277529285E+03      0.6828758527E+00
0.8300000000E+00      0.1041120269E+04      0.4301731851E+03      0.6835675997E+00
0.8320000000E+00      0.1044668474E+04      0.4325998804E+03      0.6842562853E+00
0.8340000000E+00      0.1048222521E+04      0.4350330125E+03      0.6849419293E+00
0.8360000000E+00      0.1051782410E+04      0.4374725797E+03      0.6856245513E+00
0.8380000000E+00      0.1055348143E+04      0.4399185803E+03      0.6863041709E+00
0.8400000000E+00      0.1058919722E+04      0.4423710125E+03      0.6869808073E+00
0.8420000000E+00      0.1062497147E+04      0.4448298744E+03      0.6876544797E+00
0.8440000000E+00      0.1066080421E+04      0.4472951645E+03      0.6883252069E+00
0.8460000000E+00      0.1069669544E+04      0.4497668808E+03      0.6889930079E+00
0.8480000000E+00      0.1073264518E+04      0.4522450219E+03      0.6896579010E+00
0.8500000000E+00      0.1076865344E+04      0.4547295858E+03      0.6903199049E+00
0.8520000000E+00      0.1080472024E+04      0.4572205709E+03      0.6909790377E+00
0.8540000000E+00      0.1084084559E+04      0.4597179756E+03      0.6916353175E+00
0.8560000000E+00      0.1087702950E+04      0.4622217981E+03      0.6922887622E+00
0.8580000000E+00      0.1091327198E+04      0.4647320369E+03      0.6929393895E+00
0.8600000000E+00      0.1094957305E+04      0.4672486901E+03      0.6935872171E+00
0.8620000000E+00      0.1098593273E+04      0.4697717563E+03      0.6942322624E+00
0.8640000000E+00      0.1102235102E+04      0.4723012337E+03      0.6948745426E+00
0.8660000000E+00      0.1105882793E+04      0.4748371208E+03      0.6955140749E+00
0.8680000000E+00      0.1109536349E+04      0.4773794158E+03      0.6961508762E+00
0.8700000000E+00      0.1113195770E+04      0.4799281173E+03      0.6967849633E+00
0.8720000000E+00      0.1116861057E+04      0.4824832236E+03      0.6974163529E+00
0.8740000000E+00      0.1120532212E+04      0.4850447331E+03      0.6980450615E+00
0.8760000000E+00      0.1124209236E+04      0.4876126443E+03      0.6986711054E+00
0.8780000000E+00      0.1127892130E+04      0.4901869555E+03      0.6992945009E+00
0.8800000000E+00      0.1131580895E+04      0.4927676652E+03      0.6999152639E+00
0.8820000000E+00      0.1135275532E+04      0.4953547719E+03      0.7005334106E+00
0.8840000000E+00      0.1138976044E+04      0.4979482740E+03      0.7011489566E+00
0.8860000000E+00      0.1142682430E+04      0.5005481700E+03      0.7017619175E+00
0.8880000000E+00      0.1146394693E+04      0.5031544583E+03      0.7023723090E+00
0.8900000000E+00      0.1150112832E+04      0.5057671374E+03      0.7029801463E+00
0.8920000000E+00      0.1153836850E+04      0.5083862059E+03      0.7035854448E+00
0.8940000000E+00      0.1157566748E+04      0.5110116621E+03      0.7041882195E+00
0.8960000000E+00      0.1161302526E+04      0.5136435047E+03      0.7047884853E+00
0.8980000000E+00      0.1165044186E+04      0.5162817321E+03      0.7053862572E+00
0.9000000000E+00      0.1168791728E+04      0.5189263428E+03      0.7059815499E+00
0.9020000000E+00      0.1172545155E+04      0.5215773354E+03      0.7065743780E+00
0.9040000000E+00      0.1176304467E+04      0.5242347083E+03      0.7071647559E+00
0.9060000000E+00      0.1180069665E+04      0.5268984602E+03      0.7077526980E+00
0.9080000000E+00      0.1183840751E+04      0.5295685896E+03      0.7083382184E+00
0.9100000000E+00      0.1187617724E+04      0.5322450950E+03      0.7089213314E+00
0.9120000000E+00      0.1191400588E+04      0.5349279749E+03      0.7095020509E+00
0.9140000000E+00      0.1195189341E+04      0.5376172281E+03      0.7100803907E+00
0.9160000000E+00      0.1198983986E+04      0.5403128529E+03      0.7106563646E+00
0.9180000000E+00      0.1202784524E+04      0.5430148481E+03      0.7112299863E+00
0.9200000000E+00      0.1206590956E+04      0.5457232121E+03      0.7118012692E+00
0.9220000000E+00      0.1210403282E+04      0.5484379437E+03      0.7123702268E+00
0.9240000000E+00      0.1214221504E+04      0.5511590413E+03      0.7129368723E+00
0.9260000000E+00      0.1218045622E+04      0.5538865036E+03      0.7135012189E+00
0.9280000000E+00      0.1221875638E+04      0.5566203292E+03      0.7140632798E+00
0.9300000000E+00      0.1225711553E+04      0.5593605167E+03      0.7146230678E+00
0.9320000000E+00      0.1229553368E+04      0.5621070647E+03      0.7151805959E+00
0.9340000000E+00      0.1233401084E+04      0.5648599719E+03      0.7157358768E+00
0.9360000000E+00      0.1237254701E+04      0.5676192369E+03      0.7162889231E+00
0.9380000000E+00      0.1241114220E+04      0.5703848583E+03      0.7168397474E+00
0.9400000000E+00      0.1244979644E+04      0.5731568348E+03      0.7173883621E+00
0.9420000000E+00      0.1248850972E+04      0.5759351650E+03      0.7179347796E+00
0.9440000000E+00      0.1252728205E+04      0.5787198475E+03      0.7184790121E+00
0.9460000000E+00      0.1256611345E+04      0.5815108811E+03      0.7190210717E+00
0.9480000000E+00      0.1260500392E+04      0.5843082644E+03      0.7195609706E+00
0.9500000000E+00      0.1264395348E+04      0.5871119961E+03      0.7200987206E+00
0.9520000000E+00      0.1268296213E+04      0.5899220748E+03      0.7206343337E+00
0.9540000000E+00      0.1272202988E+04      0.5927384992E+03      0.7211678215E+00
0.9560000000E+00      0.1276115675E+04      0.5955612681E+03      0.7216991957E+00
0.9580000000E+00      0.1280034273E+04      0.5983903800E+03      0.7222284680E+00
0.9600000000E+00      0.1283958784E+04      0.6012258337E+03      0.7227556497E+00
0.9620000000E+00      0.1287889209E+04      0.6040676279E+03      0.7232807523E+00
0.9640000000E+00      0.1291825549E+04      0.6069157612E+03      0.7238037871E+00
0.9660000000E+00      0.1295767804E+04      0.6097702325E+03      0.7243247653E+00
0.9680000000E+00      0.1299715976E+04      0.6126310403E+03      0.7248436980E+00
0.9700000000E+00      0.1303670065E+04      0.6154981835E+03      0.7253605963E+00
0.9720000000E+00      0.1307630072E+04      0.6183716607E+03      0.7258754711E+00
0.9740000000E+00      0.1311595998E+04      0.6212514706E+03      0.7263883333E+00
0.9760000000E+00      0.1315567844E+04      0.6241376121E+03      0.7268991936E+00
0.9780000000E+00      0.1319545611E+04      0.6270300837E+03      0.7274080628E+00
0.9800000000E+00      0.1323529299E+04      0.6299288843E+03      0.7279149515E+00
0.9820000000E+00      0.1327518910E+04      0.6328340126E+03      0.7284198702E+00
0.9840000000E+00      0.1331514444E+04      0.6357454674E+03      0.7289228294E+00
0.9860000000E+00      0.1335515902E+04      0.6386632473E+03      0.7294238394E+00
0.9880000000E+00      0.1339523284E+04      0.6415873511E+03      0.7299229105E+00
0.9900000000E+00      0.1343536593E+04      0.6445177776E+03      0.7304200531E+00
0.9920000000E+00      0.1347555828E+04      0.6474545255E+03      0.7309152771E+00
0.9940000000E+00      0.1351580990E+04      0.6503975936E+03      0.7314085927E+00
0.9960000000E+00      0.1355612080E+04      0.6533469807E+03      0.7319000098E+00
0.9980000000E+00      0.1359649099E+04      0.6563026856E+03      0.7323895384E+00
0.1000000000E+01      0.1363692047E+04      0.6592647069E+03      0.7328771883E+00
0.1002000000E+01      0.1367740926E+04      0.6622330435E+03      0.7333629693E+00
0.1004000000E+01      0.1371795736E+04      0.6652076941E+03      0.7338468911E+00
0.1006000000E+01      0.1375856478E+04      0.6681886576E+03      0.7343289632E+00
0.1008000000E+01      0.1379923152E+04      0.6711759327E+03      0.7348091953E+00
0.1010000000E+01      0.1383995760E+04      0.6741695182E+03      0.7352875969E+00
0.1012000000E+01      0.1388074302E+04      0.6771694128E+03      0.7357641772E+00
0.1014000000E+01      0.1392158779E+04      0.6801756155E+03      0.7362389457E+00
0.1016000000E+01      0.1396249191E+04      0.6831881249E+03      0.7367119117E+00
0.1018000000E+01      0.1400345540E+04      0.6862069399E+03      0.7371830843E+00
0.1020000000E+01      0.1404447826E+04      0.6892320592E+03      0.7376524727E+00
0.1022000000E+01      0.1408556050E+04      0.6922634818E+03      0.7381200860E+00
0.1024000000E+01      0.1412670212E+04      0.6953012063E+03      0.7385859332E+00
0.1026000000E+01      0.1416790313E+04      0.6983452316E+03      0.7390500231E+00
0.1028000000E+01      0.1420916355E+04      0.7013955565E+03      0.7395123647E+00
0.1030000000E+01      0.1425048337E+04      0.7044521798E+03      0.7399729669E+00
0.1032000000E+01      0.1429186260E+04      0.7075151004E+03      0.7404318382E+00
0.1034000000E+01      0.1433330125E+04      0.7105843170E+03      0.7408889875E+00
0.1036000000E+01      0.1437479933E+04      0.7136598285E+03      0.7413444234E+00
0.1038000000E+01      0.1441635684E+04      0.7167416336E+03      0.7417981353E+00
0.1040000000E+01      0.1445797380E+04      0.7198297313E+03      0.7422501700E+00
0.1042000000E+01      0.1449965020E+04      0.7229241204E+03      0.7427005169E+00
0.1044000000E+01      0.1454138605E+04      0.7260247996E+03      0.7431491841E+00
0.1046000000E+01      0.1458318136E+04      0.7291317678E+03      0.7435961801E+00
0.1048000000E+01      0.1462503614E+04      0.7322450239E+03      0.7440415132E+00
0.1050000000E+01      0.1466695040E+04      0.7353645667E+03      0.7444851915E+00
0.1052000000E+01      0.1470892413E+04      0.7384903950E+03      0.7449272232E+00
0.1054000000E+01      0.1475095735E+04      0.7416225076E+03      0.7453676165E+00
0.1056000000E+01      0.1479305006E+04      0.7447609035E+03      0.7458063793E+00
0.1058000000E+01      0.1483520227E+04      0.7479055814E+03      0.7462435196E+00
0.1060000000E+01      0.1487741399E+04      0.7510565402E+03      0.7466790454E+00
0.1062000000E+01      0.1491968522E+04      0.7542137788E+03      0.7471129645E+00
0.1064000000E+01      0.1496201596E+04      0.7573772959E+03      0.7475452847E+00
0.1066000000E+01      0.1500440623E+04      0.7605470905E+03      0.7479760140E+00
0.1068000000E+01      0.1504685603E+04      0.7637231615E+03      0.7484051598E+00
0.1070000000E+01      0.1508936536E+04      0.7669055075E+03      0.7488327299E+00
0.1072000000E+01      0.1513193424E+04      0.7700941277E+03      0.7492587320E+00
0.1074000000E+01      0.1517456266E+04      0.7732890207E+03      0.7496831735E+00
0.1076000000E+01      0.1521725064E+04      0.7764901854E+03      0.7501060620E+00
0.1078000000E+01      0.1525999817E+04      0.7796976208E+03      0.7505274049E+00
0.1080000000E+01      0.1530280527E+04      0.7829113256E+03      0.7509472097E+00
0.1082000000E+01      0.1534567195E+04      0.7861312987E+03      0.7513654837E+00
0.1084000000E+01      0.1538859820E+04      0.7893575391E+03      0.7517822342E+00
0.1086000000E+01      0.1543158403E+04      0.7925900456E+03      0.7521974685E+00
0.1088000000E+01      0.1547462945E+04      0.7958288170E+03      0.7526111937E+00
0.1090000000E+01      0.1551773446E+04      0.7990738522E+03      0.7530234171E+00
0.1092000000E+01      0.1556089908E+04      0.8023251502E+03      0.7534341458E+00
0.1094000000E+01      0.1560412329E+04      0.8055827097E+03      0.7538433868E+00
0.1096000000E+01      0.1564740712E+04      0.8088465296E+03      0.7542511472E+00
0.1098000000E+01      0.1569075057E+04      0.8121166089E+03      0.7546574339E+00
0.1100000000E+01      0.1573415363E+04      0.8153929464E+03      0.7550622539E+00
0.1102000000E+01      0.1577761633E+04      0.8186755410E+03      0.7554656141E+00
0.1104000000E+01      0.1582113865E+04      0.8219643916E+03      0.7558675212E+00
0.1106000000E+01      0.1586472061E+04      0.8252594971E+03      0.7562679822E+00
0.1108000000E+01      0.1590836222E+04      0.8285608563E+03      0.7566670038E+00
0.1110000000E+01      0.1595206347E+04      0.8318684681E+03      0.7570645926E+00
0.1112000000E+01      0.1599582437E+04      0.8351823314E+03      0.7574607554E+00
0.1114000000E+01      0.1603964494E+04      0.8385024452E+03      0.7578554987E+00
0.1116000000E+01      0.1608352516E+04      0.8418288083E+03      0.7582488292E+00
0.1118000000E+01      0.1612746506E+04      0.8451614195E+03      0.7586407534E+00
0.1120000000E+01      0.1617146463E+04      0.8485002779E+03      0.7590312778E+00
0.1122000000E+01      0.1621552387E+04      0.8518453822E+03      0.7594204089E+00
0.1124000000E+01      0.1625964280E+04      0.8551967314E+03      0.7598081531E+00
0.1126000000E+01      0.1630382142E+04      0.8585543244E+03      0.7601945167E+00
0.1128000000E+01      0.1634805973E+04      0.8619181601E+03      0.7605795061E+00
0.1130000000E+01      0.1639235774E+04      0.8652882373E+03      0.7609631276E+00
0.1132000000E+01      0.1643671545E+04      0.8686645551E+03      0.7613453875E+00
0.1134000000E+01      0.1648113287E+04      0.8720471121E+03      0.7617262920E+00
0.1136000000E+01      0.1652561000E+04      0.8754359075E+03      0.7621058472E+00
0.1138000000E+01      0.1657014684E+04      0.8788309400E+03      0.7624840593E+00
0.1140000000E+01      0.1661474341E+04      0.8822322086E+03      0.7628609345E+00
0.1142000000E+01      0.1665939971E+04      0.8856397123E+03      0.7632364787E+00
0.1144000000E+01      0.1670411573E+04      0.8890534498E+03      0.7636106981E+00
0.1146000000E+01      0.1674889149E+04      0.8924734201E+03      0.7639835985E+00
0.1148000000E+01      0.1679372699E+04      0.8958996221E+03      0.7643551860E+00
0.1150000000E+01      0.1683862224E+04      0.8993320547E+03      0.7647254666E+00
0.1152000000E+01      0.1688357723E+04      0.9027707168E+03      0.7650944460E+00
0.1154000000E+01      0.1692859198E+04      0.9062156074E+03      0.7654621301E+00
0.1156000000E+01      0.1697366648E+04      0.9096667254E+03      0.7658285248E+00
0.1158000000E+01      0.1701880074E+04      0.9131240696E+03      0.7661936358E+00
0.1160000000E+01      0.1706399478E+04      0.9165876390E+03      0.7665574689E+00
0.1162000000E+01      0.1710924858E+04      0.9200574324E+03      0.7669200297E+00
0.1164000000E+01      0.1715456215E+04      0.9235334489E+03      0.7672813240E+00
0.1166000000E+01      0.1719993551E+04      0.9270156873E+03      0.7676413574E+00
0.1168000000E+01      0.1724536865E+04      0.9305041465E+03      0.7680001355E+00
0.1170000000E+01      0.1729086157E+04      0.9339988255E+03      0.7683576639E+00
0.1172000000E+01      0.1733641429E+04      0.9374997231E+03      0.7687139482E+00
0.1174000000E+01      0.1738202680E+04      0.9410068384E+03      0.7690689937E+00
0.1176000000E+01      0.1742769911E+04      0.9445201702E+03      0.7694228061E+00
0.1178000000E+01      0.1747343123E+04      0.9480397173E+03      0.7697753907E+00
0.1180000000E+01      0.1751922315E+04      0.9515654789E+03      0.7701267531E+00
0.1182000000E+01      0.1756507488E+04      0.9550974537E+03      0.7704768985E+00
0.1184000000E+01      0.1761098643E+04      0.9586356407E+03      0.7708258323E+00
0.1186000000E+01      0.1765695780E+04      0.9621800389E+03      0.7711735599E+00
0.1188000000E+01      0.1770298899E+04      0.9657306471E+03      0.7715200865E+00
0.1190000000E+01      0.1774908001E+04      0.9692874642E+03      0.7718654173E+00
0.1192000000E+01      0.1779523086E+04      0.9728504893E+03      0.7722095577E+00
0.1194000000E+01      0.1784144154E+04      0.9764197212E+03      0.7725525128E+00
0.1196000000E+01      0.1788771206E+04      0.9799951588E+03      0.7728942878E+00
0.1198000000E+01      0.1793404242E+04      0.9835768011E+03      0.7732348878E+00
0.1200000000E+01      0.1798043263E+04      0.9871646470E+03      0.7735743179E+00
