      Rhob                Epsilon              Pressure               SoundV
0.4730000000E-14      0.4409040000E-11      0.6303830000E-24      0.2528270000E-09
0.4760000000E-14      0.4431480000E-11      0.6303830000E-23      0.3286900000E-09
0.4910000000E-14      0.4571720000E-11      0.6303830000E-22      0.3811090000E-09
0.6990000000E-14      0.6506980000E-11      0.7552120000E-21      0.1661210000E-08
0.9900000000E-14      0.9199530000E-11      0.8737990000E-20      0.4506330000E-08
0.2720000000E-13      0.2529870000E-10      0.1061040000E-18      0.2185710000E-07
0.1270000000E-12      0.1189210000E-09      0.3632510000E-17      0.1280710000E-06
0.6930000000E-12      0.6450890000E-09      0.1185870000E-15      0.6813760000E-06
0.6295000000E-11      0.5856290000E-08      0.6081640000E-14      0.1980100000E-05
0.1581000000E-10      0.1470800000E-07      0.3100740000E-13      0.4121830000E-05
0.3972000000E-10      0.3694960000E-07      0.1517290000E-12      0.7788630000E-05
0.9976000000E-10      0.9278060000E-07      0.7183870000E-12      0.1422460000E-04
0.2506000000E-09      0.2331300000E-06      0.3286730000E-11      0.2500930000E-04
0.6294000000E-09      0.5856290000E-06      0.1446760000E-10      0.4207890000E-04
0.1581000000E-08      0.1470800000E-05      0.6088500000E-10      0.6739699893E-04
0.3972000000E-08      0.3695520000E-05      0.2441020000E-09      0.8516180000E-04
0.5000000000E-08      0.4651930000E-05      0.3282360000E-09      0.1052360000E-03
0.9976000000E-08      0.9283670000E-05      0.8956430000E-09      0.1422520000E-03
0.1990000000E-07      0.1852250000E-04      0.2392340000E-08      0.1863930000E-03
0.3972000000E-07      0.3696080000E-04      0.6278870000E-08      0.2408930000E-03
0.7924000000E-07      0.7376450000E-04      0.1625270000E-07      0.3085620000E-03
0.1581000000E-06      0.1471920000E-03      0.4166770000E-07      0.3417580000E-03
0.1990000000E-06      0.1853370000E-03      0.5453750000E-07      0.3860480000E-03
0.3155000000E-06      0.2937680000E-03      0.1016730000E-06      0.4315500000E-03
0.5000000000E-06      0.4656420000E-03      0.1890530000E-06      0.4889620000E-03
0.6294000000E-06      0.5861890000E-03      0.2577080000E-06      0.5509610000E-03
0.7924000000E-06      0.7382060000E-03      0.3143180000E-06      0.6137740000E-03
0.9976000000E-06      0.9294890000E-03      0.4281610000E-06      0.6540150000E-03
0.1581000000E-05      0.1470000000E-02      0.7939080000E-06      0.7285460000E-03
0.2506000000E-05      0.2340000000E-02      0.1470480000E-05      0.8500470000E-03
0.3972000000E-05      0.3700000000E-02      0.2722510000E-05      0.8906300000E-03
0.5000000000E-05      0.4660000000E-02      0.3533890000E-05      0.9510480000E-03
0.6294000000E-05      0.5870000000E-02      0.4807140000E-05      0.1100000000E-02
0.7924000000E-05      0.7390000000E-02      0.6541010000E-05      0.1180000000E-02
0.9976000000E-05      0.9310000000E-02      0.8894020000E-05      0.1280000000E-02
0.1256000000E-04      0.1172000000E-01      0.1209590000E-04      0.1300000000E-02
0.1581000000E-04      0.1476000000E-01      0.1562230000E-04      0.1320000000E-02
0.1990000000E-04      0.1858000000E-01      0.2124580000E-04      0.1390000000E-02
0.2506000000E-04      0.2340000000E-01      0.2888530000E-04      0.1470000000E-02
0.3155000000E-04      0.2947000000E-01      0.3713020000E-04      0.1550000000E-02
0.3972000000E-04      0.3712000000E-01      0.5048680000E-04      0.1820000000E-02
0.5000000000E-04      0.4674000000E-01      0.6865560000E-04      0.1960000000E-02
0.6294000000E-04      0.5884000000E-01      0.9330920000E-04      0.2110000000E-02
0.7924000000E-04      0.7416000000E-01      0.1268880000E-03      0.2150000000E-02
0.9976000000E-04      0.9334000000E-01      0.1620900000E-03      0.2190000000E-02
0.1105000000E-03      0.1034400000E+00      0.1805020000E-03      0.2220000000E-02
0.1256000000E-03      0.1175700000E+00      0.2053430000E-03      0.2270000000E-02
0.1581000000E-03      0.1480900000E+00      0.2791790000E-03      0.2300000000E-02
0.1990000000E-03      0.1865100000E+00      0.3630010000E-03      0.2350000000E-02
0.2506000000E-03      0.2349200000E+00      0.4704780000E-03      0.2420000000E-02
0.2572000000E-03      0.2411500000E+00      0.4871430000E-03      0.1640000000E-02
0.2670000000E-03      0.2502100000E+00      0.4925360000E-03      0.6323770000E-03
0.3126000000E-03      0.2932300000E+00      0.5213460000E-03      0.6351150000E-03
0.3951000000E-03      0.3707800000E+00      0.5679160000E-03      0.6395500000E-03
0.4759000000E-03      0.4467600000E+00      0.6136960000E-03      0.6456670000E-03
0.5812000000E-03      0.5456200000E+00      0.6758550000E-03      0.6505920000E-03
0.7143000000E-03      0.6709200000E+00      0.7601150000E-03      0.7025890000E-03
0.8786000000E-03      0.8252300000E+00      0.8731850000E-03      0.7646840000E-03
0.1077000000E-02      0.1012500000E+01      0.1020000000E-02      0.8354260000E-03
0.1314000000E-02      0.1235290000E+01      0.1220000000E-02      0.9276850000E-03
0.1748000000E-02      0.1643560000E+01      0.1620000000E-02      0.1000000000E-02
0.2000000000E-02      0.1880850000E+01      0.2000000000E-02      0.1100000000E-02
0.4000000000E-02      0.3764610000E+01      0.4510000000E-02      0.1460000000E-02
0.6000000000E-02      0.5649800000E+01      0.7500000000E-02      0.1680000000E-02
0.8000000000E-02      0.7536070000E+01      0.1086000000E-01      0.1880000000E-02
0.1000000000E-01      0.9423230000E+01      0.1458000000E-01      0.2070000000E-02
0.1200000000E-01      0.1131116000E+02      0.1867000000E-01      0.2280000000E-02
0.1400000000E-01      0.1319982000E+02      0.2318000000E-01      0.2510000000E-02
0.1600000000E-01      0.1508915000E+02      0.2814000000E-01      0.2760000000E-02
0.1800000000E-01      0.1697914000E+02      0.3361000000E-01      0.3040000000E-02
0.2000000000E-01      0.1886976000E+02      0.3965000000E-01      0.3340000000E-02
0.2200000000E-01      0.2076101000E+02      0.4624000000E-01      0.3660000000E-02
0.2400000000E-01      0.2265290000E+02      0.5348000000E-01      0.3990000000E-02
0.2600000000E-01      0.2454541000E+02      0.6133000000E-01      0.4330000000E-02
0.2800000000E-01      0.2643855000E+02      0.6988000000E-01      0.4680000000E-02
0.3000000000E-01      0.2833233000E+02      0.7906000000E-01      0.5030000000E-02
0.3200000000E-01      0.3022674000E+02      0.8895000000E-01      0.5390000000E-02
0.3400000000E-01      0.3212179000E+02      0.9948000000E-01      0.5740000000E-02
0.3600000000E-01      0.3401748000E+02      0.1107200000E+00      0.6090000000E-02
0.3800000000E-01      0.3591381000E+02      0.1225900000E+00      0.6440000000E-02
0.4000000000E-01      0.3781078000E+02      0.1351400000E+00      0.6790000000E-02
0.4200000000E-01      0.3970840000E+02      0.1483400000E+00      0.7110000000E-02
0.4400000000E-01      0.4160666000E+02      0.1621100000E+00      0.7420000000E-02
0.4600000000E-01      0.4350556000E+02      0.1765200000E+00      0.7740000000E-02
0.4800000000E-01      0.4540510000E+02      0.1915000000E+00      0.8040000000E-02
0.5000000000E-01      0.4730528000E+02      0.2070600000E+00      0.8310000000E-02
0.5200000000E-01      0.4920608000E+02      0.2230900000E+00      0.8580000000E-02
0.5400000000E-01      0.5110752000E+02      0.2396900000E+00      0.8870000000E-02
0.5600000000E-01      0.5300958000E+02      0.2568200000E+00      0.9120000000E-02
0.5800000000E-01      0.5491227000E+02      0.2743700000E+00      0.9340000000E-02
0.6000000000E-01      0.5681556000E+02      0.2923800000E+00      0.9690000000E-02
0.6200000000E-01      0.5871946000E+02      0.3101200000E+00      0.1002000000E-01
0.6400000000E-01      0.6062394000E+02      0.3290400000E+00      0.1028000000E-01
0.6600000000E-01      0.6252904000E+02      0.3483400000E+00      0.1069000000E-01
0.6800000000E-01      0.6443473000E+02      0.3679800000E+00      0.1101000000E-01
0.7000000000E-01      0.6634095000E+02      0.3861300000E+00      0.1136000000E-01
0.8400000000E-01      0.7971880277E+02      0.3866939890E+00      0.9142937606E-02
0.8600000000E-01      0.8162628535E+02      0.4044983607E+00      0.9522496435E-02
0.8800000000E-01      0.8353419065E+02      0.4230596953E+00      0.9932059619E-02
0.9000000000E-01      0.8544252693E+02      0.4424380466E+00      0.1037406453E-01
0.9200000000E-01      0.8735130348E+02      0.4626982002E+00      0.1085096551E-01
0.9400000000E-01      0.8926053063E+02      0.4839097053E+00      0.1136522365E-01
0.9600000000E-01      0.9117021983E+02      0.5061468866E+00      0.1191929746E-01
0.9800000000E-01      0.9308038362E+02      0.5294888404E+00      0.1251563402E-01
0.1000000000E+00      0.9499103572E+02      0.5540194153E+00      0.1315666072E-01
0.1020000000E+00      0.9690219099E+02      0.5798271782E+00      0.1384477723E-01
0.1040000000E+00      0.9881386552E+02      0.6070053662E+00      0.1458234842E-01
0.1060000000E+00      0.1007260766E+03      0.6356518262E+00      0.1537169729E-01
0.1080000000E+00      0.1026388428E+03      0.6658689434E+00      0.1621509861E-01
0.1100000000E+00      0.1045521839E+03      0.6977635561E+00      0.1711477286E-01
0.1120000000E+00      0.1064661208E+03      0.7314468649E+00      0.1807288069E-01
0.1140000000E+00      0.1083806761E+03      0.7670343283E+00      0.1909151770E-01
0.1160000000E+00      0.1102958712E+03      0.8043232589E+00      0.1988820328E-01
0.1180000000E+00      0.1122117240E+03      0.8434073923E+00      0.2091071507E-01
0.1200000000E+00      0.1141282564E+03      0.8845700671E+00      0.2203516247E-01
0.1220000000E+00      0.1160454935E+03      0.9279887627E+00      0.2324485041E-01
0.1240000000E+00      0.1179634618E+03      0.9738233221E+00      0.2453462429E-01
0.1260000000E+00      0.1198821898E+03      0.1022227776E+01      0.2590260379E-01
0.1280000000E+00      0.1218017075E+03      0.1073354348E+01      0.2734822402E-01
0.1300000000E+00      0.1237220462E+03      0.1127355209E+01      0.2887153884E-01
0.1320000000E+00      0.1256432387E+03      0.1184383348E+01      0.3046907835E-01
0.1340000000E+00      0.1275653191E+03      0.1244593019E+01      0.3214894043E-01
0.1360000000E+00      0.1294883227E+03      0.1308139980E+01      0.3390797010E-01
0.1380000000E+00      0.1314122863E+03      0.1375181584E+01      0.3574677076E-01
0.1400000000E+00      0.1333372477E+03      0.1445876807E+01      0.3766592686E-01
0.1420000000E+00      0.1352632460E+03      0.1520386213E+01      0.3966598208E-01
0.1440000000E+00      0.1371903214E+03      0.1598871888E+01      0.4174742303E-01
0.1460000000E+00      0.1391185153E+03      0.1681497348E+01      0.4391066815E-01
0.1480000000E+00      0.1410478703E+03      0.1768427532E+01      0.4616284786E-01
0.1500000000E+00      0.1429784299E+03      0.1859828278E+01      0.4848665957E-01
0.1520000000E+00      0.1449102389E+03      0.1955866783E+01      0.5089710495E-01
0.1540000000E+00      0.1468433428E+03      0.2056711071E+01      0.5339021017E-01
0.1560000000E+00      0.1487777885E+03      0.2162529944E+01      0.5596596401E-01
0.1580000000E+00      0.1507136235E+03      0.2273492833E+01      0.5862426045E-01
0.1600000000E+00      0.1526508964E+03      0.2389769641E+01      0.6136489739E-01
0.1620000000E+00      0.1545896568E+03      0.2511530591E+01      0.6418757596E-01
0.1640000000E+00      0.1565299550E+03      0.2638946066E+01      0.6709190033E-01
0.1660000000E+00      0.1584718425E+03      0.2772186262E+01      0.7007309014E-01
0.1680000000E+00      0.1604153707E+03      0.2911421963E+01      0.7314298416E-01
0.1700000000E+00      0.1623605932E+03      0.3056822559E+01      0.7628885133E-01
0.1720000000E+00      0.1643075632E+03      0.3208557672E+01      0.7951381638E-01
0.1740000000E+00      0.1662563352E+03      0.3366796127E+01      0.8281700681E-01
0.1760000000E+00      0.1682069640E+03      0.3531705973E+01      0.8619745819E-01
0.1780000000E+00      0.1701595054E+03      0.3703454326E+01      0.8965411631E-01
0.1800000000E+00      0.1721140157E+03      0.3882207222E+01      0.9318583910E-01
0.1820000000E+00      0.1740705517E+03      0.4068129467E+01      0.9679139893E-01
0.1840000000E+00      0.1760291708E+03      0.4261384496E+01      0.1004694849E+00
0.1860000000E+00      0.1779899310E+03      0.4462134231E+01      0.1042187058E+00
0.1880000000E+00      0.1799528907E+03      0.4670538941E+01      0.1080375922E+00
0.1900000000E+00      0.1819181088E+03      0.4886757111E+01      0.1119246005E+00
0.1920000000E+00      0.1838856445E+03      0.5110945308E+01      0.1158781150E+00
0.1940000000E+00      0.1858555577E+03      0.5343258062E+01      0.1198964518E+00
0.1960000000E+00      0.1878279083E+03      0.5583847735E+01      0.1239778619E+00
0.1980000000E+00      0.1898027566E+03      0.5832864414E+01      0.1281205351E+00
0.2000000000E+00      0.1917801633E+03      0.6090455791E+01      0.1323226032E+00
0.2020000000E+00      0.1937601893E+03      0.6356767063E+01      0.1365821858E+00
0.2040000000E+00      0.1957428957E+03      0.6631940821E+01      0.1408972270E+00
0.2060000000E+00      0.1977283438E+03      0.6916116963E+01      0.1452657498E+00
0.2080000000E+00      0.1997165951E+03      0.7209432599E+01      0.1496811469E+00
0.2100000000E+00      0.2017077111E+03      0.7512021962E+01      0.1541502785E+00
0.2120000000E+00      0.2037017535E+03      0.7824016335E+01      0.1586665946E+00
0.2140000000E+00      0.2056987840E+03      0.8145543968E+01      0.1632279314E+00
0.2160000000E+00      0.2076988643E+03      0.8476730020E+01      0.1678320990E+00
0.2180000000E+00      0.2097020563E+03      0.8817696485E+01      0.1724768851E+00
0.2200000000E+00      0.2117084217E+03      0.9168562144E+01      0.1771600600E+00
0.2220000000E+00      0.2137180220E+03      0.9529442511E+01      0.1818793795E+00
0.2240000000E+00      0.2157309190E+03      0.9900449786E+01      0.1866325899E+00
0.2260000000E+00      0.2177471741E+03      0.1028169282E+02      0.1914174312E+00
0.2280000000E+00      0.2197668486E+03      0.1067327707E+02      0.1962316414E+00
0.2300000000E+00      0.2217900037E+03      0.1107530460E+02      0.2010729600E+00
0.2320000000E+00      0.2238167004E+03      0.1148787402E+02      0.2059391321E+00
0.2340000000E+00      0.2258469994E+03      0.1191108050E+02      0.2108279115E+00
0.2360000000E+00      0.2278809612E+03      0.1234501574E+02      0.2157370646E+00
0.2380000000E+00      0.2299186462E+03      0.1278976798E+02      0.2206643737E+00
0.2400000000E+00      0.2319601139E+03      0.1324542213E+02      0.2256119857E+00
0.2420000000E+00      0.2340054246E+03      0.1371205921E+02      0.2305691298E+00
0.2440000000E+00      0.2360546375E+03      0.1418975722E+02      0.2355379052E+00
0.2460000000E+00      0.2381078114E+03      0.1467859057E+02      0.2405161889E+00
0.2480000000E+00      0.2401650049E+03      0.1517863024E+02      0.2455018886E+00
0.2500000000E+00      0.2422262764E+03      0.1568994385E+02      0.2504929454E+00
0.2520000000E+00      0.2442916837E+03      0.1621259562E+02      0.2554873360E+00
0.2540000000E+00      0.2463612841E+03      0.1674664645E+02      0.2604830754E+00
0.2560000000E+00      0.2484351346E+03      0.1729215392E+02      0.2654782184E+00
0.2580000000E+00      0.2505132917E+03      0.1784917237E+02      0.2704708784E+00
0.2600000000E+00      0.2525958116E+03      0.1841775290E+02      0.2754591624E+00
0.2620000000E+00      0.2546827496E+03      0.1899794347E+02      0.2804412733E+00
0.2640000000E+00      0.2567741611E+03      0.1958978889E+02      0.2854154439E+00
0.2660000000E+00      0.2588701003E+03      0.2019333091E+02      0.2903799548E+00
0.2680000000E+00      0.2609706216E+03      0.2080860825E+02      0.2953331361E+00
0.2700000000E+00      0.2630757783E+03      0.2143565670E+02      0.3002653478E+00
0.2720000000E+00      0.2651856234E+03      0.2207450910E+02      0.3051908554E+00
0.2740000000E+00      0.2673002094E+03      0.2272519550E+02      0.3101003251E+00
0.2760000000E+00      0.2694195881E+03      0.2338774315E+02      0.3149922919E+00
0.2780000000E+00      0.2715438109E+03      0.2406217659E+02      0.3198653437E+00
0.2800000000E+00      0.2736729285E+03      0.2474851771E+02      0.3247181211E+00
0.2820000000E+00      0.2758069911E+03      0.2544678582E+02      0.3295493178E+00
0.2840000000E+00      0.2779460482E+03      0.2615699773E+02      0.3343576805E+00
0.2860000000E+00      0.2800901488E+03      0.2687916780E+02      0.3391439392E+00
0.2880000000E+00      0.2822393414E+03      0.2761330801E+02      0.3439031424E+00
0.2900000000E+00      0.2843936737E+03      0.2835942803E+02      0.3486360709E+00
0.2920000000E+00      0.2865531929E+03      0.2911753532E+02      0.3533416817E+00
0.2940000000E+00      0.2887179457E+03      0.2988763516E+02      0.3580189838E+00
0.2960000000E+00      0.2908879779E+03      0.3066973073E+02      0.3626670368E+00
0.2980000000E+00      0.2930633351E+03      0.3146382320E+02      0.3672849511E+00
0.3000000000E+00      0.2952440620E+03      0.3226991179E+02      0.3718718866E+00
0.3020000000E+00      0.2974302028E+03      0.3308799382E+02      0.3764270518E+00
0.3040000000E+00      0.2996218009E+03      0.3391806480E+02      0.3809497037E+00
0.3060000000E+00      0.3018188994E+03      0.3476011850E+02      0.3854391461E+00
0.3080000000E+00      0.3040215407E+03      0.3561414701E+02      0.3898947289E+00
0.3100000000E+00      0.3062297662E+03      0.3648014083E+02      0.3943211834E+00
0.3120000000E+00      0.3084436175E+03      0.3735808884E+02      0.3987073490E+00
0.3140000000E+00      0.3106631348E+03      0.3824797852E+02      0.4030579700E+00
0.3160000000E+00      0.3128883582E+03      0.3914979590E+02      0.4073725705E+00
0.3180000000E+00      0.3151193270E+03      0.4006352566E+02      0.4116507155E+00
0.3200000000E+00      0.3173560799E+03      0.4098915119E+02      0.4158920097E+00
0.3220000000E+00      0.3195986550E+03      0.4192665465E+02      0.4200960960E+00
0.3240000000E+00      0.3218470900E+03      0.4287601703E+02      0.4242626550E+00
0.3260000000E+00      0.3241014217E+03      0.4383721820E+02      0.4283914030E+00
0.3280000000E+00      0.3263616865E+03      0.4481023697E+02      0.4324765490E+00
0.3300000000E+00      0.3286279204E+03      0.4579505117E+02      0.4365288647E+00
0.3320000000E+00      0.3309001585E+03      0.4679163766E+02      0.4405427233E+00
0.3340000000E+00      0.3331784354E+03      0.4779997242E+02      0.4445179738E+00
0.3360000000E+00      0.3354627854E+03      0.4882003059E+02      0.4484544954E+00
0.3380000000E+00      0.3377532420E+03      0.4985178649E+02      0.4523521962E+00
0.3400000000E+00      0.3400498381E+03      0.5089521372E+02      0.4562110120E+00
0.3420000000E+00      0.3423526063E+03      0.5195028519E+02      0.4600309054E+00
0.3440000000E+00      0.3446615784E+03      0.5301697314E+02      0.4638118643E+00
0.3460000000E+00      0.3469767858E+03      0.5409524919E+02      0.4675539014E+00
0.3480000000E+00      0.3492982595E+03      0.5518508443E+02      0.4712570523E+00
0.3500000000E+00      0.3516260297E+03      0.5628644941E+02      0.4749213750E+00
0.3520000000E+00      0.3539601263E+03      0.5739931417E+02      0.4785469489E+00
0.3540000000E+00      0.3563005785E+03      0.5852364835E+02      0.4821338726E+00
0.3560000000E+00      0.3586474152E+03      0.5965942115E+02      0.4856822659E+00
0.3580000000E+00      0.3610006647E+03      0.6080660141E+02      0.4891922648E+00
0.3600000000E+00      0.3633603547E+03      0.6196515763E+02      0.4926640233E+00
0.3620000000E+00      0.3657265127E+03      0.6313505799E+02      0.4960977112E+00
0.3640000000E+00      0.3680991655E+03      0.6431627044E+02      0.4994935144E+00
0.3660000000E+00      0.3704783394E+03      0.6550876263E+02      0.5028516326E+00
0.3680000000E+00      0.3728640604E+03      0.6671250204E+02      0.5061722795E+00
0.3700000000E+00      0.3752563540E+03      0.6792745595E+02      0.5094556815E+00
0.3720000000E+00      0.3776552450E+03      0.6915359148E+02      0.5127020771E+00
0.3740000000E+00      0.3800607582E+03      0.7039087563E+02      0.5159117159E+00
0.3760000000E+00      0.3824729175E+03      0.7163927527E+02      0.5190848581E+00
0.3780000000E+00      0.3848917468E+03      0.7289875722E+02      0.5222217735E+00
0.3800000000E+00      0.3873172692E+03      0.7416928821E+02      0.5253227410E+00
0.3820000000E+00      0.3897495076E+03      0.7545083494E+02      0.5283880481E+00
0.3840000000E+00      0.3921884844E+03      0.7674336410E+02      0.5314179898E+00
0.3860000000E+00      0.3946342216E+03      0.7804684237E+02      0.5344128683E+00
0.3880000000E+00      0.3970867409E+03      0.7936123645E+02      0.5373729924E+00
0.3900000000E+00      0.3995460634E+03      0.8068651309E+02      0.5402986768E+00
0.3920000000E+00      0.4020122101E+03      0.8202263908E+02      0.5431902416E+00
0.3940000000E+00      0.4044852013E+03      0.8336958128E+02      0.5460480119E+00
0.3960000000E+00      0.4069650572E+03      0.8472730664E+02      0.5488723171E+00
0.3980000000E+00      0.4094517973E+03      0.8609578223E+02      0.5516634904E+00
0.4000000000E+00      0.4119454412E+03      0.8747497519E+02      0.5544218687E+00
0.4020000000E+00      0.4144460078E+03      0.8886485282E+02      0.5571477918E+00
0.4040000000E+00      0.4169535156E+03      0.9026538254E+02      0.5598416021E+00
0.4060000000E+00      0.4194679831E+03      0.9167653193E+02      0.5625036441E+00
0.4080000000E+00      0.4219894281E+03      0.9309826872E+02      0.5651342644E+00
0.4100000000E+00      0.4245178683E+03      0.9453056083E+02      0.5677338107E+00
0.4120000000E+00      0.4270533210E+03      0.9597337634E+02      0.5703026323E+00
0.4140000000E+00      0.4295958030E+03      0.9742668352E+02      0.5728410788E+00
0.4160000000E+00      0.4321453312E+03      0.9889045084E+02      0.5753495006E+00
0.4180000000E+00      0.4347019217E+03      0.1003646470E+03      0.5778282483E+00
0.4200000000E+00      0.4372655907E+03      0.1018492408E+03      0.5802776724E+00
0.4220000000E+00      0.4398363539E+03      0.1033442015E+03      0.5826981231E+00
0.4240000000E+00      0.4424142267E+03      0.1048494983E+03      0.5850899498E+00
0.4260000000E+00      0.4449992242E+03      0.1063651008E+03      0.5874535015E+00
0.4280000000E+00      0.4475913614E+03      0.1078909787E+03      0.5897891259E+00
0.4300000000E+00      0.4501906528E+03      0.1094271022E+03      0.5920971722E+00
0.4320000000E+00      0.4527971127E+03      0.1109734416E+03      0.5943779805E+00
0.4340000000E+00      0.4554107551E+03      0.1125299672E+03      0.5966318968E+00
0.4360000000E+00      0.4580315939E+03      0.1140966500E+03      0.5988592630E+00
0.4380000000E+00      0.4606596426E+03      0.1156734609E+03      0.6010604189E+00
0.4400000000E+00      0.4632949143E+03      0.1172603712E+03      0.6032357026E+00
0.4420000000E+00      0.4659374222E+03      0.1188573526E+03      0.6053854495E+00
0.4440000000E+00      0.4685871789E+03      0.1204643768E+03      0.6075099931E+00
0.4460000000E+00      0.4712441971E+03      0.1220814159E+03      0.6096096643E+00
0.4480000000E+00      0.4739084889E+03      0.1237084422E+03      0.6116847915E+00
0.4500000000E+00      0.4765800665E+03      0.1253454285E+03      0.6137357003E+00
0.4520000000E+00      0.4792589417E+03      0.1269923475E+03      0.6157627138E+00
0.4540000000E+00      0.4819451260E+03      0.1286491724E+03      0.6177661521E+00
0.4560000000E+00      0.4846386309E+03      0.1303158767E+03      0.6197463324E+00
0.4580000000E+00      0.4873394675E+03      0.1319924341E+03      0.6217035692E+00
0.4600000000E+00      0.4900476468E+03      0.1336788186E+03      0.6236381737E+00
0.4620000000E+00      0.4927631794E+03      0.1353750044E+03      0.6255504539E+00
0.4640000000E+00      0.4954860761E+03      0.1370809661E+03      0.6274407151E+00
0.4660000000E+00      0.4982163470E+03      0.1387966784E+03      0.6293092590E+00
0.4680000000E+00      0.5009540024E+03      0.1405221164E+03      0.6311563842E+00
0.4700000000E+00      0.5036990522E+03      0.1422572555E+03      0.6329823862E+00
0.4720000000E+00      0.5064515061E+03      0.1440020712E+03      0.6347875570E+00
0.4740000000E+00      0.5092113738E+03      0.1457565396E+03      0.6365721853E+00
0.4760000000E+00      0.5119786646E+03      0.1475206367E+03      0.6383365566E+00
0.4780000000E+00      0.5147533878E+03      0.1492943390E+03      0.6400809530E+00
0.4800000000E+00      0.5175355523E+03      0.1510776231E+03      0.6418056531E+00
0.4820000000E+00      0.5203251672E+03      0.1528704660E+03      0.6435109323E+00
0.4840000000E+00      0.5231222409E+03      0.1546728450E+03      0.6451970624E+00
0.4860000000E+00      0.5259267823E+03      0.1564847375E+03      0.6468643120E+00
0.4880000000E+00      0.5287387994E+03      0.1583061213E+03      0.6485129463E+00
0.4900000000E+00      0.5315583007E+03      0.1601369744E+03      0.6501432270E+00
0.4920000000E+00      0.5343852941E+03      0.1619772751E+03      0.6517554124E+00
0.4940000000E+00      0.5372197876E+03      0.1638270019E+03      0.6533497577E+00
0.4960000000E+00      0.5400617889E+03      0.1656861336E+03      0.6549265143E+00
0.4980000000E+00      0.5429113056E+03      0.1675546491E+03      0.6564859305E+00
0.5000000000E+00      0.5457683452E+03      0.1694325280E+03      0.6580282514E+00
0.5020000000E+00      0.5486329150E+03      0.1713197495E+03      0.6595537185E+00
0.5040000000E+00      0.5515050222E+03      0.1732162936E+03      0.6610625701E+00
0.5060000000E+00      0.5543846738E+03      0.1751221403E+03      0.6625550412E+00
0.5080000000E+00      0.5572718768E+03      0.1770372698E+03      0.6640313635E+00
0.5100000000E+00      0.5601666379E+03      0.1789616626E+03      0.6654917657E+00
0.5120000000E+00      0.5630689637E+03      0.1808952996E+03      0.6669364729E+00
0.5140000000E+00      0.5659788608E+03      0.1828381616E+03      0.6683657072E+00
0.5160000000E+00      0.5688963356E+03      0.1847902300E+03      0.6697796876E+00
0.5180000000E+00      0.5718213944E+03      0.1867514861E+03      0.6711786298E+00
0.5200000000E+00      0.5747540433E+03      0.1887219117E+03      0.6725627465E+00
0.5220000000E+00      0.5776942884E+03      0.1907014887E+03      0.6739322472E+00
0.5240000000E+00      0.5806421355E+03      0.1926901992E+03      0.6752873415E+00
0.5260000000E+00      0.5835975906E+03      0.1946880256E+03      0.6766282269E+00
0.5280000000E+00      0.5865606592E+03      0.1966949504E+03      0.6779551069E+00
0.5300000000E+00      0.5895313470E+03      0.1987109565E+03      0.6792681790E+00
0.5320000000E+00      0.5925096595E+03      0.2007360269E+03      0.6805676377E+00
0.5340000000E+00      0.5954956021E+03      0.2027701447E+03      0.6818536749E+00
0.5360000000E+00      0.5984891800E+03      0.2048132935E+03      0.6831264793E+00
0.5380000000E+00      0.6014903984E+03      0.2068654568E+03      0.6843862369E+00
0.5400000000E+00      0.6044992623E+03      0.2089266186E+03      0.6856331310E+00
0.5420000000E+00      0.6075157769E+03      0.2109967629E+03      0.6868673419E+00
0.5440000000E+00      0.6105399469E+03      0.2130758740E+03      0.6880890474E+00
0.5460000000E+00      0.6135717772E+03      0.2151639362E+03      0.6892984224E+00
0.5480000000E+00      0.6166112724E+03      0.2172609343E+03      0.6904956393E+00
0.5500000000E+00      0.6196584371E+03      0.2193668531E+03      0.6916808678E+00
0.5520000000E+00      0.6227132760E+03      0.2214816777E+03      0.6928542751E+00
0.5540000000E+00      0.6257757933E+03      0.2236053933E+03      0.6940160255E+00
0.5560000000E+00      0.6288459936E+03      0.2257379852E+03      0.6951662813E+00
0.5580000000E+00      0.6319238809E+03      0.2278794391E+03      0.6963052018E+00
0.5600000000E+00      0.6350094596E+03      0.2300297409E+03      0.6974329442E+00
0.5620000000E+00      0.6381027337E+03      0.2321888764E+03      0.6985496630E+00
0.5640000000E+00      0.6412037073E+03      0.2343568317E+03      0.6996555106E+00
0.5660000000E+00      0.6443123842E+03      0.2365335933E+03      0.7007506367E+00
0.5680000000E+00      0.6474287684E+03      0.2387191476E+03      0.7018351891E+00
0.5700000000E+00      0.6505528638E+03      0.2409134813E+03      0.7029093128E+00
0.5720000000E+00      0.6536846739E+03      0.2431165812E+03      0.7039731510E+00
0.5740000000E+00      0.6568242024E+03      0.2453284342E+03      0.7050268443E+00
0.5760000000E+00      0.6599714530E+03      0.2475490277E+03      0.7060705315E+00
0.5780000000E+00      0.6631264291E+03      0.2497783488E+03      0.7071043489E+00
0.5800000000E+00      0.6662891343E+03      0.2520163852E+03      0.7081284307E+00
0.5820000000E+00      0.6694595718E+03      0.2542631243E+03      0.7091429093E+00
0.5840000000E+00      0.6726377449E+03      0.2565185542E+03      0.7101479147E+00
0.5860000000E+00      0.6758236571E+03      0.2587826626E+03      0.7111435750E+00
0.5880000000E+00      0.6790173113E+03      0.2610554377E+03      0.7121300163E+00
0.5900000000E+00      0.6822187108E+03      0.2633368678E+03      0.7131073628E+00
0.5920000000E+00      0.6854278586E+03      0.2656269413E+03      0.7140757365E+00
0.5940000000E+00      0.6886447577E+03      0.2679256467E+03      0.7150352578E+00
0.5960000000E+00      0.6918694111E+03      0.2702329728E+03      0.7159860451E+00
0.5980000000E+00      0.6951018217E+03      0.2725489083E+03      0.7169282149E+00
0.6000000000E+00      0.6983419922E+03      0.2748734423E+03      0.7178618818E+00
0.6020000000E+00      0.7015899255E+03      0.2772065639E+03      0.7187871588E+00
0.6040000000E+00      0.7048456243E+03      0.2795482623E+03      0.7197041571E+00
0.6060000000E+00      0.7081090912E+03      0.2818985270E+03      0.7206129859E+00
0.6080000000E+00      0.7113803289E+03      0.2842573474E+03      0.7215137531E+00
0.6100000000E+00      0.7146593399E+03      0.2866247133E+03      0.7224065645E+00
0.6120000000E+00      0.7179461268E+03      0.2890006143E+03      0.7232915246E+00
0.6140000000E+00      0.7212406920E+03      0.2913850404E+03      0.7241687361E+00
0.6160000000E+00      0.7245430379E+03      0.2937779817E+03      0.7250383000E+00
0.6180000000E+00      0.7278531669E+03      0.2961794284E+03      0.7259003160E+00
0.6200000000E+00      0.7311710813E+03      0.2985893706E+03      0.7267548819E+00
0.6220000000E+00      0.7344967835E+03      0.3010077988E+03      0.7276020943E+00
0.6240000000E+00      0.7378302755E+03      0.3034347036E+03      0.7284420480E+00
0.6260000000E+00      0.7411715597E+03      0.3058700755E+03      0.7292748366E+00
0.6280000000E+00      0.7445206381E+03      0.3083139053E+03      0.7301005520E+00
0.6300000000E+00      0.7478775129E+03      0.3107661840E+03      0.7309192848E+00
0.6320000000E+00      0.7512421861E+03      0.3132269025E+03      0.7317311243E+00
0.6340000000E+00      0.7546146597E+03      0.3156960518E+03      0.7325361581E+00
0.6360000000E+00      0.7579949357E+03      0.3181736232E+03      0.7333344728E+00
0.6380000000E+00      0.7613830160E+03      0.3206596080E+03      0.7341261533E+00
0.6400000000E+00      0.7647789026E+03      0.3231539976E+03      0.7349112836E+00
0.6420000000E+00      0.7681825973E+03      0.3256567835E+03      0.7356899460E+00
0.6440000000E+00      0.7715941019E+03      0.3281679575E+03      0.7364622218E+00
0.6460000000E+00      0.7750134181E+03      0.3306875110E+03      0.7372281909E+00
0.6480000000E+00      0.7784405478E+03      0.3332154362E+03      0.7379879340E+00
0.6500000000E+00      0.7818754927E+03      0.3357517247E+03      0.7387415246E+00
0.6520000000E+00      0.7853182543E+03      0.3382963687E+03      0.7394890411E+00
0.6540000000E+00      0.7887688344E+03      0.3408493603E+03      0.7402305586E+00
0.6560000000E+00      0.7922272346E+03      0.3434106917E+03      0.7409661510E+00
0.6580000000E+00      0.7956934565E+03      0.3459803552E+03      0.7416958913E+00
0.6600000000E+00      0.7991675015E+03      0.3485583432E+03      0.7424198512E+00
0.6620000000E+00      0.8026493712E+03      0.3511446482E+03      0.7431381013E+00
0.6640000000E+00      0.8061390670E+03      0.3537392628E+03      0.7438507112E+00
0.6660000000E+00      0.8096365905E+03      0.3563421796E+03      0.7445577495E+00
0.6680000000E+00      0.8131419430E+03      0.3589533915E+03      0.7452592835E+00
0.6700000000E+00      0.8166551259E+03      0.3615728911E+03      0.7459553798E+00
0.6720000000E+00      0.8201761405E+03      0.3642006716E+03      0.7466461037E+00
0.6740000000E+00      0.8237049883E+03      0.3668367258E+03      0.7473315198E+00
0.6760000000E+00      0.8272416704E+03      0.3694810469E+03      0.7480116915E+00
0.6780000000E+00      0.8307861882E+03      0.3721336280E+03      0.7486866814E+00
0.6800000000E+00      0.8343385429E+03      0.3747944625E+03      0.7493565509E+00
0.6820000000E+00      0.8378987357E+03      0.3774635435E+03      0.7500213608E+00
0.6840000000E+00      0.8414667678E+03      0.3801408646E+03      0.7506811708E+00
0.6860000000E+00      0.8450426404E+03      0.3828264193E+03      0.7513360397E+00
0.6880000000E+00      0.8486263545E+03      0.3855202010E+03      0.7519860256E+00
0.6900000000E+00      0.8522179114E+03      0.3882222034E+03      0.7526311855E+00
0.6920000000E+00      0.8558173121E+03      0.3909324202E+03      0.7532715757E+00
0.6940000000E+00      0.8594245576E+03      0.3936508452E+03      0.7539072515E+00
0.6960000000E+00      0.8630396490E+03      0.3963774723E+03      0.7545382676E+00
0.6980000000E+00      0.8666625874E+03      0.3991122954E+03      0.7551646778E+00
0.7000000000E+00      0.8702933736E+03      0.4018553084E+03      0.7557865351E+00
0.7020000000E+00      0.8739320087E+03      0.4046065055E+03      0.7564038916E+00
0.7040000000E+00      0.8775784937E+03      0.4073658807E+03      0.7570167989E+00
0.7060000000E+00      0.8812328294E+03      0.4101334282E+03      0.7576253075E+00
0.7080000000E+00      0.8848950167E+03      0.4129091424E+03      0.7582294675E+00
0.7100000000E+00      0.8885650565E+03      0.4156930175E+03      0.7588293280E+00
0.7120000000E+00      0.8922429498E+03      0.4184850479E+03      0.7594249375E+00
0.7140000000E+00      0.8959286973E+03      0.4212852280E+03      0.7600163438E+00
0.7160000000E+00      0.8996222998E+03      0.4240935524E+03      0.7606035940E+00
0.7180000000E+00      0.9033237581E+03      0.4269100157E+03      0.7611867345E+00
0.7200000000E+00      0.9070330731E+03      0.4297346124E+03      0.7617658111E+00
0.7220000000E+00      0.9107502455E+03      0.4325673373E+03      0.7623408687E+00
0.7240000000E+00      0.9144752761E+03      0.4354081851E+03      0.7629119519E+00
0.7260000000E+00      0.9182081654E+03      0.4382571506E+03      0.7634791044E+00
0.7280000000E+00      0.9219489144E+03      0.4411142286E+03      0.7640423693E+00
0.7300000000E+00      0.9256975236E+03      0.4439794142E+03      0.7646017892E+00
0.7320000000E+00      0.9294539937E+03      0.4468527023E+03      0.7651574060E+00
0.7340000000E+00      0.9332183254E+03      0.4497340878E+03      0.7657092610E+00
0.7360000000E+00      0.9369905193E+03      0.4526235659E+03      0.7662573951E+00
0.7380000000E+00      0.9407705761E+03      0.4555211318E+03      0.7668018482E+00
0.7400000000E+00      0.9445584963E+03      0.4584267805E+03      0.7673426601E+00
0.7420000000E+00      0.9483542805E+03      0.4613405074E+03      0.7678798698E+00
0.7440000000E+00      0.9521579293E+03      0.4642623077E+03      0.7684135157E+00
0.7460000000E+00      0.9559694432E+03      0.4671921768E+03      0.7689436358E+00
0.7480000000E+00      0.9597888229E+03      0.4701301100E+03      0.7694702675E+00
0.7500000000E+00      0.9636160687E+03      0.4730761028E+03      0.7699934477E+00
0.7520000000E+00      0.9674511813E+03      0.4760301507E+03      0.7705132127E+00
0.7540000000E+00      0.9712941611E+03      0.4789922492E+03      0.7710295984E+00
0.7560000000E+00      0.9751450086E+03      0.4819623939E+03      0.7715426402E+00
0.7580000000E+00      0.9790037242E+03      0.4849405804E+03      0.7720523730E+00
0.7600000000E+00      0.9828703085E+03      0.4879268043E+03      0.7725588310E+00
0.7620000000E+00      0.9867447618E+03      0.4909210615E+03      0.7730620484E+00
0.7640000000E+00      0.9906270846E+03      0.4939233476E+03      0.7735620584E+00
0.7660000000E+00      0.9945172773E+03      0.4969336585E+03      0.7740588942E+00
0.7680000000E+00      0.9984153402E+03      0.4999519900E+03      0.7745525881E+00
0.7700000000E+00      0.1002321274E+04      0.5029783379E+03      0.7750431724E+00
0.7720000000E+00      0.1006235079E+04      0.5060126983E+03      0.7755306786E+00
0.7740000000E+00      0.1010156755E+04      0.5090550671E+03      0.7760151381E+00
0.7760000000E+00      0.1014086303E+04      0.5121054402E+03      0.7764965816E+00
0.7780000000E+00      0.1018023723E+04      0.5151638138E+03      0.7769750394E+00
0.7800000000E+00      0.1021969015E+04      0.5182301839E+03      0.7774505417E+00
0.7820000000E+00      0.1025922180E+04      0.5213045467E+03      0.7779231178E+00
0.7840000000E+00      0.1029883218E+04      0.5243868984E+03      0.7783927972E+00
0.7860000000E+00      0.1033852130E+04      0.5274772350E+03      0.7788596084E+00
0.7880000000E+00      0.1037828915E+04      0.5305755530E+03      0.7793235799E+00
0.7900000000E+00      0.1041813574E+04      0.5336818485E+03      0.7797847398E+00
0.7920000000E+00      0.1045806107E+04      0.5367961178E+03      0.7802431156E+00
0.7940000000E+00      0.1049806514E+04      0.5399183574E+03      0.7806987348E+00
0.7960000000E+00      0.1053814797E+04      0.5430485636E+03      0.7811516241E+00
0.7980000000E+00      0.1057830954E+04      0.5461867329E+03      0.7816018102E+00
0.8000000000E+00      0.1061854986E+04      0.5493328616E+03      0.7820493193E+00
0.8020000000E+00      0.1065886893E+04      0.5524869463E+03      0.7824941773E+00
0.8040000000E+00      0.1069926676E+04      0.5556489836E+03      0.7829364097E+00
0.8060000000E+00      0.1073974334E+04      0.5588189699E+03      0.7833760416E+00
0.8080000000E+00      0.1078029868E+04      0.5619969018E+03      0.7838130982E+00
0.8100000000E+00      0.1082093278E+04      0.5651827760E+03      0.7842476037E+00
0.8120000000E+00      0.1086164565E+04      0.5683765892E+03      0.7846795826E+00
0.8140000000E+00      0.1090243728E+04      0.5715783380E+03      0.7851090598E+00
0.8160000000E+00      0.1094330767E+04      0.5747880191E+03      0.7855360567E+00
0.8180000000E+00      0.1098425682E+04      0.5780056292E+03      0.7859605978E+00
0.8200000000E+00      0.1102528475E+04      0.5812311653E+03      0.7863827061E+00
0.8220000000E+00      0.1106639144E+04      0.5844646240E+03      0.7868024044E+00
0.8240000000E+00      0.1110757690E+04      0.5877060022E+03      0.7872197149E+00
0.8260000000E+00      0.1114884114E+04      0.5909552967E+03      0.7876346600E+00
0.8280000000E+00      0.1119018414E+04      0.5942125045E+03      0.7880472615E+00
0.8300000000E+00      0.1123160591E+04      0.5974776225E+03      0.7884575409E+00
0.8320000000E+00      0.1127310646E+04      0.6007506477E+03      0.7888655197E+00
0.8340000000E+00      0.1131468578E+04      0.6040315769E+03      0.7892712188E+00
0.8360000000E+00      0.1135634388E+04      0.6073204073E+03      0.7896746592E+00
0.8380000000E+00      0.1139808075E+04      0.6106171358E+03      0.7900758612E+00
0.8400000000E+00      0.1143989640E+04      0.6139217595E+03      0.7904748452E+00
0.8420000000E+00      0.1148179082E+04      0.6172342755E+03      0.7908716312E+00
0.8440000000E+00      0.1152376401E+04      0.6205546809E+03      0.7912662391E+00
0.8460000000E+00      0.1156581599E+04      0.6238829728E+03      0.7916586883E+00
0.8480000000E+00      0.1160794674E+04      0.6272191484E+03      0.7920489982E+00
0.8500000000E+00      0.1165015626E+04      0.6305632049E+03      0.7924371877E+00
0.8520000000E+00      0.1169244456E+04      0.6339151395E+03      0.7928232758E+00
0.8540000000E+00      0.1173481164E+04      0.6372749495E+03      0.7932072811E+00
0.8560000000E+00      0.1177725750E+04      0.6406426320E+03      0.7935892219E+00
0.8580000000E+00      0.1181978213E+04      0.6440181843E+03      0.7939691164E+00
0.8600000000E+00      0.1186238553E+04      0.6474016039E+03      0.7943469826E+00
0.8620000000E+00      0.1190506772E+04      0.6507928879E+03      0.7947228380E+00
0.8640000000E+00      0.1194782867E+04      0.6541920338E+03      0.7950967003E+00
0.8660000000E+00      0.1199066841E+04      0.6575990389E+03      0.7954685868E+00
0.8680000000E+00      0.1203358691E+04      0.6610139007E+03      0.7958385145E+00
0.8700000000E+00      0.1207658419E+04      0.6644366165E+03      0.7962065003E+00
0.8720000000E+00      0.1211966025E+04      0.6678671837E+03      0.7965725610E+00
0.8740000000E+00      0.1216281507E+04      0.6713055999E+03      0.7969367129E+00
0.8760000000E+00      0.1220604867E+04      0.6747518625E+03      0.7972989725E+00
0.8780000000E+00      0.1224936104E+04      0.6782059691E+03      0.7976593558E+00
0.8800000000E+00      0.1229275218E+04      0.6816679171E+03      0.7980178787E+00
0.8820000000E+00      0.1233622209E+04      0.6851377040E+03      0.7983745570E+00
0.8840000000E+00      0.1237977077E+04      0.6886153276E+03      0.7987294062E+00
0.8860000000E+00      0.1242339822E+04      0.6921007852E+03      0.7990824417E+00
0.8880000000E+00      0.1246710444E+04      0.6955940746E+03      0.7994336786E+00
0.8900000000E+00      0.1251088942E+04      0.6990951934E+03      0.7997831321E+00
0.8920000000E+00      0.1255475316E+04      0.7026041392E+03      0.8001308168E+00
0.8940000000E+00      0.1259869567E+04      0.7061209096E+03      0.8004767475E+00
0.8960000000E+00      0.1264271694E+04      0.7096455024E+03      0.8008209388E+00
0.8980000000E+00      0.1268681697E+04      0.7131779152E+03      0.8011634049E+00
0.9000000000E+00      0.1273099576E+04      0.7167181458E+03      0.8015041599E+00
0.9020000000E+00      0.1277525331E+04      0.7202661919E+03      0.8018432180E+00
0.9040000000E+00      0.1281958962E+04      0.7238220512E+03      0.8021805930E+00
0.9060000000E+00      0.1286400469E+04      0.7273857216E+03      0.8025162986E+00
0.9080000000E+00      0.1290849850E+04      0.7309572007E+03      0.8028503483E+00
0.9100000000E+00      0.1295307108E+04      0.7345364865E+03      0.8031827555E+00
0.9120000000E+00      0.1299772240E+04      0.7381235767E+03      0.8035135335E+00
0.9140000000E+00      0.1304245247E+04      0.7417184692E+03      0.8038426953E+00
0.9160000000E+00      0.1308726129E+04      0.7453211617E+03      0.8041702539E+00
0.9180000000E+00      0.1313214886E+04      0.7489316523E+03      0.8044962222E+00
0.9200000000E+00      0.1317711517E+04      0.7525499388E+03      0.8048206127E+00
0.9220000000E+00      0.1322216022E+04      0.7561760190E+03      0.8051434381E+00
0.9240000000E+00      0.1326728402E+04      0.7598098909E+03      0.8054647107E+00
0.9260000000E+00      0.1331248656E+04      0.7634515525E+03      0.8057844427E+00
0.9280000000E+00      0.1335776783E+04      0.7671010017E+03      0.8061026462E+00
0.9300000000E+00      0.1340312784E+04      0.7707582364E+03      0.8064193334E+00
0.9320000000E+00      0.1344856658E+04      0.7744232547E+03      0.8067345160E+00
0.9340000000E+00      0.1349408406E+04      0.7780960545E+03      0.8070482057E+00
0.9360000000E+00      0.1353968026E+04      0.7817766338E+03      0.8073604142E+00
0.9380000000E+00      0.1358535520E+04      0.7854649907E+03      0.8076711529E+00
0.9400000000E+00      0.1363110886E+04      0.7891611233E+03      0.8079804332E+00
0.9420000000E+00      0.1367694124E+04      0.7928650294E+03      0.8082882663E+00
0.9440000000E+00      0.1372285234E+04      0.7965767074E+03      0.8085946634E+00
0.9460000000E+00      0.1376884217E+04      0.8002961551E+03      0.8088996354E+00
0.9480000000E+00      0.1381491071E+04      0.8040233708E+03      0.8092031932E+00
0.9500000000E+00      0.1386105797E+04      0.8077583524E+03      0.8095053477E+00
0.9520000000E+00      0.1390728394E+04      0.8115010983E+03      0.8098061093E+00
0.9540000000E+00      0.1395358862E+04      0.8152516064E+03      0.8101054887E+00
0.9560000000E+00      0.1399997201E+04      0.8190098749E+03      0.8104034964E+00
0.9580000000E+00      0.1404643410E+04      0.8227759021E+03      0.8107001425E+00
0.9600000000E+00      0.1409297490E+04      0.8265496860E+03      0.8109954374E+00
0.9620000000E+00      0.1413959440E+04      0.8303312249E+03      0.8112893912E+00
0.9640000000E+00      0.1418629260E+04      0.8341205169E+03      0.8115820138E+00
0.9660000000E+00      0.1423306949E+04      0.8379175604E+03      0.8118733151E+00
0.9680000000E+00      0.1427992508E+04      0.8417223534E+03      0.8121633050E+00
0.9700000000E+00      0.1432685936E+04      0.8455348943E+03      0.8124519932E+00
0.9720000000E+00      0.1437387233E+04      0.8493551813E+03      0.8127393892E+00
0.9740000000E+00      0.1442096399E+04      0.8531832127E+03      0.8130255025E+00
0.9760000000E+00      0.1446813433E+04      0.8570189867E+03      0.8133103426E+00
0.9780000000E+00      0.1451538335E+04      0.8608625017E+03      0.8135939188E+00
0.9800000000E+00      0.1456271105E+04      0.8647137558E+03      0.8138762402E+00
0.9820000000E+00      0.1461011742E+04      0.8685727476E+03      0.8141573160E+00
0.9840000000E+00      0.1465760247E+04      0.8724394751E+03      0.8144371553E+00
0.9860000000E+00      0.1470516619E+04      0.8763139369E+03      0.8147157669E+00
0.9880000000E+00      0.1475280858E+04      0.8801961312E+03      0.8149931598E+00
0.9900000000E+00      0.1480052963E+04      0.8840860564E+03      0.8152693426E+00
0.9920000000E+00      0.1484832935E+04      0.8879837109E+03      0.8155443240E+00
0.9940000000E+00      0.1489620772E+04      0.8918890930E+03      0.8158181128E+00
0.9960000000E+00      0.1494416475E+04      0.8958022012E+03      0.8160907172E+00
0.9980000000E+00      0.1499220044E+04      0.8997230338E+03      0.8163621459E+00
0.1000000000E+01      0.1504031478E+04      0.9036515892E+03      0.8166324070E+00
0.1002000000E+01      0.1508850776E+04      0.9075878659E+03      0.8169015089E+00
0.1004000000E+01      0.1513677939E+04      0.9115318623E+03      0.8171694598E+00
0.1006000000E+01      0.1518512966E+04      0.9154835768E+03      0.8174362677E+00
0.1008000000E+01      0.1523355858E+04      0.9194430079E+03      0.8177019406E+00
0.1010000000E+01      0.1528206613E+04      0.9234101540E+03      0.8179664865E+00
0.1012000000E+01      0.1533065231E+04      0.9273850137E+03      0.8182299133E+00
0.1014000000E+01      0.1537931712E+04      0.9313675854E+03      0.8184922287E+00
0.1016000000E+01      0.1542806056E+04      0.9353578675E+03      0.8187534405E+00
0.1018000000E+01      0.1547688263E+04      0.9393558586E+03      0.8190135563E+00
0.1020000000E+01      0.1552578332E+04      0.9433615573E+03      0.8192725836E+00
0.1022000000E+01      0.1557476262E+04      0.9473749619E+03      0.8195305300E+00
0.1024000000E+01      0.1562382055E+04      0.9513960711E+03      0.8197874029E+00
0.1026000000E+01      0.1567295708E+04      0.9554248834E+03      0.8200432096E+00
0.1028000000E+01      0.1572217223E+04      0.9594613973E+03      0.8202979574E+00
0.1030000000E+01      0.1577146598E+04      0.9635056114E+03      0.8205516535E+00
0.1032000000E+01      0.1582083833E+04      0.9675575243E+03      0.8208043051E+00
0.1034000000E+01      0.1587028928E+04      0.9716171345E+03      0.8210559193E+00
0.1036000000E+01      0.1591981883E+04      0.9756844406E+03      0.8213065035E+00
0.1038000000E+01      0.1596942698E+04      0.9797594412E+03      0.8215560637E+00
0.1040000000E+01      0.1601911371E+04      0.9838421349E+03      0.8218046073E+00
0.1042000000E+01      0.1606887904E+04      0.9879325203E+03      0.8220521412E+00
0.1044000000E+01      0.1611872294E+04      0.9920305960E+03      0.8222986720E+00
0.1046000000E+01      0.1616864543E+04      0.9961363607E+03      0.8225442064E+00
0.1048000000E+01      0.1621864649E+04      0.1000249813E+04      0.8227887512E+00
0.1050000000E+01      0.1626872613E+04      0.1004370952E+04      0.8230323129E+00
0.1052000000E+01      0.1631888434E+04      0.1008499775E+04      0.8232748979E+00
0.1054000000E+01      0.1636912112E+04      0.1012636282E+04      0.8235165127E+00
0.1056000000E+01      0.1641943646E+04      0.1016780471E+04      0.8237571638E+00
0.1058000000E+01      0.1646983037E+04      0.1020932341E+04      0.8239968575E+00
0.1060000000E+01      0.1652030283E+04      0.1025091891E+04      0.8242356000E+00
0.1062000000E+01      0.1657085384E+04      0.1029259119E+04      0.8244733975E+00
0.1064000000E+01      0.1662148341E+04      0.1033434024E+04      0.8247102563E+00
0.1066000000E+01      0.1667219152E+04      0.1037616604E+04      0.8249461824E+00
0.1068000000E+01      0.1672297818E+04      0.1041806859E+04      0.8251811820E+00
0.1070000000E+01      0.1677384338E+04      0.1046004787E+04      0.8254152609E+00
0.1072000000E+01      0.1682478712E+04      0.1050210387E+04      0.8256484252E+00
0.1074000000E+01      0.1687580939E+04      0.1054423657E+04      0.8258806807E+00
0.1076000000E+01      0.1692691020E+04      0.1058644597E+04      0.8261120333E+00
0.1078000000E+01      0.1697808953E+04      0.1062873205E+04      0.8263424888E+00
0.1080000000E+01      0.1702934738E+04      0.1067109479E+04      0.8265720529E+00
0.1082000000E+01      0.1708068376E+04      0.1071353419E+04      0.8268007313E+00
0.1084000000E+01      0.1713209865E+04      0.1075605024E+04      0.8270285296E+00
0.1086000000E+01      0.1718359205E+04      0.1079864292E+04      0.8272554535E+00
0.1088000000E+01      0.1723516397E+04      0.1084131221E+04      0.8274815085E+00
0.1090000000E+01      0.1728681439E+04      0.1088405812E+04      0.8277067001E+00
0.1092000000E+01      0.1733854332E+04      0.1092688062E+04      0.8279310337E+00
0.1094000000E+01      0.1739035074E+04      0.1096977970E+04      0.8281545146E+00
0.1096000000E+01      0.1744223666E+04      0.1101275535E+04      0.8283771484E+00
0.1098000000E+01      0.1749420108E+04      0.1105580757E+04      0.8285989403E+00
0.1100000000E+01      0.1754624398E+04      0.1109893633E+04      0.8288198954E+00
0.1102000000E+01      0.1759836537E+04      0.1114214162E+04      0.8290400192E+00
0.1104000000E+01      0.1765056524E+04      0.1118542345E+04      0.8292593167E+00
0.1106000000E+01      0.1770284359E+04      0.1122878178E+04      0.8294777930E+00
0.1108000000E+01      0.1775520041E+04      0.1127221662E+04      0.8296954532E+00
0.1110000000E+01      0.1780763570E+04      0.1131572795E+04      0.8299123025E+00
0.1112000000E+01      0.1786014947E+04      0.1135931575E+04      0.8301283456E+00
0.1114000000E+01      0.1791274169E+04      0.1140298003E+04      0.8303435878E+00
0.1116000000E+01      0.1796541238E+04      0.1144672076E+04      0.8305580337E+00
0.1118000000E+01      0.1801816152E+04      0.1149053794E+04      0.8307716884E+00
0.1120000000E+01      0.1807098912E+04      0.1153443155E+04      0.8309845567E+00
0.1122000000E+01      0.1812389517E+04      0.1157840158E+04      0.8311966432E+00
0.1124000000E+01      0.1817687966E+04      0.1162244803E+04      0.8314079529E+00
0.1126000000E+01      0.1822994260E+04      0.1166657087E+04      0.8316184903E+00
0.1128000000E+01      0.1828308397E+04      0.1171077011E+04      0.8318282602E+00
0.1130000000E+01      0.1833630378E+04      0.1175504573E+04      0.8320372672E+00
0.1132000000E+01      0.1838960202E+04      0.1179939772E+04      0.8322455160E+00
0.1134000000E+01      0.1844297869E+04      0.1184382606E+04      0.8324530109E+00
0.1136000000E+01      0.1849643378E+04      0.1188833076E+04      0.8326597567E+00
0.1138000000E+01      0.1854996730E+04      0.1193291179E+04      0.8328657577E+00
0.1140000000E+01      0.1860357923E+04      0.1197756914E+04      0.8330710183E+00
0.1142000000E+01      0.1865726957E+04      0.1202230282E+04      0.8332755432E+00
0.1144000000E+01      0.1871103832E+04      0.1206711280E+04      0.8334793364E+00
0.1146000000E+01      0.1876488548E+04      0.1211199907E+04      0.8336824026E+00
0.1148000000E+01      0.1881881104E+04      0.1215696163E+04      0.8338847458E+00
0.1150000000E+01      0.1887281500E+04      0.1220200047E+04      0.8340863704E+00
0.1152000000E+01      0.1892689736E+04      0.1224711557E+04      0.8342872807E+00
0.1154000000E+01      0.1898105810E+04      0.1229230693E+04      0.8344874808E+00
0.1156000000E+01      0.1903529723E+04      0.1233757453E+04      0.8346869748E+00
0.1158000000E+01      0.1908961475E+04      0.1238291836E+04      0.8348857670E+00
0.1160000000E+01      0.1914401065E+04      0.1242833842E+04      0.8350838614E+00
0.1162000000E+01      0.1919848492E+04      0.1247383469E+04      0.8352812621E+00
0.1164000000E+01      0.1925303756E+04      0.1251940717E+04      0.8354779732E+00
0.1166000000E+01      0.1930766857E+04      0.1256505585E+04      0.8356739985E+00
0.1168000000E+01      0.1936237795E+04      0.1261078071E+04      0.8358693422E+00
0.1170000000E+01      0.1941716569E+04      0.1265658175E+04      0.8360640080E+00
0.1172000000E+01      0.1947203179E+04      0.1270245895E+04      0.8362580000E+00
0.1174000000E+01      0.1952697624E+04      0.1274841231E+04      0.8364513221E+00
0.1176000000E+01      0.1958199904E+04      0.1279444181E+04      0.8366439779E+00
0.1178000000E+01      0.1963710019E+04      0.1284054746E+04      0.8368359715E+00
0.1180000000E+01      0.1969227968E+04      0.1288672923E+04      0.8370273065E+00
0.1182000000E+01      0.1974753750E+04      0.1293298712E+04      0.8372179867E+00
0.1184000000E+01      0.1980287367E+04      0.1297932112E+04      0.8374080159E+00
0.1186000000E+01      0.1985828816E+04      0.1302573122E+04      0.8375973977E+00
0.1188000000E+01      0.1991378098E+04      0.1307221741E+04      0.8377861359E+00
0.1190000000E+01      0.1996935213E+04      0.1311877968E+04      0.8379742340E+00
0.1192000000E+01      0.2002500159E+04      0.1316541802E+04      0.8381616957E+00
0.1194000000E+01      0.2008072937E+04      0.1321213243E+04      0.8383485245E+00
0.1196000000E+01      0.2013653547E+04      0.1325892289E+04      0.8385347240E+00
0.1198000000E+01      0.2019241987E+04      0.1330578940E+04      0.8387202977E+00
0.1200000000E+01      0.2024838257E+04      0.1335273194E+04      0.8389052492E+00
