      Rhob                Epsilon              Pressure               SoundV
0.4730000000E-14      0.4409040000E-11      0.6303830000E-24      0.2528270000E-09
0.4760000000E-14      0.4431480000E-11      0.6303830000E-23      0.3286900000E-09
0.4910000000E-14      0.4571720000E-11      0.6303830000E-22      0.3811090000E-09
0.6990000000E-14      0.6506980000E-11      0.7552120000E-21      0.1661210000E-08
0.9900000000E-14      0.9199530000E-11      0.8737990000E-20      0.4506330000E-08
0.2720000000E-13      0.2529870000E-10      0.1061040000E-18      0.2185710000E-07
0.1270000000E-12      0.1189210000E-09      0.3632510000E-17      0.1280710000E-06
0.6930000000E-12      0.6450890000E-09      0.1185870000E-15      0.6813760000E-06
0.6295000000E-11      0.5856290000E-08      0.6081640000E-14      0.1980100000E-05
0.1581000000E-10      0.1470800000E-07      0.3100740000E-13      0.4121830000E-05
0.3972000000E-10      0.3694960000E-07      0.1517290000E-12      0.7788630000E-05
0.9976000000E-10      0.9278060000E-07      0.7183870000E-12      0.1422460000E-04
0.2506000000E-09      0.2331300000E-06      0.3286730000E-11      0.2500930000E-04
0.6294000000E-09      0.5856290000E-06      0.1446760000E-10      0.4207890000E-04
0.1581000000E-08      0.1470800000E-05      0.6088500000E-10      0.6739699893E-04
0.3972000000E-08      0.3695520000E-05      0.2441020000E-09      0.8516180000E-04
0.5000000000E-08      0.4651930000E-05      0.3282360000E-09      0.1052360000E-03
0.9976000000E-08      0.9283670000E-05      0.8956430000E-09      0.1422520000E-03
0.1990000000E-07      0.1852250000E-04      0.2392340000E-08      0.1863930000E-03
0.3972000000E-07      0.3696080000E-04      0.6278870000E-08      0.2408930000E-03
0.7924000000E-07      0.7376450000E-04      0.1625270000E-07      0.3085620000E-03
0.1581000000E-06      0.1471920000E-03      0.4166770000E-07      0.3417580000E-03
0.1990000000E-06      0.1853370000E-03      0.5453750000E-07      0.3860480000E-03
0.3155000000E-06      0.2937680000E-03      0.1016730000E-06      0.4315500000E-03
0.5000000000E-06      0.4656420000E-03      0.1890530000E-06      0.4889620000E-03
0.6294000000E-06      0.5861890000E-03      0.2577080000E-06      0.5509610000E-03
0.7924000000E-06      0.7382060000E-03      0.3143180000E-06      0.6137740000E-03
0.9976000000E-06      0.9294890000E-03      0.4281610000E-06      0.6540150000E-03
0.1581000000E-05      0.1470000000E-02      0.7939080000E-06      0.7285460000E-03
0.2506000000E-05      0.2340000000E-02      0.1470480000E-05      0.8500470000E-03
0.3972000000E-05      0.3700000000E-02      0.2722510000E-05      0.8906300000E-03
0.5000000000E-05      0.4660000000E-02      0.3533890000E-05      0.9510480000E-03
0.6294000000E-05      0.5870000000E-02      0.4807140000E-05      0.1100000000E-02
0.7924000000E-05      0.7390000000E-02      0.6541010000E-05      0.1180000000E-02
0.9976000000E-05      0.9310000000E-02      0.8894020000E-05      0.1280000000E-02
0.1256000000E-04      0.1172000000E-01      0.1209590000E-04      0.1300000000E-02
0.1581000000E-04      0.1476000000E-01      0.1562230000E-04      0.1320000000E-02
0.1990000000E-04      0.1858000000E-01      0.2124580000E-04      0.1390000000E-02
0.2506000000E-04      0.2340000000E-01      0.2888530000E-04      0.1470000000E-02
0.3155000000E-04      0.2947000000E-01      0.3713020000E-04      0.1550000000E-02
0.3972000000E-04      0.3712000000E-01      0.5048680000E-04      0.1820000000E-02
0.5000000000E-04      0.4674000000E-01      0.6865560000E-04      0.1960000000E-02
0.6294000000E-04      0.5884000000E-01      0.9330920000E-04      0.2110000000E-02
0.7924000000E-04      0.7416000000E-01      0.1268880000E-03      0.2150000000E-02
0.9976000000E-04      0.9334000000E-01      0.1620900000E-03      0.2190000000E-02
0.1105000000E-03      0.1034400000E+00      0.1805020000E-03      0.2220000000E-02
0.1256000000E-03      0.1175700000E+00      0.2053430000E-03      0.2270000000E-02
0.1581000000E-03      0.1480900000E+00      0.2791790000E-03      0.2300000000E-02
0.1990000000E-03      0.1865100000E+00      0.3630010000E-03      0.2350000000E-02
0.2506000000E-03      0.2349200000E+00      0.4704780000E-03      0.2420000000E-02
0.2572000000E-03      0.2411500000E+00      0.4871430000E-03      0.1640000000E-02
0.2670000000E-03      0.2502100000E+00      0.4925360000E-03      0.6323770000E-03
0.3126000000E-03      0.2932300000E+00      0.5213460000E-03      0.6351150000E-03
0.3951000000E-03      0.3707800000E+00      0.5679160000E-03      0.6395500000E-03
0.4759000000E-03      0.4467600000E+00      0.6136960000E-03      0.6456670000E-03
0.5812000000E-03      0.5456200000E+00      0.6758550000E-03      0.6505920000E-03
0.7143000000E-03      0.6709200000E+00      0.7601150000E-03      0.7025890000E-03
0.8786000000E-03      0.8252300000E+00      0.8731850000E-03      0.7646840000E-03
0.1077000000E-02      0.1012500000E+01      0.1020000000E-02      0.8354260000E-03
0.1314000000E-02      0.1235290000E+01      0.1220000000E-02      0.9276850000E-03
0.1748000000E-02      0.1643560000E+01      0.1620000000E-02      0.1000000000E-02
0.2000000000E-02      0.1880850000E+01      0.2000000000E-02      0.1100000000E-02
0.4000000000E-02      0.3764610000E+01      0.4510000000E-02      0.1460000000E-02
0.6000000000E-02      0.5649800000E+01      0.7500000000E-02      0.1680000000E-02
0.8000000000E-02      0.7536070000E+01      0.1086000000E-01      0.1880000000E-02
0.1000000000E-01      0.9423230000E+01      0.1458000000E-01      0.2070000000E-02
0.1200000000E-01      0.1131116000E+02      0.1867000000E-01      0.2280000000E-02
0.1400000000E-01      0.1319982000E+02      0.2318000000E-01      0.2510000000E-02
0.1600000000E-01      0.1508915000E+02      0.2814000000E-01      0.2760000000E-02
0.1800000000E-01      0.1697914000E+02      0.3361000000E-01      0.3040000000E-02
0.2000000000E-01      0.1886976000E+02      0.3965000000E-01      0.3340000000E-02
0.2200000000E-01      0.2076101000E+02      0.4624000000E-01      0.3660000000E-02
0.2400000000E-01      0.2265290000E+02      0.5348000000E-01      0.3990000000E-02
0.2600000000E-01      0.2454541000E+02      0.6133000000E-01      0.4330000000E-02
0.2800000000E-01      0.2643855000E+02      0.6988000000E-01      0.4680000000E-02
0.3000000000E-01      0.2833233000E+02      0.7906000000E-01      0.5030000000E-02
0.3200000000E-01      0.3022674000E+02      0.8895000000E-01      0.5390000000E-02
0.3400000000E-01      0.3212179000E+02      0.9948000000E-01      0.5740000000E-02
0.3600000000E-01      0.3401748000E+02      0.1107200000E+00      0.6090000000E-02
0.3800000000E-01      0.3591381000E+02      0.1225900000E+00      0.6440000000E-02
0.4000000000E-01      0.3781078000E+02      0.1351400000E+00      0.6790000000E-02
0.4200000000E-01      0.3970840000E+02      0.1483400000E+00      0.7110000000E-02
0.4400000000E-01      0.4160666000E+02      0.1621100000E+00      0.7420000000E-02
0.4600000000E-01      0.4350556000E+02      0.1765200000E+00      0.7740000000E-02
0.4800000000E-01      0.4540510000E+02      0.1915000000E+00      0.8040000000E-02
0.5000000000E-01      0.4730528000E+02      0.2070600000E+00      0.8310000000E-02
0.5200000000E-01      0.4920608000E+02      0.2230900000E+00      0.8580000000E-02
0.5400000000E-01      0.5110752000E+02      0.2396900000E+00      0.8870000000E-02
0.5600000000E-01      0.5300958000E+02      0.2568200000E+00      0.9120000000E-02
0.5800000000E-01      0.5491227000E+02      0.2743700000E+00      0.9340000000E-02
0.6000000000E-01      0.5681556000E+02      0.2923800000E+00      0.9690000000E-02
0.6200000000E-01      0.5871946000E+02      0.3101200000E+00      0.1002000000E-01
0.6400000000E-01      0.6062394000E+02      0.3290400000E+00      0.1028000000E-01
0.6600000000E-01      0.6252904000E+02      0.3483400000E+00      0.1069000000E-01
0.6800000000E-01      0.6421154131E+02      0.5663616338E+00      0.2492368581E-01
0.7000000000E-01      0.6611747515E+02      0.6148511997E+00      0.2593266321E-01
0.7200000000E-01      0.6802482225E+02      0.6652940628E+00      0.2693458107E-01
0.7400000000E-01      0.6993359750E+02      0.7176812200E+00      0.2793072363E-01
0.7600000000E-01      0.7184381476E+02      0.7720062924E+00      0.2892255800E-01
0.7800000000E-01      0.7375548702E+02      0.8282658608E+00      0.2991171144E-01
0.8000000000E-01      0.7566862659E+02      0.8864597601E+00      0.3089994990E-01
0.8200000000E-01      0.7758324516E+02      0.9465913367E+00      0.3188915828E-01
0.8400000000E-01      0.7949935401E+02      0.1008667671E+01      0.3288132206E-01
0.8600000000E-01      0.8141696408E+02      0.1072699767E+01      0.3387851026E-01
0.8800000000E-01      0.8333608612E+02      0.1138702712E+01      0.3488285994E-01
0.9000000000E-01      0.8525673075E+02      0.1206695811E+01      0.3589656177E-01
0.9200000000E-01      0.8717890863E+02      0.1276702691E+01      0.3692184708E-01
0.9400000000E-01      0.8910263050E+02      0.1348751385E+01      0.3796097573E-01
0.9600000000E-01      0.9102790728E+02      0.1422874399E+01      0.3901622541E-01
0.9800000000E-01      0.9295475018E+02      0.1499108749E+01      0.4008988133E-01
0.1000000000E+00      0.9488317074E+02      0.1577495992E+01      0.4118422842E-01
0.1020000000E+00      0.9681318091E+02      0.1658082231E+01      0.4230154160E-01
0.1040000000E+00      0.9874479313E+02      0.1740918117E+01      0.4344407955E-01
0.1060000000E+00      0.1006780204E+03      0.1826058824E+01      0.4461407774E-01
0.1080000000E+00      0.1026128762E+03      0.1913564026E+01      0.4581374254E-01
0.1100000000E+00      0.1045493749E+03      0.2003497851E+01      0.4704524582E-01
0.1120000000E+00      0.1064875312E+03      0.2095928839E+01      0.4831072010E-01
0.1140000000E+00      0.1084273511E+03      0.2189346351E+01      0.4822083819E-01
0.1160000000E+00      0.1103688149E+03      0.2283608175E+01      0.4891518540E-01
0.1180000000E+00      0.1123119175E+03      0.2379517804E+01      0.4980612747E-01
0.1200000000E+00      0.1142566618E+03      0.2477362777E+01      0.5081251411E-01
0.1220000000E+00      0.1162030543E+03      0.2577340043E+01      0.5190692862E-01
0.1240000000E+00      0.1181511044E+03      0.2679611291E+01      0.5307701565E-01
0.1260000000E+00      0.1201008235E+03      0.2784321529E+01      0.5431650985E-01
0.1280000000E+00      0.1220522248E+03      0.2891607318E+01      0.5562211101E-01
0.1300000000E+00      0.1240053235E+03      0.3001601028E+01      0.5698978999E-01
0.1320000000E+00      0.1259601360E+03      0.3114433242E+01      0.5842355732E-01
0.1340000000E+00      0.1279166803E+03      0.3230234221E+01      0.5992085944E-01
0.1360000000E+00      0.1298749759E+03      0.3349134817E+01      0.6148191217E-01
0.1380000000E+00      0.1318350436E+03      0.3471267067E+01      0.6310716686E-01
0.1400000000E+00      0.1337969055E+03      0.3596764579E+01      0.6479722346E-01
0.1420000000E+00      0.1357605851E+03      0.3725762781E+01      0.6655277169E-01
0.1440000000E+00      0.1377261068E+03      0.3858399071E+01      0.6837503225E-01
0.1460000000E+00      0.1396934968E+03      0.3994812903E+01      0.7026368131E-01
0.1480000000E+00      0.1416627821E+03      0.4135145825E+01      0.7222007368E-01
0.1500000000E+00      0.1436339910E+03      0.4279541483E+01      0.7424494244E-01
0.1520000000E+00      0.1456071530E+03      0.4428145583E+01      0.7633898768E-01
0.1540000000E+00      0.1475822987E+03      0.4581105852E+01      0.7850286629E-01
0.1560000000E+00      0.1495594599E+03      0.4738571961E+01      0.8073718386E-01
0.1580000000E+00      0.1515386696E+03      0.4900695450E+01      0.8304248790E-01
0.1600000000E+00      0.1535199617E+03      0.5067629629E+01      0.8541926264E-01
0.1620000000E+00      0.1555033712E+03      0.5239529480E+01      0.8786792406E-01
0.1640000000E+00      0.1574889343E+03      0.5416551650E+01      0.9039175590E-01
0.1660000000E+00      0.1594766882E+03      0.5598853891E+01      0.9298520882E-01
0.1680000000E+00      0.1614666711E+03      0.5786595602E+01      0.9565134922E-01
0.1700000000E+00      0.1634589221E+03      0.5979937254E+01      0.9839028765E-01
0.1720000000E+00      0.1654534813E+03      0.6179040362E+01      0.1012020523E+00
0.1740000000E+00      0.1674503899E+03      0.6384067348E+01      0.1040865872E+00
0.1760000000E+00      0.1694496899E+03      0.6595181395E+01      0.1070437506E+00
0.1780000000E+00      0.1714514242E+03      0.6812546303E+01      0.1100733142E+00
0.1800000000E+00      0.1734556365E+03      0.7036326338E+01      0.1131749622E+00
0.1820000000E+00      0.1754623717E+03      0.7266686078E+01      0.1163482905E+00
0.1840000000E+00      0.1774716751E+03      0.7503790260E+01      0.1195928063E+00
0.1860000000E+00      0.1794835930E+03      0.7747803625E+01      0.1229079284E+00
0.1880000000E+00      0.1814981725E+03      0.7998890758E+01      0.1262929865E+00
0.1900000000E+00      0.1835154618E+03      0.8257216317E+01      0.1297540394E+00
0.1920000000E+00      0.1855355086E+03      0.8522943327E+01      0.1332765152E+00
0.1940000000E+00      0.1875583627E+03      0.8796235346E+01      0.1368663887E+00
0.1960000000E+00      0.1895840738E+03      0.9077254750E+01      0.1405202351E+00
0.1980000000E+00      0.1916126924E+03      0.9366162968E+01      0.1442418435E+00
0.2000000000E+00      0.1936442698E+03      0.9663120320E+01      0.1480275395E+00
0.2020000000E+00      0.1956788575E+03      0.9968285862E+01      0.1518760548E+00
0.2040000000E+00      0.1977165079E+03      0.1028181723E+02      0.1557860421E+00
0.2060000000E+00      0.1997572737E+03      0.1060387050E+02      0.1597560766E+00
0.2080000000E+00      0.2018012081E+03      0.1093460002E+02      0.1637846591E+00
0.2100000000E+00      0.2038483649E+03      0.1127415825E+02      0.1678702181E+00
0.2120000000E+00      0.2058987981E+03      0.1162269567E+02      0.1720111127E+00
0.2140000000E+00      0.2079525622E+03      0.1198036059E+02      0.1762056359E+00
0.2160000000E+00      0.2100097121E+03      0.1234729903E+02      0.1804520179E+00
0.2180000000E+00      0.2120703030E+03      0.1272365460E+02      0.1847484291E+00
0.2200000000E+00      0.2141343904E+03      0.1310956834E+02      0.1890929840E+00
0.2220000000E+00      0.2162020300E+03      0.1350517865E+02      0.1934837449E+00
0.2240000000E+00      0.2182732777E+03      0.1391062111E+02      0.1979187258E+00
0.2260000000E+00      0.2203481898E+03      0.1432602842E+02      0.2023958964E+00
0.2280000000E+00      0.2224268225E+03      0.1475153028E+02      0.2069131862E+00
0.2300000000E+00      0.2245092323E+03      0.1518725327E+02      0.2114684889E+00
0.2320000000E+00      0.2265954758E+03      0.1563332078E+02      0.2160596662E+00
0.2340000000E+00      0.2286856096E+03      0.1608985264E+02      0.2206791504E+00
0.2360000000E+00      0.2307796906E+03      0.1655696618E+02      0.2253356481E+00
0.2380000000E+00      0.2328777752E+03      0.1703477444E+02      0.2300214599E+00
0.2400000000E+00      0.2349799204E+03      0.1752338721E+02      0.2347343649E+00
0.2420000000E+00      0.2370861826E+03      0.1802291077E+02      0.2394721326E+00
0.2440000000E+00      0.2391966184E+03      0.1853344776E+02      0.2442325271E+00
0.2460000000E+00      0.2413112844E+03      0.1905509719E+02      0.2490133119E+00
0.2480000000E+00      0.2434302369E+03      0.1958795437E+02      0.2538122534E+00
0.2500000000E+00      0.2455535320E+03      0.2013211089E+02      0.2586271259E+00
0.2520000000E+00      0.2476812258E+03      0.2068765461E+02      0.2634557149E+00
0.2540000000E+00      0.2498133740E+03      0.2125466964E+02      0.2682958219E+00
0.2560000000E+00      0.2519500323E+03      0.2183323631E+02      0.2731452674E+00
0.2580000000E+00      0.2540912560E+03      0.2242343119E+02      0.2780018952E+00
0.2600000000E+00      0.2562371000E+03      0.2302532711E+02      0.2828635759E+00
0.2620000000E+00      0.2583876192E+03      0.2363899314E+02      0.2877282100E+00
0.2640000000E+00      0.2605428679E+03      0.2426449461E+02      0.2925937312E+00
0.2660000000E+00      0.2627029002E+03      0.2490189317E+02      0.2974581097E+00
0.2680000000E+00      0.2648677699E+03      0.2555124678E+02      0.3023193549E+00
0.2700000000E+00      0.2670375301E+03      0.2621260977E+02      0.3071755178E+00
0.2720000000E+00      0.2692122339E+03      0.2688603288E+02      0.3120246939E+00
0.2740000000E+00      0.2713919338E+03      0.2757156327E+02      0.3168650254E+00
0.2760000000E+00      0.2735766818E+03      0.2826924463E+02      0.3216947029E+00
0.2780000000E+00      0.2757665296E+03      0.2897911722E+02      0.3265121480E+00
0.2800000000E+00      0.2779615282E+03      0.2970121784E+02      0.3313152918E+00
0.2820000000E+00      0.2801617285E+03      0.3043558006E+02      0.3361026634E+00
0.2840000000E+00      0.2823671804E+03      0.3118223413E+02      0.3408726647E+00
0.2860000000E+00      0.2845779339E+03      0.3194120715E+02      0.3456237537E+00
0.2880000000E+00      0.2867940379E+03      0.3271252310E+02      0.3503544451E+00
0.2900000000E+00      0.2890155411E+03      0.3349620291E+02      0.3550633113E+00
0.2920000000E+00      0.2912424916E+03      0.3429226456E+02      0.3597489829E+00
0.2940000000E+00      0.2934749371E+03      0.3510072317E+02      0.3644101485E+00
0.2960000000E+00      0.2957129244E+03      0.3592159102E+02      0.3690455557E+00
0.2980000000E+00      0.2979565005E+03      0.3675487788E+02      0.3736533792E+00
0.3000000000E+00      0.3002057102E+03      0.3760059038E+02      0.3782336574E+00
0.3020000000E+00      0.3024605994E+03      0.3845873310E+02      0.3827847727E+00
0.3040000000E+00      0.3047212129E+03      0.3932930800E+02      0.3873057051E+00
0.3060000000E+00      0.3069875946E+03      0.4021231467E+02      0.3917954923E+00
0.3080000000E+00      0.3092597882E+03      0.4110775039E+02      0.3962532286E+00
0.3100000000E+00      0.3115378365E+03      0.4201561028E+02      0.4006780639E+00
0.3120000000E+00      0.3138217821E+03      0.4293588730E+02      0.4050692032E+00
0.3140000000E+00      0.3161116666E+03      0.4386857243E+02      0.4094277513E+00
0.3160000000E+00      0.3184075312E+03      0.4481365466E+02      0.4137493930E+00
0.3180000000E+00      0.3207094166E+03      0.4577112115E+02      0.4180352701E+00
0.3200000000E+00      0.3230173625E+03      0.4674095727E+02      0.4222847967E+00
0.3220000000E+00      0.3253314086E+03      0.4772314671E+02      0.4264974365E+00
0.3240000000E+00      0.3276515934E+03      0.4871767154E+02      0.4306727009E+00
0.3260000000E+00      0.3299779553E+03      0.4972451229E+02      0.4348101484E+00
0.3280000000E+00      0.3323105318E+03      0.5074364803E+02      0.4389093825E+00
0.3300000000E+00      0.3346493600E+03      0.5177505648E+02      0.4429700508E+00
0.3320000000E+00      0.3369944761E+03      0.5281871402E+02      0.4469918432E+00
0.3340000000E+00      0.3393459162E+03      0.5387459582E+02      0.4509744908E+00
0.3360000000E+00      0.3417037155E+03      0.5494267589E+02      0.4549177641E+00
0.3380000000E+00      0.3440679085E+03      0.5602292714E+02      0.4588214720E+00
0.3400000000E+00      0.3464385295E+03      0.5711532146E+02      0.4626854596E+00
0.3420000000E+00      0.3488156120E+03      0.5821982980E+02      0.4665096074E+00
0.3440000000E+00      0.3511991888E+03      0.5933642219E+02      0.4702938295E+00
0.3460000000E+00      0.3535892925E+03      0.6046506785E+02      0.4740380724E+00
0.3480000000E+00      0.3559859550E+03      0.6160573523E+02      0.4777423131E+00
0.3500000000E+00      0.3583892069E+03      0.6275839199E+02      0.4814090364E+00
0.3520000000E+00      0.3607990801E+03      0.6392300533E+02      0.4850333554E+00
0.3540000000E+00      0.3632156042E+03      0.6509954164E+02      0.4886177727E+00
0.3560000000E+00      0.3656388091E+03      0.6628796686E+02      0.4921623748E+00
0.3580000000E+00      0.3680687237E+03      0.6748824639E+02      0.4956672720E+00
0.3600000000E+00      0.3705053768E+03      0.6870034519E+02      0.4991325974E+00
0.3620000000E+00      0.3729487966E+03      0.6992422783E+02      0.5025585053E+00
0.3640000000E+00      0.3753990109E+03      0.7115985856E+02      0.5059428836E+00
0.3660000000E+00      0.3778560462E+03      0.7240720111E+02      0.5092904717E+00
0.3680000000E+00      0.3803199295E+03      0.7366621915E+02      0.5125992240E+00
0.3700000000E+00      0.3827906869E+03      0.7493687602E+02      0.5158693679E+00
0.3720000000E+00      0.3852683441E+03      0.7621913487E+02      0.5191011471E+00
0.3740000000E+00      0.3877529262E+03      0.7751295868E+02      0.5222948199E+00
0.3760000000E+00      0.3902444579E+03      0.7881831027E+02      0.5254506580E+00
0.3780000000E+00      0.3927429636E+03      0.8013515239E+02      0.5285689460E+00
0.3800000000E+00      0.3952484670E+03      0.8146344770E+02      0.5316499797E+00
0.3820000000E+00      0.3977609915E+03      0.8280315881E+02      0.5346940660E+00
0.3840000000E+00      0.4002805599E+03      0.8415424833E+02      0.5377015216E+00
0.3860000000E+00      0.4028071948E+03      0.8551667887E+02      0.5406726720E+00
0.3880000000E+00      0.4053409182E+03      0.8689041306E+02      0.5436078514E+00
0.3900000000E+00      0.4078817517E+03      0.8827541361E+02      0.5465074009E+00
0.3920000000E+00      0.4104297166E+03      0.8967164329E+02      0.5493716690E+00
0.3940000000E+00      0.4129848337E+03      0.9107906498E+02      0.5522010098E+00
0.3960000000E+00      0.4155471233E+03      0.9249764167E+02      0.5549957829E+00
0.3980000000E+00      0.4181166056E+03      0.9392733650E+02      0.5577563528E+00
0.4000000000E+00      0.4206933001E+03      0.9536811274E+02      0.5604830881E+00
0.4020000000E+00      0.4232772260E+03      0.9681993386E+02      0.5631763609E+00
0.4040000000E+00      0.4258684024E+03      0.9828276348E+02      0.5658365465E+00
0.4060000000E+00      0.4284668476E+03      0.9975656546E+02      0.5684640227E+00
0.4080000000E+00      0.4310725799E+03      0.1012413038E+03      0.5710591693E+00
0.4100000000E+00      0.4336856171E+03      0.1027369429E+03      0.5736223678E+00
0.4120000000E+00      0.4363059765E+03      0.1042434471E+03      0.5761540008E+00
0.4140000000E+00      0.4389336754E+03      0.1057607812E+03      0.5786544517E+00
0.4160000000E+00      0.4415687304E+03      0.1072889103E+03      0.5811241043E+00
0.4180000000E+00      0.4442111581E+03      0.1088277996E+03      0.5835633422E+00
0.4200000000E+00      0.4468609745E+03      0.1103774147E+03      0.5859725491E+00
0.4220000000E+00      0.4495181953E+03      0.1119377213E+03      0.5883549792E+00
0.4240000000E+00      0.4521828364E+03      0.1135086856E+03      0.5907052662E+00
0.4260000000E+00      0.4548549127E+03      0.1150902740E+03      0.5930266667E+00
0.4280000000E+00      0.4575344393E+03      0.1166824532E+03      0.5953195597E+00
0.4300000000E+00      0.4602214306E+03      0.1182851902E+03      0.5975843228E+00
0.4320000000E+00      0.4629159009E+03      0.1198984523E+03      0.5998213313E+00
0.4340000000E+00      0.4656178644E+03      0.1215222071E+03      0.6020309586E+00
0.4360000000E+00      0.4683273347E+03      0.1231564225E+03      0.6042135754E+00
0.4380000000E+00      0.4710443253E+03      0.1248010669E+03      0.6063695503E+00
0.4400000000E+00      0.4737688495E+03      0.1264561087E+03      0.6084992488E+00
0.4420000000E+00      0.4765009201E+03      0.1281215169E+03      0.6106030338E+00
0.4440000000E+00      0.4792405499E+03      0.1297972607E+03      0.6126812649E+00
0.4460000000E+00      0.4819877513E+03      0.1314833096E+03      0.6147342988E+00
0.4480000000E+00      0.4847425366E+03      0.1331796335E+03      0.6167624890E+00
0.4500000000E+00      0.4875049175E+03      0.1348862026E+03      0.6187661854E+00
0.4520000000E+00      0.4902749059E+03      0.1366029874E+03      0.6207457346E+00
0.4540000000E+00      0.4930525133E+03      0.1383299588E+03      0.6227014796E+00
0.4560000000E+00      0.4958377508E+03      0.1400670880E+03      0.6246337599E+00
0.4580000000E+00      0.4986306295E+03      0.1418143464E+03      0.6265429112E+00
0.4600000000E+00      0.5014311603E+03      0.1435717059E+03      0.6284292654E+00
0.4620000000E+00      0.5042393536E+03      0.1453391386E+03      0.6302931508E+00
0.4640000000E+00      0.5070552199E+03      0.1471166171E+03      0.6321348916E+00
0.4660000000E+00      0.5098787693E+03      0.1489041141E+03      0.6339548083E+00
0.4680000000E+00      0.5127100119E+03      0.1507016028E+03      0.6357532174E+00
0.4700000000E+00      0.5155489573E+03      0.1525090565E+03      0.6375304316E+00
0.4720000000E+00      0.5183956152E+03      0.1543264492E+03      0.6392867594E+00
0.4740000000E+00      0.5212499948E+03      0.1561537548E+03      0.6410225056E+00
0.4760000000E+00      0.5241121055E+03      0.1579909477E+03      0.6427379706E+00
0.4780000000E+00      0.5269819562E+03      0.1598380027E+03      0.6444334514E+00
0.4800000000E+00      0.5298595558E+03      0.1616948948E+03      0.6461167617E+00
0.4820000000E+00      0.5327449128E+03      0.1635615992E+03      0.6477730822E+00
0.4840000000E+00      0.5356380359E+03      0.1654380917E+03      0.6494102842E+00
0.4860000000E+00      0.5385389332E+03      0.1673243482E+03      0.6510286486E+00
0.4880000000E+00      0.5414476129E+03      0.1692203449E+03      0.6526284523E+00
0.4900000000E+00      0.5443640830E+03      0.1711260583E+03      0.6542099679E+00
0.4920000000E+00      0.5472883513E+03      0.1730414652E+03      0.6557734646E+00
0.4940000000E+00      0.5502204255E+03      0.1749665428E+03      0.6573192072E+00
0.4960000000E+00      0.5531603130E+03      0.1769012685E+03      0.6588474569E+00
0.4980000000E+00      0.5561080213E+03      0.1788456200E+03      0.6603584710E+00
0.5000000000E+00      0.5590635575E+03      0.1807995752E+03      0.6618525030E+00
0.5020000000E+00      0.5620269287E+03      0.1827631124E+03      0.6633298026E+00
0.5040000000E+00      0.5649981420E+03      0.1847362101E+03      0.6647886618E+00
0.5060000000E+00      0.5679772038E+03      0.1867188471E+03      0.6662332426E+00
0.5080000000E+00      0.5709641209E+03      0.1887110026E+03      0.6676618184E+00
0.5100000000E+00      0.5739588998E+03      0.1907126558E+03      0.6690746233E+00
0.5120000000E+00      0.5769615469E+03      0.1927237863E+03      0.6704718884E+00
0.5140000000E+00      0.5799720685E+03      0.1947443741E+03      0.6718538413E+00
0.5160000000E+00      0.5829904707E+03      0.1967743992E+03      0.6732207062E+00
0.5180000000E+00      0.5860167594E+03      0.1988138421E+03      0.6745727036E+00
0.5200000000E+00      0.5890509406E+03      0.2008626833E+03      0.6759100507E+00
0.5220000000E+00      0.5920930199E+03      0.2029209038E+03      0.6772329611E+00
0.5240000000E+00      0.5951430031E+03      0.2049884846E+03      0.6785416453E+00
0.5260000000E+00      0.5982008957E+03      0.2070654072E+03      0.6798363102E+00
0.5280000000E+00      0.6012667030E+03      0.2091516531E+03      0.6811171596E+00
0.5300000000E+00      0.6043404303E+03      0.2112472043E+03      0.6823865566E+00
0.5320000000E+00      0.6074220829E+03      0.2133520427E+03      0.6836403578E+00
0.5340000000E+00      0.6105116660E+03      0.2154661507E+03      0.6848809353E+00
0.5360000000E+00      0.6136091843E+03      0.2175895108E+03      0.6861084802E+00
0.5380000000E+00      0.6167146429E+03      0.2197221059E+03      0.6873231802E+00
0.5400000000E+00      0.6198280465E+03      0.2218639188E+03      0.6885252205E+00
0.5420000000E+00      0.6229493997E+03      0.2240149327E+03      0.6897147828E+00
0.5440000000E+00      0.6260787073E+03      0.2261751312E+03      0.6908920462E+00
0.5460000000E+00      0.6292159736E+03      0.2283444978E+03      0.6920571868E+00
0.5480000000E+00      0.6323612030E+03      0.2305230163E+03      0.6932103777E+00
0.5500000000E+00      0.6355143999E+03      0.2327106709E+03      0.6943517894E+00
0.5520000000E+00      0.6386755686E+03      0.2349074457E+03      0.6954815895E+00
0.5540000000E+00      0.6418447130E+03      0.2371133251E+03      0.6965999430E+00
0.5560000000E+00      0.6450218373E+03      0.2393282940E+03      0.6977070121E+00
0.5580000000E+00      0.6482069455E+03      0.2415523370E+03      0.6988029564E+00
0.5600000000E+00      0.6514000413E+03      0.2437854392E+03      0.6998879330E+00
0.5620000000E+00      0.6546011287E+03      0.2460275859E+03      0.7009620961E+00
0.5640000000E+00      0.6578102114E+03      0.2482787625E+03      0.7020255979E+00
0.5660000000E+00      0.6610272929E+03      0.2505389545E+03      0.7030785877E+00
0.5680000000E+00      0.6642523768E+03      0.2528081477E+03      0.7041212126E+00
0.5700000000E+00      0.6674854667E+03      0.2550863281E+03      0.7051536171E+00
0.5720000000E+00      0.6707265660E+03      0.2573734819E+03      0.7061759436E+00
0.5740000000E+00      0.6739756779E+03      0.2596695953E+03      0.7071883320E+00
0.5760000000E+00      0.6772328059E+03      0.2619746547E+03      0.7081909199E+00
0.5780000000E+00      0.6804979530E+03      0.2642886470E+03      0.7091838429E+00
0.5800000000E+00      0.6837711225E+03      0.2666115588E+03      0.7101652189E+00
0.5820000000E+00      0.6870523173E+03      0.2689433772E+03      0.7111392427E+00
0.5840000000E+00      0.6903415406E+03      0.2712840893E+03      0.7121039942E+00
0.5860000000E+00      0.6936387952E+03      0.2736336823E+03      0.7130596002E+00
0.5880000000E+00      0.6969440840E+03      0.2759921438E+03      0.7140061855E+00
0.5900000000E+00      0.7002574099E+03      0.2783594614E+03      0.7149438727E+00
0.5920000000E+00      0.7035787756E+03      0.2807356228E+03      0.7158727827E+00
0.5940000000E+00      0.7069081838E+03      0.2831206160E+03      0.7167930343E+00
0.5960000000E+00      0.7102456371E+03      0.2855144290E+03      0.7177047444E+00
0.5980000000E+00      0.7135911381E+03      0.2879170500E+03      0.7186080280E+00
0.6000000000E+00      0.7169446893E+03      0.2903284674E+03      0.7195029981E+00
0.6020000000E+00      0.7203062933E+03      0.2927486697E+03      0.7203897661E+00
0.6040000000E+00      0.7236759523E+03      0.2951776455E+03      0.7212684416E+00
0.6060000000E+00      0.7270536689E+03      0.2976153836E+03      0.7221391323E+00
0.6080000000E+00      0.7304394452E+03      0.3000618728E+03      0.7230019442E+00
0.6100000000E+00      0.7338332836E+03      0.3025171024E+03      0.7238569817E+00
0.6120000000E+00      0.7372351862E+03      0.3049810613E+03      0.7247043473E+00
0.6140000000E+00      0.7406451552E+03      0.3074537390E+03      0.7255441422E+00
0.6160000000E+00      0.7440631927E+03      0.3099351249E+03      0.7263764657E+00
0.6180000000E+00      0.7474893012E+03      0.3124252083E+03      0.7272018472E+00
0.6200000000E+00      0.7509234814E+03      0.3149239795E+03      0.7280190904E+00
0.6220000000E+00      0.7543657367E+03      0.3174314277E+03      0.7288309940E+00
0.6240000000E+00      0.7578160687E+03      0.3199475429E+03      0.7296333452E+00
0.6260000000E+00      0.7612744784E+03      0.3224723156E+03      0.7304293839E+00
0.6280000000E+00      0.7647409686E+03      0.3250057355E+03      0.7312202226E+00
0.6300000000E+00      0.7682155411E+03      0.3275477930E+03      0.7320018592E+00
0.6320000000E+00      0.7716981967E+03      0.3300984788E+03      0.7327775025E+00
0.6340000000E+00      0.7751889380E+03      0.3326577829E+03      0.7335480794E+00
0.6360000000E+00      0.7786877668E+03      0.3352256961E+03      0.7343097889E+00
0.6380000000E+00      0.7821946836E+03      0.3378022095E+03      0.7350658080E+00
0.6400000000E+00      0.7857096911E+03      0.3403873134E+03      0.7358168890E+00
0.6420000000E+00      0.7892327907E+03      0.3429809989E+03      0.7365594223E+00
0.6440000000E+00      0.7927639831E+03      0.3455832574E+03      0.7372965529E+00
0.6460000000E+00      0.7963032706E+03      0.3481940796E+03      0.7380288682E+00
0.6480000000E+00      0.7998506548E+03      0.3508134568E+03      0.7387529416E+00
0.6500000000E+00      0.8034061360E+03      0.3534413808E+03      0.7394718853E+00
0.6520000000E+00      0.8069697166E+03      0.3560778425E+03      0.7401861318E+00
0.6540000000E+00      0.8105413978E+03      0.3587228335E+03      0.7408922041E+00
0.6560000000E+00      0.8141211802E+03      0.3613763459E+03      0.7415938549E+00
0.6580000000E+00      0.8177090658E+03      0.3640383710E+03      0.7422906974E+00
0.6600000000E+00      0.8213050559E+03      0.3667089006E+03      0.7429796524E+00
0.6620000000E+00      0.8249091511E+03      0.3693879270E+03      0.7436644452E+00
0.6640000000E+00      0.8285213525E+03      0.3720754421E+03      0.7443511090E+00
0.6660000000E+00      0.8321416619E+03      0.3747714377E+03      0.7450181263E+00
0.6680000000E+00      0.8357700805E+03      0.3774759062E+03      0.7456852213E+00
0.6700000000E+00      0.8394066083E+03      0.3801888400E+03      0.7463558281E+00
0.6720000000E+00      0.8430512474E+03      0.3829102313E+03      0.7470070695E+00
0.6740000000E+00      0.8467039987E+03      0.3856400723E+03      0.7476534204E+00
0.6760000000E+00      0.8503648624E+03      0.3883783562E+03      0.7483133713E+00
0.6780000000E+00      0.8540338403E+03      0.3911250750E+03      0.7489494028E+00
0.6800000000E+00      0.8577109333E+03      0.3938802215E+03      0.7495807571E+00
0.6820000000E+00      0.8613961414E+03      0.3966437889E+03      0.7502254162E+00
0.6840000000E+00      0.8650894666E+03      0.3994157695E+03      0.7508467784E+00
0.6860000000E+00      0.8687909095E+03      0.4021961563E+03      0.7514625772E+00
0.6880000000E+00      0.8725004701E+03      0.4049849428E+03      0.7520935657E+00
0.6900000000E+00      0.8762181503E+03      0.4077821215E+03      0.7527007753E+00
0.6920000000E+00      0.8799439505E+03      0.4105876858E+03      0.7533023717E+00
0.6940000000E+00      0.8836778709E+03      0.4134016291E+03      0.7539193524E+00
0.6960000000E+00      0.8874199133E+03      0.4162239442E+03      0.7545118063E+00
0.6980000000E+00      0.8911700772E+03      0.4190546251E+03      0.7551137348E+00
0.7000000000E+00      0.8949283645E+03      0.4218936646E+03      0.7556973565E+00
0.7020000000E+00      0.8986947748E+03      0.4247410569E+03      0.7562903600E+00
0.7040000000E+00      0.9024693096E+03      0.4275967948E+03      0.7568595977E+00
0.7060000000E+00      0.9062519687E+03      0.4304608727E+03      0.7574496340E+00
0.7080000000E+00      0.9100427537E+03      0.4333332837E+03      0.7580161960E+00
0.7100000000E+00      0.9138416640E+03      0.4362140221E+03      0.7585919513E+00
0.7120000000E+00      0.9176487014E+03      0.4391030812E+03      0.7591502740E+00
0.7140000000E+00      0.9214638652E+03      0.4420004555E+03      0.7597176948E+00
0.7160000000E+00      0.9252871571E+03      0.4449061384E+03      0.7602639066E+00
0.7180000000E+00      0.9291185766E+03      0.4478201244E+03      0.7608272365E+00
0.7200000000E+00      0.9329581250E+03      0.4507424071E+03      0.7613656582E+00
0.7220000000E+00      0.9368058019E+03      0.4536729813E+03      0.7619209412E+00
0.7240000000E+00      0.9406616087E+03      0.4566118405E+03      0.7624517432E+00
0.7260000000E+00      0.9445255448E+03      0.4595589796E+03      0.7629991497E+00
0.7280000000E+00      0.9483976117E+03      0.4625143924E+03      0.7635225079E+00
0.7300000000E+00      0.9522778087E+03      0.4654780738E+03      0.7640622135E+00
0.7320000000E+00      0.9561661372E+03      0.4684500177E+03      0.7645782886E+00
0.7340000000E+00      0.9600625966E+03      0.4714302192E+03      0.7651104608E+00
0.7360000000E+00      0.9639671881E+03      0.4744186723E+03      0.7656185890E+00
0.7380000000E+00      0.9678799111E+03      0.4774153720E+03      0.7661442139E+00
0.7400000000E+00      0.9718007669E+03      0.4804203126E+03      0.7666453915E+00
0.7420000000E+00      0.9757297551E+03      0.4834334891E+03      0.7671578633E+00
0.7440000000E+00      0.9796668762E+03      0.4864548963E+03      0.7676624699E+00
0.7460000000E+00      0.9836121303E+03      0.4894845288E+03      0.7681636445E+00
0.7480000000E+00      0.9875655178E+03      0.4925223817E+03      0.7686614240E+00
0.7500000000E+00      0.9915270389E+03      0.4955684497E+03      0.7691558446E+00
0.7520000000E+00      0.9954966947E+03      0.4986227276E+03      0.7696372169E+00
0.7540000000E+00      0.9994744836E+03      0.5016852110E+03      0.7701250903E+00
0.7560000000E+00      0.1003460407E+04      0.5047558947E+03      0.7706097102E+00
0.7580000000E+00      0.1007454464E+04      0.5078347737E+03      0.7710911110E+00
0.7600000000E+00      0.1011456656E+04      0.5109218433E+03      0.7715693265E+00
0.7620000000E+00      0.1015466982E+04      0.5140170986E+03      0.7720443900E+00
0.7640000000E+00      0.1019485444E+04      0.5171205349E+03      0.7725163345E+00
0.7660000000E+00      0.1023512040E+04      0.5202321475E+03      0.7729851925E+00
0.7680000000E+00      0.1027546771E+04      0.5233519318E+03      0.7734509961E+00
0.7700000000E+00      0.1031589637E+04      0.5264798831E+03      0.7739137769E+00
0.7720000000E+00      0.1035640639E+04      0.5296159968E+03      0.7743735661E+00
0.7740000000E+00      0.1039699775E+04      0.5327602685E+03      0.7748303944E+00
0.7760000000E+00      0.1043767047E+04      0.5359126937E+03      0.7752842922E+00
0.7780000000E+00      0.1047842455E+04      0.5390732679E+03      0.7757352895E+00
0.7800000000E+00      0.1051925997E+04      0.5422419867E+03      0.7761834159E+00
0.7820000000E+00      0.1056017675E+04      0.5454188458E+03      0.7766287005E+00
0.7840000000E+00      0.1060117488E+04      0.5486038408E+03      0.7770711721E+00
0.7860000000E+00      0.1064225437E+04      0.5517969675E+03      0.7775108592E+00
0.7880000000E+00      0.1068341521E+04      0.5549982217E+03      0.7779477897E+00
0.7900000000E+00      0.1072465740E+04      0.5582075990E+03      0.7783819914E+00
0.7920000000E+00      0.1076598095E+04      0.5614250955E+03      0.7788134914E+00
0.7940000000E+00      0.1080738584E+04      0.5646507069E+03      0.7792423169E+00
0.7960000000E+00      0.1084887209E+04      0.5678844291E+03      0.7796684944E+00
0.7980000000E+00      0.1089043969E+04      0.5711262582E+03      0.7800920501E+00
0.8000000000E+00      0.1093208865E+04      0.5743761901E+03      0.7805130099E+00
0.8020000000E+00      0.1097381895E+04      0.5776342208E+03      0.7809313995E+00
0.8040000000E+00      0.1101563060E+04      0.5809003465E+03      0.7813472441E+00
0.8060000000E+00      0.1105752359E+04      0.5841745631E+03      0.7817603233E+00
0.8080000000E+00      0.1109949794E+04      0.5874568668E+03      0.7821711544E+00
0.8100000000E+00      0.1114155363E+04      0.5907472539E+03      0.7825795142E+00
0.8120000000E+00      0.1118369066E+04      0.5940457204E+03      0.7829854269E+00
0.8140000000E+00      0.1122590903E+04      0.5973522626E+03      0.7833889159E+00
0.8160000000E+00      0.1126820875E+04      0.6006668769E+03      0.7837900048E+00
0.8180000000E+00      0.1131058980E+04      0.6039895594E+03      0.7841887166E+00
0.8200000000E+00      0.1135305220E+04      0.6073203065E+03      0.7845850741E+00
0.8220000000E+00      0.1139559593E+04      0.6106591147E+03      0.7849790998E+00
0.8240000000E+00      0.1143822099E+04      0.6140059802E+03      0.7853708158E+00
0.8260000000E+00      0.1148092739E+04      0.6173608995E+03      0.7857602443E+00
0.8280000000E+00      0.1152371511E+04      0.6207238691E+03      0.7861474067E+00
0.8300000000E+00      0.1156658417E+04      0.6240948854E+03      0.7865323245E+00
0.8320000000E+00      0.1160953455E+04      0.6274739450E+03      0.7869150189E+00
0.8340000000E+00      0.1165256625E+04      0.6308610444E+03      0.7872926509E+00
0.8360000000E+00      0.1169567928E+04      0.6342561802E+03      0.7876709867E+00
0.8380000000E+00      0.1173887363E+04      0.6376593490E+03      0.7880471605E+00
0.8400000000E+00      0.1178214929E+04      0.6410705475E+03      0.7884211926E+00
0.8420000000E+00      0.1182550627E+04      0.6444897723E+03      0.7887931027E+00
0.8440000000E+00      0.1186894456E+04      0.6479170200E+03      0.7891656435E+00
0.8460000000E+00      0.1191246416E+04      0.6513522875E+03      0.7895333438E+00
0.8480000000E+00      0.1195606506E+04      0.6547955715E+03      0.7898989807E+00
0.8500000000E+00      0.1199974727E+04      0.6582468686E+03      0.7902625729E+00
0.8520000000E+00      0.1204351078E+04      0.6617061759E+03      0.7906241392E+00
0.8540000000E+00      0.1208735559E+04      0.6651734900E+03      0.7909836980E+00
0.8560000000E+00      0.1213128170E+04      0.6686488078E+03      0.7913412675E+00
0.8580000000E+00      0.1217528909E+04      0.6721321262E+03      0.7916947981E+00
0.8600000000E+00      0.1221937778E+04      0.6756234422E+03      0.7920484620E+00
0.8620000000E+00      0.1226354775E+04      0.6791227526E+03      0.7924001898E+00
0.8640000000E+00      0.1230779901E+04      0.6826300544E+03      0.7927499989E+00
0.8660000000E+00      0.1235213155E+04      0.6861453445E+03      0.7930979066E+00
0.8680000000E+00      0.1239654536E+04      0.6896686201E+03      0.7934439296E+00
0.8700000000E+00      0.1244104045E+04      0.6931998781E+03      0.7937880850E+00
0.8720000000E+00      0.1248561680E+04      0.6967391156E+03      0.7941303890E+00
0.8740000000E+00      0.1253027443E+04      0.7002863296E+03      0.7944708583E+00
0.8760000000E+00      0.1257501331E+04      0.7038415173E+03      0.7948095089E+00
0.8780000000E+00      0.1261983346E+04      0.7074046757E+03      0.7951463568E+00
0.8800000000E+00      0.1266473486E+04      0.7109758021E+03      0.7954814178E+00
0.8820000000E+00      0.1270971752E+04      0.7145548936E+03      0.7958147076E+00
0.8840000000E+00      0.1275478142E+04      0.7181419474E+03      0.7961462415E+00
0.8860000000E+00      0.1279992657E+04      0.7217369607E+03      0.7964760349E+00
0.8880000000E+00      0.1284515296E+04      0.7253399307E+03      0.7968041029E+00
0.8900000000E+00      0.1289046059E+04      0.7289508547E+03      0.7971304602E+00
0.8920000000E+00      0.1293584945E+04      0.7325697301E+03      0.7974546872E+00
0.8940000000E+00      0.1298131954E+04      0.7361965540E+03      0.7977776710E+00
0.8960000000E+00      0.1302687086E+04      0.7398313238E+03      0.7980989880E+00
0.8980000000E+00      0.1307250340E+04      0.7434740369E+03      0.7984186522E+00
0.9000000000E+00      0.1311821715E+04      0.7471246906E+03      0.7987366779E+00
0.9020000000E+00      0.1316401212E+04      0.7507832823E+03      0.7990530788E+00
0.9040000000E+00      0.1320988831E+04      0.7544498094E+03      0.7993678689E+00
0.9060000000E+00      0.1325584569E+04      0.7581242693E+03      0.7996811494E+00
0.9080000000E+00      0.1330188428E+04      0.7618066596E+03      0.7999927577E+00
0.9100000000E+00      0.1334800406E+04      0.7654969775E+03      0.8003027954E+00
0.9120000000E+00      0.1339420504E+04      0.7691952207E+03      0.8006112756E+00
0.9140000000E+00      0.1344048721E+04      0.7729013866E+03      0.8009182113E+00
0.9160000000E+00      0.1348685056E+04      0.7766154728E+03      0.8012236155E+00
0.9180000000E+00      0.1353329509E+04      0.7803374767E+03      0.8015275007E+00
0.9200000000E+00      0.1357982080E+04      0.7840673960E+03      0.8018298797E+00
0.9220000000E+00      0.1362642767E+04      0.7878052282E+03      0.8021307647E+00
0.9240000000E+00      0.1367311572E+04      0.7915509709E+03      0.8024301681E+00
0.9260000000E+00      0.1371988493E+04      0.7953046218E+03      0.8027281021E+00
0.9280000000E+00      0.1376673529E+04      0.7990661784E+03      0.8030294022E+00
0.9300000000E+00      0.1381366681E+04      0.8028356384E+03      0.8033243924E+00
0.9320000000E+00      0.1386067947E+04      0.8066129995E+03      0.8036179492E+00
0.9340000000E+00      0.1390777328E+04      0.8103982594E+03      0.8039100842E+00
0.9360000000E+00      0.1395494823E+04      0.8141914157E+03      0.8042008090E+00
0.9380000000E+00      0.1400220432E+04      0.8179924662E+03      0.8044901350E+00
0.9400000000E+00      0.1404954153E+04      0.8218014086E+03      0.8047780733E+00
0.9420000000E+00      0.1409695987E+04      0.8256182406E+03      0.8050646352E+00
0.9440000000E+00      0.1414445933E+04      0.8294429600E+03      0.8053498316E+00
0.9460000000E+00      0.1419203991E+04      0.8332755647E+03      0.8056336740E+00
0.9480000000E+00      0.1423970160E+04      0.8371160523E+03      0.8059161721E+00
0.9500000000E+00      0.1428744439E+04      0.8409644208E+03      0.8061973369E+00
0.9520000000E+00      0.1433526828E+04      0.8448206679E+03      0.8064771792E+00
0.9540000000E+00      0.1438317327E+04      0.8486847915E+03      0.8067557093E+00
0.9560000000E+00      0.1443115936E+04      0.8525567894E+03      0.8070329375E+00
0.9580000000E+00      0.1447922652E+04      0.8564366596E+03      0.8073088741E+00
0.9600000000E+00      0.1452737477E+04      0.8603243999E+03      0.8075835291E+00
0.9620000000E+00      0.1457560410E+04      0.8642200081E+03      0.8078569127E+00
0.9640000000E+00      0.1462391450E+04      0.8681234824E+03      0.8081290345E+00
0.9660000000E+00      0.1467230596E+04      0.8720348205E+03      0.8083999045E+00
0.9680000000E+00      0.1472077849E+04      0.8759540204E+03      0.8086695323E+00
0.9700000000E+00      0.1476933207E+04      0.8798810801E+03      0.8089379275E+00
0.9720000000E+00      0.1481796671E+04      0.8838159976E+03      0.8092050995E+00
0.9740000000E+00      0.1486668239E+04      0.8877587708E+03      0.8094710579E+00
0.9760000000E+00      0.1491547911E+04      0.8917093978E+03      0.8097358117E+00
0.9780000000E+00      0.1496435686E+04      0.8956678765E+03      0.8099993704E+00
0.9800000000E+00      0.1501331565E+04      0.8996342051E+03      0.8102617428E+00
0.9820000000E+00      0.1506235546E+04      0.9036083815E+03      0.8105229381E+00
0.9840000000E+00      0.1511147630E+04      0.9075904039E+03      0.8107829652E+00
0.9860000000E+00      0.1516067815E+04      0.9115802702E+03      0.8110418328E+00
0.9880000000E+00      0.1520996101E+04      0.9155779786E+03      0.8112995496E+00
0.9900000000E+00      0.1525932487E+04      0.9195835272E+03      0.8115561245E+00
0.9920000000E+00      0.1530876973E+04      0.9235969141E+03      0.8118115658E+00
0.9940000000E+00      0.1535829559E+04      0.9276181374E+03      0.8120658820E+00
0.9960000000E+00      0.1540790243E+04      0.9316471952E+03      0.8123190816E+00
0.9980000000E+00      0.1545759026E+04      0.9356840857E+03      0.8125711727E+00
0.1000000000E+01      0.1550735907E+04      0.9397288071E+03      0.8128221637E+00
0.1002000000E+01      0.1555720885E+04      0.9437813576E+03      0.8130720627E+00
0.1004000000E+01      0.1560713960E+04      0.9478417352E+03      0.8133208776E+00
0.1006000000E+01      0.1565715131E+04      0.9519099383E+03      0.8135686165E+00
0.1008000000E+01      0.1570724397E+04      0.9559859650E+03      0.8138152872E+00
0.1010000000E+01      0.1575741759E+04      0.9600698136E+03      0.8140608976E+00
0.1012000000E+01      0.1580767215E+04      0.9641614822E+03      0.8143054554E+00
0.1014000000E+01      0.1585800765E+04      0.9682609692E+03      0.8145489681E+00
0.1016000000E+01      0.1590842409E+04      0.9723682728E+03      0.8147914435E+00
0.1018000000E+01      0.1595892146E+04      0.9764833912E+03      0.8150328890E+00
0.1020000000E+01      0.1600949975E+04      0.9806063228E+03      0.8152733120E+00
0.1022000000E+01      0.1606015896E+04      0.9847370658E+03      0.8155127199E+00
0.1024000000E+01      0.1611089908E+04      0.9888756185E+03      0.8157511200E+00
0.1026000000E+01      0.1616172011E+04      0.9930219793E+03      0.8159885194E+00
0.1028000000E+01      0.1621262204E+04      0.9971761464E+03      0.8162249253E+00
0.1030000000E+01      0.1626360487E+04      0.1001338118E+04      0.8164603448E+00
0.1032000000E+01      0.1631466859E+04      0.1005507893E+04      0.8166947850E+00
0.1034000000E+01      0.1636581319E+04      0.1009685469E+04      0.8169282526E+00
0.1036000000E+01      0.1641703867E+04      0.1013870845E+04      0.8171607546E+00
0.1038000000E+01      0.1646834503E+04      0.1018064020E+04      0.8173922979E+00
0.1040000000E+01      0.1651973226E+04      0.1022264990E+04      0.8176228890E+00
0.1042000000E+01      0.1657120034E+04      0.1026473756E+04      0.8178525348E+00
0.1044000000E+01      0.1662274929E+04      0.1030690315E+04      0.8180812417E+00
0.1046000000E+01      0.1667437909E+04      0.1034914666E+04      0.8183090164E+00
0.1048000000E+01      0.1672608973E+04      0.1039146807E+04      0.8185358653E+00
0.1050000000E+01      0.1677788121E+04      0.1043386736E+04      0.8187617949E+00
0.1052000000E+01      0.1682975353E+04      0.1047634453E+04      0.8189868114E+00
0.1054000000E+01      0.1688170668E+04      0.1051889955E+04      0.8192109213E+00
0.1056000000E+01      0.1693374065E+04      0.1056153241E+04      0.8194341307E+00
0.1058000000E+01      0.1698585544E+04      0.1060424309E+04      0.8196564458E+00
0.1060000000E+01      0.1703805104E+04      0.1064703159E+04      0.8198778728E+00
0.1062000000E+01      0.1709032745E+04      0.1068989788E+04      0.8200984176E+00
0.1064000000E+01      0.1714268466E+04      0.1073284194E+04      0.8203180864E+00
0.1066000000E+01      0.1719512266E+04      0.1077586378E+04      0.8205368850E+00
0.1068000000E+01      0.1724764145E+04      0.1081896336E+04      0.8207548194E+00
0.1070000000E+01      0.1730024103E+04      0.1086214067E+04      0.8209718954E+00
0.1072000000E+01      0.1735292138E+04      0.1090539571E+04      0.8211881188E+00
0.1074000000E+01      0.1740568251E+04      0.1094872846E+04      0.8214034953E+00
0.1076000000E+01      0.1745852440E+04      0.1099213889E+04      0.8216180306E+00
0.1078000000E+01      0.1751144705E+04      0.1103562700E+04      0.8218317303E+00
0.1080000000E+01      0.1756445046E+04      0.1107919278E+04      0.8220446001E+00
0.1082000000E+01      0.1761753462E+04      0.1112283620E+04      0.8222566453E+00
0.1084000000E+01      0.1767069952E+04      0.1116655726E+04      0.8224678716E+00
0.1086000000E+01      0.1772394516E+04      0.1121035593E+04      0.8226782843E+00
0.1088000000E+01      0.1777727153E+04      0.1125423222E+04      0.8228878887E+00
0.1090000000E+01      0.1783067863E+04      0.1129818609E+04      0.8230966904E+00
0.1092000000E+01      0.1788416644E+04      0.1134221755E+04      0.8233046944E+00
0.1094000000E+01      0.1793773498E+04      0.1138632657E+04      0.8235119060E+00
0.1096000000E+01      0.1799138422E+04      0.1143051314E+04      0.8237183305E+00
0.1098000000E+01      0.1804511416E+04      0.1147477725E+04      0.8239239729E+00
0.1100000000E+01      0.1809892480E+04      0.1151911889E+04      0.8241288383E+00
0.1102000000E+01      0.1815281614E+04      0.1156353803E+04      0.8243329319E+00
0.1104000000E+01      0.1820678815E+04      0.1160803468E+04      0.8245362585E+00
0.1106000000E+01      0.1826084085E+04      0.1165260881E+04      0.8247388231E+00
0.1108000000E+01      0.1831497423E+04      0.1169726041E+04      0.8249406307E+00
0.1110000000E+01      0.1836918827E+04      0.1174198947E+04      0.8251416857E+00
0.1112000000E+01      0.1842348297E+04      0.1178679597E+04      0.8253419937E+00
0.1114000000E+01      0.1847785834E+04      0.1183167991E+04      0.8255415592E+00
0.1116000000E+01      0.1853231435E+04      0.1187664127E+04      0.8257403868E+00
0.1118000000E+01      0.1858685101E+04      0.1192168003E+04      0.8259384813E+00
0.1120000000E+01      0.1864146830E+04      0.1196679619E+04      0.8261358472E+00
0.1122000000E+01      0.1869616623E+04      0.1201198973E+04      0.8263324893E+00
0.1124000000E+01      0.1875094479E+04      0.1205726064E+04      0.8265284121E+00
0.1126000000E+01      0.1880580397E+04      0.1210260890E+04      0.8267236201E+00
0.1128000000E+01      0.1886074377E+04      0.1214803451E+04      0.8269181179E+00
0.1130000000E+01      0.1891576418E+04      0.1219353745E+04      0.8271119098E+00
0.1132000000E+01      0.1897086519E+04      0.1223911771E+04      0.8273050003E+00
0.1134000000E+01      0.1902604680E+04      0.1228477528E+04      0.8274973937E+00
0.1136000000E+01      0.1908130901E+04      0.1233051015E+04      0.8276890945E+00
0.1138000000E+01      0.1913665180E+04      0.1237632229E+04      0.8278801069E+00
0.1140000000E+01      0.1919207517E+04      0.1242221171E+04      0.8280804026E+00
0.1142000000E+01      0.1924757912E+04      0.1246817839E+04      0.8282699952E+00
0.1144000000E+01      0.1930316364E+04      0.1251422231E+04      0.8284589122E+00
0.1146000000E+01      0.1935882872E+04      0.1256034347E+04      0.8286471582E+00
0.1148000000E+01      0.1941457436E+04      0.1260654186E+04      0.8288347373E+00
0.1150000000E+01      0.1947040055E+04      0.1265281745E+04      0.8290216535E+00
0.1152000000E+01      0.1952630729E+04      0.1269917025E+04      0.8292079108E+00
0.1154000000E+01      0.1958229457E+04      0.1274560024E+04      0.8293935133E+00
0.1156000000E+01      0.1963836238E+04      0.1279210740E+04      0.8295784650E+00
0.1158000000E+01      0.1969451072E+04      0.1283869173E+04      0.8297627699E+00
0.1160000000E+01      0.1975073959E+04      0.1288535321E+04      0.8299464317E+00
0.1162000000E+01      0.1980704897E+04      0.1293209184E+04      0.8301294545E+00
0.1164000000E+01      0.1986343887E+04      0.1297890760E+04      0.8303118420E+00
0.1166000000E+01      0.1991990927E+04      0.1302580048E+04      0.8304935981E+00
0.1168000000E+01      0.1997646017E+04      0.1307277047E+04      0.8306747265E+00
0.1170000000E+01      0.2003309156E+04      0.1311981755E+04      0.8308552311E+00
0.1172000000E+01      0.2008980344E+04      0.1316694173E+04      0.8310351155E+00
0.1174000000E+01      0.2014659581E+04      0.1321414298E+04      0.8312143834E+00
0.1176000000E+01      0.2020346865E+04      0.1326142130E+04      0.8313930384E+00
0.1178000000E+01      0.2026042196E+04      0.1330877667E+04      0.8315710848E+00
0.1180000000E+01      0.2031745574E+04      0.1335620909E+04      0.8317485251E+00
0.1182000000E+01      0.2037456998E+04      0.1340371854E+04      0.8319253633E+00
0.1184000000E+01      0.2043176467E+04      0.1345130502E+04      0.8321016030E+00
0.1186000000E+01      0.2048903981E+04      0.1349896850E+04      0.8322772478E+00
0.1188000000E+01      0.2054639539E+04      0.1354670899E+04      0.8324523011E+00
0.1190000000E+01      0.2060383140E+04      0.1359452647E+04      0.8326267663E+00
0.1192000000E+01      0.2066134785E+04      0.1364242093E+04      0.8328006469E+00
0.1194000000E+01      0.2071894472E+04      0.1369039236E+04      0.8329739463E+00
0.1196000000E+01      0.2077662201E+04      0.1373844075E+04      0.8331466679E+00
0.1198000000E+01      0.2083437971E+04      0.1378656609E+04      0.8333188150E+00
0.1200000000E+01      0.2089221782E+04      0.1383476836E+04      0.8334903908E+00
