      Rhob                Epsilon              Pressure               SoundV
0.4730000000E-14      0.4409040000E-11      0.6303830000E-24      0.2528270000E-09
0.4760000000E-14      0.4431480000E-11      0.6303830000E-23      0.3286900000E-09
0.4910000000E-14      0.4571720000E-11      0.6303830000E-22      0.3811090000E-09
0.6990000000E-14      0.6506980000E-11      0.7552120000E-21      0.1661210000E-08
0.9900000000E-14      0.9199530000E-11      0.8737990000E-20      0.4506330000E-08
0.2720000000E-13      0.2529870000E-10      0.1061040000E-18      0.2185710000E-07
0.1270000000E-12      0.1189210000E-09      0.3632510000E-17      0.1280710000E-06
0.6930000000E-12      0.6450890000E-09      0.1185870000E-15      0.6813760000E-06
0.6295000000E-11      0.5856290000E-08      0.6081640000E-14      0.1980100000E-05
0.1581000000E-10      0.1470800000E-07      0.3100740000E-13      0.4121830000E-05
0.3972000000E-10      0.3694960000E-07      0.1517290000E-12      0.7788630000E-05
0.9976000000E-10      0.9278060000E-07      0.7183870000E-12      0.1422460000E-04
0.2506000000E-09      0.2331300000E-06      0.3286730000E-11      0.2500930000E-04
0.6294000000E-09      0.5856290000E-06      0.1446760000E-10      0.4207890000E-04
0.1581000000E-08      0.1470800000E-05      0.6088500000E-10      0.6739699893E-04
0.3972000000E-08      0.3695520000E-05      0.2441020000E-09      0.8516180000E-04
0.5000000000E-08      0.4651930000E-05      0.3282360000E-09      0.1052360000E-03
0.9976000000E-08      0.9283670000E-05      0.8956430000E-09      0.1422520000E-03
0.1990000000E-07      0.1852250000E-04      0.2392340000E-08      0.1863930000E-03
0.3972000000E-07      0.3696080000E-04      0.6278870000E-08      0.2408930000E-03
0.7924000000E-07      0.7376450000E-04      0.1625270000E-07      0.3085620000E-03
0.1581000000E-06      0.1471920000E-03      0.4166770000E-07      0.3417580000E-03
0.1990000000E-06      0.1853370000E-03      0.5453750000E-07      0.3860480000E-03
0.3155000000E-06      0.2937680000E-03      0.1016730000E-06      0.4315500000E-03
0.5000000000E-06      0.4656420000E-03      0.1890530000E-06      0.4889620000E-03
0.6294000000E-06      0.5861890000E-03      0.2577080000E-06      0.5509610000E-03
0.7924000000E-06      0.7382060000E-03      0.3143180000E-06      0.6137740000E-03
0.9976000000E-06      0.9294890000E-03      0.4281610000E-06      0.6540150000E-03
0.1581000000E-05      0.1470000000E-02      0.7939080000E-06      0.7285460000E-03
0.2506000000E-05      0.2340000000E-02      0.1470480000E-05      0.8500470000E-03
0.3972000000E-05      0.3700000000E-02      0.2722510000E-05      0.8906300000E-03
0.5000000000E-05      0.4660000000E-02      0.3533890000E-05      0.9510480000E-03
0.6294000000E-05      0.5870000000E-02      0.4807140000E-05      0.1100000000E-02
0.7924000000E-05      0.7390000000E-02      0.6541010000E-05      0.1180000000E-02
0.9976000000E-05      0.9310000000E-02      0.8894020000E-05      0.1280000000E-02
0.1256000000E-04      0.1172000000E-01      0.1209590000E-04      0.1300000000E-02
0.1581000000E-04      0.1476000000E-01      0.1562230000E-04      0.1320000000E-02
0.1990000000E-04      0.1858000000E-01      0.2124580000E-04      0.1390000000E-02
0.2506000000E-04      0.2340000000E-01      0.2888530000E-04      0.1470000000E-02
0.3155000000E-04      0.2947000000E-01      0.3713020000E-04      0.1550000000E-02
0.3972000000E-04      0.3712000000E-01      0.5048680000E-04      0.1820000000E-02
0.5000000000E-04      0.4674000000E-01      0.6865560000E-04      0.1960000000E-02
0.6294000000E-04      0.5884000000E-01      0.9330920000E-04      0.2110000000E-02
0.7924000000E-04      0.7416000000E-01      0.1268880000E-03      0.2150000000E-02
0.9976000000E-04      0.9334000000E-01      0.1620900000E-03      0.2190000000E-02
0.1105000000E-03      0.1034400000E+00      0.1805020000E-03      0.2220000000E-02
0.1256000000E-03      0.1175700000E+00      0.2053430000E-03      0.2270000000E-02
0.1581000000E-03      0.1480900000E+00      0.2791790000E-03      0.2300000000E-02
0.1990000000E-03      0.1865100000E+00      0.3630010000E-03      0.2350000000E-02
0.2506000000E-03      0.2349200000E+00      0.4704780000E-03      0.2420000000E-02
0.2572000000E-03      0.2411500000E+00      0.4871430000E-03      0.1640000000E-02
0.2670000000E-03      0.2502100000E+00      0.4925360000E-03      0.6323770000E-03
0.3126000000E-03      0.2932300000E+00      0.5213460000E-03      0.6351150000E-03
0.3951000000E-03      0.3707800000E+00      0.5679160000E-03      0.6395500000E-03
0.4759000000E-03      0.4467600000E+00      0.6136960000E-03      0.6456670000E-03
0.5812000000E-03      0.5456200000E+00      0.6758550000E-03      0.6505920000E-03
0.7143000000E-03      0.6709200000E+00      0.7601150000E-03      0.7025890000E-03
0.8786000000E-03      0.8252300000E+00      0.8731850000E-03      0.7646840000E-03
0.1077000000E-02      0.1012500000E+01      0.1020000000E-02      0.8354260000E-03
0.1314000000E-02      0.1235290000E+01      0.1220000000E-02      0.9276850000E-03
0.1748000000E-02      0.1643560000E+01      0.1620000000E-02      0.1000000000E-02
0.2000000000E-02      0.1880850000E+01      0.2000000000E-02      0.1100000000E-02
0.4000000000E-02      0.3764610000E+01      0.4510000000E-02      0.1460000000E-02
0.6000000000E-02      0.5649800000E+01      0.7500000000E-02      0.1680000000E-02
0.8000000000E-02      0.7536070000E+01      0.1086000000E-01      0.1880000000E-02
0.1000000000E-01      0.9423230000E+01      0.1458000000E-01      0.2070000000E-02
0.1200000000E-01      0.1131116000E+02      0.1867000000E-01      0.2280000000E-02
0.1400000000E-01      0.1319982000E+02      0.2318000000E-01      0.2510000000E-02
0.1600000000E-01      0.1508915000E+02      0.2814000000E-01      0.2760000000E-02
0.1800000000E-01      0.1697914000E+02      0.3361000000E-01      0.3040000000E-02
0.2000000000E-01      0.1886976000E+02      0.3965000000E-01      0.3340000000E-02
0.2200000000E-01      0.2076101000E+02      0.4624000000E-01      0.3660000000E-02
0.2400000000E-01      0.2265290000E+02      0.5348000000E-01      0.3990000000E-02
0.2600000000E-01      0.2454541000E+02      0.6133000000E-01      0.4330000000E-02
0.2800000000E-01      0.2643855000E+02      0.6988000000E-01      0.4680000000E-02
0.3000000000E-01      0.2833233000E+02      0.7906000000E-01      0.5030000000E-02
0.3200000000E-01      0.3022674000E+02      0.8895000000E-01      0.5390000000E-02
0.3400000000E-01      0.3212179000E+02      0.9948000000E-01      0.5740000000E-02
0.3600000000E-01      0.3401748000E+02      0.1107200000E+00      0.6090000000E-02
0.3800000000E-01      0.3591381000E+02      0.1225900000E+00      0.6440000000E-02
0.4000000000E-01      0.3781078000E+02      0.1351400000E+00      0.6790000000E-02
0.4200000000E-01      0.3970840000E+02      0.1483400000E+00      0.7110000000E-02
0.4400000000E-01      0.4160666000E+02      0.1621100000E+00      0.7420000000E-02
0.4600000000E-01      0.4350556000E+02      0.1765200000E+00      0.7740000000E-02
0.4800000000E-01      0.4540510000E+02      0.1915000000E+00      0.8040000000E-02
0.5000000000E-01      0.4730528000E+02      0.2070600000E+00      0.8310000000E-02
0.5200000000E-01      0.4920608000E+02      0.2230900000E+00      0.8580000000E-02
0.5400000000E-01      0.5110752000E+02      0.2396900000E+00      0.8870000000E-02
0.5600000000E-01      0.5300958000E+02      0.2568200000E+00      0.9120000000E-02
0.5800000000E-01      0.5491227000E+02      0.2743700000E+00      0.9340000000E-02
0.6000000000E-01      0.5681556000E+02      0.2923800000E+00      0.9690000000E-02
0.6200000000E-01      0.5871946000E+02      0.3101200000E+00      0.1002000000E-01
0.6400000000E-01      0.6062394000E+02      0.3290400000E+00      0.1028000000E-01
0.6600000000E-01      0.6252904000E+02      0.3483400000E+00      0.1069000000E-01
0.6800000000E-01      0.6443473000E+02      0.3679800000E+00      0.1101000000E-01
0.7000000000E-01      0.6634095000E+02      0.3861300000E+00      0.1136000000E-01
0.1090000000E+00      0.1035952849E+03      0.3903806648E+00      0.1148528376E-01
0.1110000000E+00      0.1055034849E+03      0.4133241695E+00      0.1254413475E-01
0.1130000000E+00      0.1074121169E+03      0.4383674441E+00      0.1367853016E-01
0.1150000000E+00      0.1093212117E+03      0.4656579255E+00      0.1489032376E-01
0.1170000000E+00      0.1112308009E+03      0.4951994594E+00      0.1603432497E-01
0.1190000000E+00      0.1131409145E+03      0.5270855760E+00      0.1733462461E-01
0.1210000000E+00      0.1150515855E+03      0.5615695347E+00      0.1873795254E-01
0.1230000000E+00      0.1169628491E+03      0.5988381619E+00      0.2023414676E-01
0.1250000000E+00      0.1188747424E+03      0.6390681956E+00      0.2182035537E-01
0.1270000000E+00      0.1207873042E+03      0.6824335153E+00      0.2349564752E-01
0.1290000000E+00      0.1227005746E+03      0.7291074328E+00      0.2525980938E-01
0.1310000000E+00      0.1246145951E+03      0.7792638569E+00      0.2711797571E-01
0.1330000000E+00      0.1265294091E+03      0.8330767658E+00      0.2906039131E-01
0.1350000000E+00      0.1284450608E+03      0.8907217598E+00      0.3109220732E-01
0.1370000000E+00      0.1303615959E+03      0.9523751756E+00      0.3321363614E-01
0.1390000000E+00      0.1322790612E+03      0.1018214276E+01      0.3542483970E-01
0.1410000000E+00      0.1341975049E+03      0.1088417240E+01      0.3772742005E-01
0.1430000000E+00      0.1361169763E+03      0.1163162774E+01      0.4011845822E-01
0.1450000000E+00      0.1380375258E+03      0.1242630395E+01      0.4259930228E-01
0.1470000000E+00      0.1399592048E+03      0.1327000025E+01      0.4516978289E-01
0.1490000000E+00      0.1418820660E+03      0.1416451905E+01      0.4782963393E-01
0.1510000000E+00      0.1438061629E+03      0.1511166448E+01      0.5057849083E-01
0.1530000000E+00      0.1457315501E+03      0.1611324083E+01      0.5341061697E-01
0.1550000000E+00      0.1476582829E+03      0.1717105095E+01      0.5633581464E-01
0.1570000000E+00      0.1495864179E+03      0.1828689318E+01      0.5934488546E-01
0.1590000000E+00      0.1515160120E+03      0.1946256590E+01      0.6244378023E-01
0.1610000000E+00      0.1534471234E+03      0.2069985685E+01      0.6562835921E-01
0.1630000000E+00      0.1553798107E+03      0.2200054938E+01      0.6890159750E-01
0.1650000000E+00      0.1573141340E+03      0.2336641057E+01      0.7225065468E-01
0.1670000000E+00      0.1592501529E+03      0.2479920748E+01      0.7568617967E-01
0.1690000000E+00      0.1611879286E+03      0.2630068793E+01      0.7920301067E-01
0.1710000000E+00      0.1631275226E+03      0.2787258790E+01      0.8279982841E-01
0.1730000000E+00      0.1650689967E+03      0.2951663048E+01      0.8648008109E-01
0.1750000000E+00      0.1670124141E+03      0.3123451611E+01      0.9023270533E-01
0.1770000000E+00      0.1689578376E+03      0.3302793372E+01      0.9406086109E-01
0.1790000000E+00      0.1709053310E+03      0.3489855114E+01      0.9796290623E-01
0.1810000000E+00      0.1728549582E+03      0.3684801590E+01      0.1019371261E+00
0.1830000000E+00      0.1748067837E+03      0.3887795402E+01      0.1059817360E+00
0.1850000000E+00      0.1767608723E+03      0.4098996881E+01      0.1100948850E+00
0.1870000000E+00      0.1787172891E+03      0.4318563974E+01      0.1142746600E+00
0.1890000000E+00      0.1806760996E+03      0.4546652135E+01      0.1185190886E+00
0.1910000000E+00      0.1826373693E+03      0.4783414221E+01      0.1228261433E+00
0.1930000000E+00      0.1846011642E+03      0.5029000396E+01      0.1271937454E+00
0.1950000000E+00      0.1865675502E+03      0.5283558032E+01      0.1316197687E+00
0.1970000000E+00      0.1885365936E+03      0.5547231622E+01      0.1360972357E+00
0.1990000000E+00      0.1905083607E+03      0.5820162699E+01      0.1406334176E+00
0.2010000000E+00      0.1924829178E+03      0.6102489752E+01      0.1452213954E+00
0.2030000000E+00      0.1944603313E+03      0.6394348159E+01      0.1498588932E+00
0.2050000000E+00      0.1964406676E+03      0.6695870117E+01      0.1545436080E+00
0.2070000000E+00      0.1984239932E+03      0.7007184581E+01      0.1592732432E+00
0.2090000000E+00      0.2004103743E+03      0.7328417202E+01      0.1640453932E+00
0.2110000000E+00      0.2023998773E+03      0.7659690284E+01      0.1688577275E+00
0.2130000000E+00      0.2043925683E+03      0.8001122737E+01      0.1737078744E+00
0.2150000000E+00      0.2063885132E+03      0.8352830033E+01      0.1785934549E+00
0.2170000000E+00      0.2083877780E+03      0.8714924176E+01      0.1835120870E+00
0.2190000000E+00      0.2103904282E+03      0.9087513671E+01      0.1884613890E+00
0.2210000000E+00      0.2123965293E+03      0.9470703501E+01      0.1934389838E+00
0.2230000000E+00      0.2144061464E+03      0.9864595110E+01      0.1984425022E+00
0.2250000000E+00      0.2164193445E+03      0.1026928639E+02      0.2034695865E+00
0.2270000000E+00      0.2184361881E+03      0.1068487167E+02      0.2085178941E+00
0.2290000000E+00      0.2204567411E+03      0.1111144186E+02      0.2135892651E+00
0.2310000000E+00      0.2224810681E+03      0.1154908390E+02      0.2186731472E+00
0.2330000000E+00      0.2245092324E+03      0.1199788158E+02      0.2237713488E+00
0.2350000000E+00      0.2265412971E+03      0.1245791501E+02      0.2288816199E+00
0.2370000000E+00      0.2285773249E+03      0.1292926080E+02      0.2340017407E+00
0.2390000000E+00      0.2306173783E+03      0.1341199203E+02      0.2391295250E+00
0.2410000000E+00      0.2326615191E+03      0.1390617832E+02      0.2442628218E+00
0.2430000000E+00      0.2347098086E+03      0.1441188585E+02      0.2493995187E+00
0.2450000000E+00      0.2367623079E+03      0.1492917736E+02      0.2545375432E+00
0.2470000000E+00      0.2388190774E+03      0.1545811223E+02      0.2596676700E+00
0.2490000000E+00      0.2408801771E+03      0.1599874650E+02      0.2648021057E+00
0.2510000000E+00      0.2429456662E+03      0.1655113293E+02      0.2699319108E+00
0.2530000000E+00      0.2450156038E+03      0.1711532100E+02      0.2750551933E+00
0.2550000000E+00      0.2470900480E+03      0.1769135704E+02      0.2801701103E+00
0.2570000000E+00      0.2491690568E+03      0.1827928419E+02      0.2852748689E+00
0.2590000000E+00      0.2512526871E+03      0.1887914255E+02      0.2903677281E+00
0.2610000000E+00      0.2533409957E+03      0.1949096914E+02      0.2954469989E+00
0.2630000000E+00      0.2554340385E+03      0.2011479806E+02      0.3005110459E+00
0.2650000000E+00      0.2575318709E+03      0.2075066045E+02      0.3055582873E+00
0.2670000000E+00      0.2596345477E+03      0.2139858463E+02      0.3105871960E+00
0.2690000000E+00      0.2617421231E+03      0.2205859615E+02      0.3155962997E+00
0.2710000000E+00      0.2638546505E+03      0.2273071783E+02      0.3205841810E+00
0.2730000000E+00      0.2659721829E+03      0.2341496983E+02      0.3255494783E+00
0.2750000000E+00      0.2680947726E+03      0.2411136977E+02      0.3304908848E+00
0.2770000000E+00      0.2702224712E+03      0.2481993271E+02      0.3354071492E+00
0.2790000000E+00      0.2723553297E+03      0.2554067130E+02      0.3402970752E+00
0.2810000000E+00      0.2744933983E+03      0.2627359583E+02      0.3451595212E+00
0.2830000000E+00      0.2766367268E+03      0.2701871427E+02      0.3499933998E+00
0.2850000000E+00      0.2787853643E+03      0.2777603237E+02      0.3547976775E+00
0.2870000000E+00      0.2809393590E+03      0.2854555372E+02      0.3595713742E+00
0.2890000000E+00      0.2830987586E+03      0.2932727984E+02      0.3643135621E+00
0.2910000000E+00      0.2852636104E+03      0.3012121022E+02      0.3690233655E+00
0.2930000000E+00      0.2874339606E+03      0.3092734240E+02      0.3736999596E+00
0.2950000000E+00      0.2896098549E+03      0.3174567207E+02      0.3783425698E+00
0.2970000000E+00      0.2917913386E+03      0.3257619310E+02      0.3829504707E+00
0.2990000000E+00      0.2939784559E+03      0.3341889763E+02      0.3875229852E+00
0.3010000000E+00      0.2961712508E+03      0.3427377613E+02      0.3920594835E+00
0.3030000000E+00      0.2983697662E+03      0.3514081747E+02      0.3965593818E+00
0.3050000000E+00      0.3005740447E+03      0.3602000901E+02      0.4010264859E+00
0.3070000000E+00      0.3027841282E+03      0.3691133658E+02      0.4054516830E+00
0.3090000000E+00      0.3050000578E+03      0.3781478468E+02      0.4098387934E+00
0.3110000000E+00      0.3072218742E+03      0.3873033644E+02      0.4141874069E+00
0.3130000000E+00      0.3094496172E+03      0.3965797369E+02      0.4184971534E+00
0.3150000000E+00      0.3116833261E+03      0.4059767710E+02      0.4227677020E+00
0.3170000000E+00      0.3139230395E+03      0.4154942612E+02      0.4269987599E+00
0.3190000000E+00      0.3161687956E+03      0.4251319916E+02      0.4311900708E+00
0.3210000000E+00      0.3184206318E+03      0.4348897354E+02      0.4353414140E+00
0.3230000000E+00      0.3206785848E+03      0.4447672564E+02      0.4394526029E+00
0.3250000000E+00      0.3229426910E+03      0.4547643088E+02      0.4435234840E+00
0.3270000000E+00      0.3252129858E+03      0.4648806380E+02      0.4475539355E+00
0.3290000000E+00      0.3274895044E+03      0.4751159815E+02      0.4515438662E+00
0.3310000000E+00      0.3297722811E+03      0.4854700686E+02      0.4554932141E+00
0.3330000000E+00      0.3320613499E+03      0.4959426217E+02      0.4594019454E+00
0.3350000000E+00      0.3343567439E+03      0.5065333561E+02      0.4632700532E+00
0.3370000000E+00      0.3366584960E+03      0.5172419812E+02      0.4670975565E+00
0.3390000000E+00      0.3389666381E+03      0.5280682000E+02      0.4708844988E+00
0.3410000000E+00      0.3412812021E+03      0.5390117105E+02      0.4746309471E+00
0.3430000000E+00      0.3436022188E+03      0.5500722054E+02      0.4783369908E+00
0.3450000000E+00      0.3459297187E+03      0.5612493728E+02      0.4820027407E+00
0.3470000000E+00      0.3482637319E+03      0.5725428968E+02      0.4856283277E+00
0.3490000000E+00      0.3506042878E+03      0.5839524572E+02      0.4892139021E+00
0.3510000000E+00      0.3529514152E+03      0.5954777308E+02      0.4927596321E+00
0.3530000000E+00      0.3553051426E+03      0.6071183907E+02      0.4962657034E+00
0.3550000000E+00      0.3576654979E+03      0.6188741078E+02      0.4997323177E+00
0.3570000000E+00      0.3600325084E+03      0.6307445500E+02      0.5031596923E+00
0.3590000000E+00      0.3624062011E+03      0.6427293832E+02      0.5065480586E+00
0.3610000000E+00      0.3647866022E+03      0.6548282715E+02      0.5098976618E+00
0.3630000000E+00      0.3671737379E+03      0.6670408772E+02      0.5132087596E+00
0.3650000000E+00      0.3695676335E+03      0.6793668615E+02      0.5164816217E+00
0.3670000000E+00      0.3719683141E+03      0.6918058843E+02      0.5197165286E+00
0.3690000000E+00      0.3743758041E+03      0.7043576050E+02      0.5229137714E+00
0.3710000000E+00      0.3767901276E+03      0.7170216820E+02      0.5260736506E+00
0.3730000000E+00      0.3792113083E+03      0.7297977737E+02      0.5291964801E+00
0.3750000000E+00      0.3816393694E+03      0.7426855382E+02      0.5322825682E+00
0.3770000000E+00      0.3840743337E+03      0.7556846338E+02      0.5353322444E+00
0.3790000000E+00      0.3865162235E+03      0.7687947189E+02      0.5383458405E+00
0.3810000000E+00      0.3889650607E+03      0.7820154525E+02      0.5413236945E+00
0.3830000000E+00      0.3914208669E+03      0.7953464942E+02      0.5442661502E+00
0.3850000000E+00      0.3938836631E+03      0.8087875044E+02      0.5471735561E+00
0.3870000000E+00      0.3963534702E+03      0.8223381444E+02      0.5500462656E+00
0.3890000000E+00      0.3988303085E+03      0.8359980769E+02      0.5528846361E+00
0.3910000000E+00      0.4013141978E+03      0.8497669654E+02      0.5556890284E+00
0.3930000000E+00      0.4038051578E+03      0.8636444753E+02      0.5584598062E+00
0.3950000000E+00      0.4063032078E+03      0.8776302731E+02      0.5611973363E+00
0.3970000000E+00      0.4088083664E+03      0.8917240272E+02      0.5639019874E+00
0.3990000000E+00      0.4113206523E+03      0.9059254077E+02      0.5665741298E+00
0.4010000000E+00      0.4138400836E+03      0.9202340865E+02      0.5692141356E+00
0.4030000000E+00      0.4163666781E+03      0.9346497376E+02      0.5718223777E+00
0.4050000000E+00      0.4189004532E+03      0.9491720369E+02      0.5743992296E+00
0.4070000000E+00      0.4214414260E+03      0.9638006626E+02      0.5769450655E+00
0.4090000000E+00      0.4239896135E+03      0.9785352950E+02      0.5794602592E+00
0.4110000000E+00      0.4265450319E+03      0.9933756168E+02      0.5819451847E+00
0.4130000000E+00      0.4291076976E+03      0.1008321313E+03      0.5844002151E+00
0.4150000000E+00      0.4316776263E+03      0.1023372071E+03      0.5868257229E+00
0.4170000000E+00      0.4342548336E+03      0.1038527581E+03      0.5892220796E+00
0.4190000000E+00      0.4368393348E+03      0.1053787535E+03      0.5915896553E+00
0.4210000000E+00      0.4394311449E+03      0.1069151628E+03      0.5939288186E+00
0.4230000000E+00      0.4420302785E+03      0.1084619559E+03      0.5962399366E+00
0.4250000000E+00      0.4446367500E+03      0.1100191027E+03      0.5985233744E+00
0.4270000000E+00      0.4472505735E+03      0.1115865735E+03      0.6007794949E+00
0.4290000000E+00      0.4498717629E+03      0.1131643391E+03      0.6030086590E+00
0.4310000000E+00      0.4525003319E+03      0.1147523701E+03      0.6052112252E+00
0.4330000000E+00      0.4551362936E+03      0.1163506378E+03      0.6073875493E+00
0.4350000000E+00      0.4577796612E+03      0.1179591137E+03      0.6095379844E+00
0.4370000000E+00      0.4604304475E+03      0.1195777693E+03      0.6116628812E+00
0.4390000000E+00      0.4630886650E+03      0.1212065768E+03      0.6137625871E+00
0.4410000000E+00      0.4657543262E+03      0.1228455084E+03      0.6158374466E+00
0.4430000000E+00      0.4684274430E+03      0.1244945366E+03      0.6178878012E+00
0.4450000000E+00      0.4711080274E+03      0.1261536345E+03      0.6199139891E+00
0.4470000000E+00      0.4737960910E+03      0.1278227751E+03      0.6219163507E+00
0.4490000000E+00      0.4764916452E+03      0.1295019319E+03      0.6238952069E+00
0.4510000000E+00      0.4791947012E+03      0.1311910786E+03      0.6258508911E+00
0.4530000000E+00      0.4819052699E+03      0.1328901892E+03      0.6277837282E+00
0.4550000000E+00      0.4846233622E+03      0.1345992382E+03      0.6296940395E+00
0.4570000000E+00      0.4873489886E+03      0.1363182001E+03      0.6315821426E+00
0.4590000000E+00      0.4900821594E+03      0.1380470497E+03      0.6334483515E+00
0.4610000000E+00      0.4928228848E+03      0.1397857624E+03      0.6352929768E+00
0.4630000000E+00      0.4955711748E+03      0.1415343136E+03      0.6371163251E+00
0.4650000000E+00      0.4983270391E+03      0.1432926790E+03      0.6389186996E+00
0.4670000000E+00      0.5010904874E+03      0.1450608348E+03      0.6407003996E+00
0.4690000000E+00      0.5038615289E+03      0.1468387571E+03      0.6424617208E+00
0.4710000000E+00      0.5066401730E+03      0.1486264228E+03      0.6442029551E+00
0.4730000000E+00      0.5094264287E+03      0.1504238087E+03      0.6459243906E+00
0.4750000000E+00      0.5122203048E+03      0.1522308918E+03      0.6476263119E+00
0.4770000000E+00      0.5150218101E+03      0.1540476499E+03      0.6493089995E+00
0.4790000000E+00      0.5178309530E+03      0.1558740604E+03      0.6509727305E+00
0.4810000000E+00      0.5206477420E+03      0.1577101015E+03      0.6526177780E+00
0.4830000000E+00      0.5234721852E+03      0.1595557515E+03      0.6542444115E+00
0.4850000000E+00      0.5263042907E+03      0.1614109888E+03      0.6558528968E+00
0.4870000000E+00      0.5291440664E+03      0.1632757923E+03      0.6574434961E+00
0.4890000000E+00      0.5319915200E+03      0.1651501411E+03      0.6590164676E+00
0.4910000000E+00      0.5348466592E+03      0.1670340145E+03      0.6605720662E+00
0.4930000000E+00      0.5377094913E+03      0.1689273921E+03      0.6621105430E+00
0.4950000000E+00      0.5405800237E+03      0.1708302538E+03      0.6636321454E+00
0.4970000000E+00      0.5434582636E+03      0.1727425797E+03      0.6651371175E+00
0.4990000000E+00      0.5463442179E+03      0.1746643501E+03      0.6666256994E+00
0.5010000000E+00      0.5492378936E+03      0.1765955458E+03      0.6680981281E+00
0.5030000000E+00      0.5521392975E+03      0.1785361474E+03      0.6695546369E+00
0.5050000000E+00      0.5550484361E+03      0.1804861362E+03      0.6709954555E+00
0.5070000000E+00      0.5579653161E+03      0.1824454935E+03      0.6724208105E+00
0.5090000000E+00      0.5608899437E+03      0.1844142009E+03      0.6738309247E+00
0.5110000000E+00      0.5638223252E+03      0.1863922402E+03      0.6752260178E+00
0.5130000000E+00      0.5667624667E+03      0.1883795935E+03      0.6766063060E+00
0.5150000000E+00      0.5697103744E+03      0.1903762431E+03      0.6779720024E+00
0.5170000000E+00      0.5726660541E+03      0.1923821714E+03      0.6793233166E+00
0.5190000000E+00      0.5756295115E+03      0.1943973613E+03      0.6806604551E+00
0.5210000000E+00      0.5786007525E+03      0.1964217957E+03      0.6819836212E+00
0.5230000000E+00      0.5815797824E+03      0.1984554578E+03      0.6832930149E+00
0.5250000000E+00      0.5845666070E+03      0.2004983311E+03      0.6845888334E+00
0.5270000000E+00      0.5875612314E+03      0.2025503990E+03      0.6858712705E+00
0.5290000000E+00      0.5905636609E+03      0.2046116456E+03      0.6871405172E+00
0.5310000000E+00      0.5935739008E+03      0.2066820548E+03      0.6883967612E+00
0.5330000000E+00      0.5965919560E+03      0.2087616108E+03      0.6896401875E+00
0.5350000000E+00      0.5996178316E+03      0.2108502982E+03      0.6908709782E+00
0.5370000000E+00      0.6026515324E+03      0.2129481016E+03      0.6920893162E+00
0.5390000000E+00      0.6056930633E+03      0.2150550059E+03      0.6932953700E+00
0.5410000000E+00      0.6087424287E+03      0.2171709961E+03      0.6944893169E+00
0.5430000000E+00      0.6117996335E+03      0.2192960575E+03      0.6956713278E+00
0.5450000000E+00      0.6148646821E+03      0.2214301755E+03      0.6968415704E+00
0.5470000000E+00      0.6179375789E+03      0.2235733357E+03      0.6980002103E+00
0.5490000000E+00      0.6210183282E+03      0.2257255240E+03      0.6991474100E+00
0.5510000000E+00      0.6241069344E+03      0.2278867264E+03      0.7002833295E+00
0.5530000000E+00      0.6272034016E+03      0.2300569291E+03      0.7014081263E+00
0.5550000000E+00      0.6303077338E+03      0.2322361183E+03      0.7025219554E+00
0.5570000000E+00      0.6334199352E+03      0.2344242808E+03      0.7036249692E+00
0.5590000000E+00      0.6365400096E+03      0.2366214031E+03      0.7047173177E+00
0.5610000000E+00      0.6396679609E+03      0.2388274721E+03      0.7057991485E+00
0.5630000000E+00      0.6428037929E+03      0.2410424750E+03      0.7068706068E+00
0.5650000000E+00      0.6459475093E+03      0.2432663989E+03      0.7079318354E+00
0.5670000000E+00      0.6490991138E+03      0.2454992312E+03      0.7089829750E+00
0.5690000000E+00      0.6522586099E+03      0.2477409595E+03      0.7100241637E+00
0.5710000000E+00      0.6554260012E+03      0.2499915715E+03      0.7110555376E+00
0.5730000000E+00      0.6586012910E+03      0.2522510549E+03      0.7120772307E+00
0.5750000000E+00      0.6617844829E+03      0.2545193980E+03      0.7130893745E+00
0.5770000000E+00      0.6649755800E+03      0.2567965887E+03      0.7140920987E+00
0.5790000000E+00      0.6681745856E+03      0.2590826155E+03      0.7150855308E+00
0.5810000000E+00      0.6713815030E+03      0.2613774668E+03      0.7160697961E+00
0.5830000000E+00      0.6745963352E+03      0.2636811313E+03      0.7170450180E+00
0.5850000000E+00      0.6778190852E+03      0.2659935976E+03      0.7180113181E+00
0.5870000000E+00      0.6810497562E+03      0.2683148547E+03      0.7189688156E+00
0.5890000000E+00      0.6842883510E+03      0.2706448917E+03      0.7199176282E+00
0.5910000000E+00      0.6875348726E+03      0.2729836977E+03      0.7208578715E+00
0.5930000000E+00      0.6907893237E+03      0.2753312620E+03      0.7217896592E+00
0.5950000000E+00      0.6940517071E+03      0.2776875741E+03      0.7227131034E+00
0.5970000000E+00      0.6973220256E+03      0.2800526235E+03      0.7236283141E+00
0.5990000000E+00      0.7006002819E+03      0.2824264001E+03      0.7245353997E+00
0.6010000000E+00      0.7038864784E+03      0.2848088936E+03      0.7254344668E+00
0.6030000000E+00      0.7071806180E+03      0.2872000939E+03      0.7263256205E+00
0.6050000000E+00      0.7104827029E+03      0.2895999913E+03      0.7272089639E+00
0.6070000000E+00      0.7137927358E+03      0.2920085758E+03      0.7280845987E+00
0.6090000000E+00      0.7171107189E+03      0.2944258379E+03      0.7289526248E+00
0.6110000000E+00      0.7204366548E+03      0.2968517680E+03      0.7298131406E+00
0.6130000000E+00      0.7237705457E+03      0.2992863566E+03      0.7306662429E+00
0.6150000000E+00      0.7271123939E+03      0.3017295944E+03      0.7315120271E+00
0.6170000000E+00      0.7304622016E+03      0.3041814723E+03      0.7323505868E+00
0.6190000000E+00      0.7338199711E+03      0.3066419812E+03      0.7331820144E+00
0.6210000000E+00      0.7371857045E+03      0.3091111120E+03      0.7340064006E+00
0.6230000000E+00      0.7405594038E+03      0.3115888559E+03      0.7348238349E+00
0.6250000000E+00      0.7439410712E+03      0.3140752042E+03      0.7356344051E+00
0.6270000000E+00      0.7473307086E+03      0.3165701482E+03      0.7364381980E+00
0.6290000000E+00      0.7507283181E+03      0.3190736793E+03      0.7372352986E+00
0.6310000000E+00      0.7541339016E+03      0.3215857890E+03      0.7380257910E+00
0.6330000000E+00      0.7575474610E+03      0.3241064691E+03      0.7388097575E+00
0.6350000000E+00      0.7609689982E+03      0.3266357113E+03      0.7395872796E+00
0.6370000000E+00      0.7643985149E+03      0.3291735075E+03      0.7403584372E+00
0.6390000000E+00      0.7678360130E+03      0.3317198495E+03      0.7411233090E+00
0.6410000000E+00      0.7712814943E+03      0.3342747294E+03      0.7418819726E+00
0.6430000000E+00      0.7747349604E+03      0.3368381393E+03      0.7426345043E+00
0.6450000000E+00      0.7781964130E+03      0.3394100716E+03      0.7433809792E+00
0.6470000000E+00      0.7816658538E+03      0.3419905184E+03      0.7441214713E+00
0.6490000000E+00      0.7851432845E+03      0.3445794722E+03      0.7448560534E+00
0.6510000000E+00      0.7886287065E+03      0.3471769255E+03      0.7455847973E+00
0.6530000000E+00      0.7921221214E+03      0.3497828708E+03      0.7463077734E+00
0.6550000000E+00      0.7956235308E+03      0.3523973009E+03      0.7470250537E+00
0.6570000000E+00      0.7991329362E+03      0.3550202085E+03      0.7477367020E+00
0.6590000000E+00      0.8026503389E+03      0.3576515864E+03      0.7484427880E+00
0.6610000000E+00      0.8061757404E+03      0.3602914275E+03      0.7491433780E+00
0.6630000000E+00      0.8097091422E+03      0.3629397248E+03      0.7498385375E+00
0.6650000000E+00      0.8132505455E+03      0.3655964714E+03      0.7505283308E+00
0.6670000000E+00      0.8167999517E+03      0.3682616604E+03      0.7512128212E+00
0.6690000000E+00      0.8203573622E+03      0.3709352852E+03      0.7518920714E+00
0.6710000000E+00      0.8239227782E+03      0.3736173389E+03      0.7525661426E+00
0.6730000000E+00      0.8274962009E+03      0.3763078150E+03      0.7532350955E+00
0.6750000000E+00      0.8310776315E+03      0.3790067069E+03      0.7538989899E+00
0.6770000000E+00      0.8346670714E+03      0.3817140081E+03      0.7545578843E+00
0.6790000000E+00      0.8382645216E+03      0.3844297123E+03      0.7552118367E+00
0.6810000000E+00      0.8418699833E+03      0.3871538131E+03      0.7558609042E+00
0.6830000000E+00      0.8454834577E+03      0.3898863043E+03      0.7565051430E+00
0.6850000000E+00      0.8491049457E+03      0.3926271796E+03      0.7571446082E+00
0.6870000000E+00      0.8527344485E+03      0.3953764329E+03      0.7577793546E+00
0.6890000000E+00      0.8563719672E+03      0.3981340583E+03      0.7584094358E+00
0.6910000000E+00      0.8600175027E+03      0.4009000496E+03      0.7590349047E+00
0.6930000000E+00      0.8636710561E+03      0.4036744009E+03      0.7596558135E+00
0.6950000000E+00      0.8673326283E+03      0.4064571065E+03      0.7602722136E+00
0.6970000000E+00      0.8710022203E+03      0.4092481604E+03      0.7608841556E+00
0.6990000000E+00      0.8746798331E+03      0.4120475570E+03      0.7614916894E+00
0.7010000000E+00      0.8783654675E+03      0.4148552906E+03      0.7620948642E+00
0.7030000000E+00      0.8820591245E+03      0.4176713555E+03      0.7626937285E+00
0.7050000000E+00      0.8857608048E+03      0.4204957462E+03      0.7632883300E+00
0.7070000000E+00      0.8894705094E+03      0.4233284572E+03      0.7638787157E+00
0.7090000000E+00      0.8931882391E+03      0.4261694831E+03      0.7644649322E+00
0.7110000000E+00      0.8969139947E+03      0.4290188184E+03      0.7650470250E+00
0.7130000000E+00      0.9006477770E+03      0.4318764579E+03      0.7656250394E+00
0.7150000000E+00      0.9043895867E+03      0.4347423962E+03      0.7661990197E+00
0.7170000000E+00      0.9081394247E+03      0.4376166282E+03      0.7667690097E+00
0.7190000000E+00      0.9118972916E+03      0.4404991487E+03      0.7673350526E+00
0.7210000000E+00      0.9156631882E+03      0.4433899525E+03      0.7678971910E+00
0.7230000000E+00      0.9194371151E+03      0.4462890346E+03      0.7684554668E+00
0.7250000000E+00      0.9232190730E+03      0.4491963900E+03      0.7690099215E+00
0.7270000000E+00      0.9270090627E+03      0.4521120137E+03      0.7695605957E+00
0.7290000000E+00      0.9308070847E+03      0.4550359009E+03      0.7701075299E+00
0.7310000000E+00      0.9346131396E+03      0.4579680467E+03      0.7706507635E+00
0.7330000000E+00      0.9384272282E+03      0.4609084461E+03      0.7711903358E+00
0.7350000000E+00      0.9422493509E+03      0.4638570946E+03      0.7717262853E+00
0.7370000000E+00      0.9460795083E+03      0.4668139874E+03      0.7722586500E+00
0.7390000000E+00      0.9499177011E+03      0.4697791198E+03      0.7727874675E+00
0.7410000000E+00      0.9537639297E+03      0.4727524872E+03      0.7733127748E+00
0.7430000000E+00      0.9576181947E+03      0.4757340850E+03      0.7738346083E+00
0.7450000000E+00      0.9614804967E+03      0.4787239086E+03      0.7743530040E+00
0.7470000000E+00      0.9653508360E+03      0.4817219537E+03      0.7748679975E+00
0.7490000000E+00      0.9692292132E+03      0.4847282157E+03      0.7753796238E+00
0.7510000000E+00      0.9731156288E+03      0.4877426903E+03      0.7758879173E+00
0.7530000000E+00      0.9770100833E+03      0.4907653731E+03      0.7763929122E+00
0.7550000000E+00      0.9809125770E+03      0.4937962598E+03      0.7768946422E+00
0.7570000000E+00      0.9848231104E+03      0.4968353460E+03      0.7773931403E+00
0.7590000000E+00      0.9887416839E+03      0.4998826276E+03      0.7778884393E+00
0.7610000000E+00      0.9926682979E+03      0.5029381005E+03      0.7783805714E+00
0.7630000000E+00      0.9966029528E+03      0.5060017603E+03      0.7788695686E+00
0.7650000000E+00      0.1000545649E+04      0.5090736030E+03      0.7793554622E+00
0.7670000000E+00      0.1004496387E+04      0.5121536246E+03      0.7798382834E+00
0.7690000000E+00      0.1008455167E+04      0.5152418210E+03      0.7803180625E+00
0.7710000000E+00      0.1012421989E+04      0.5183381882E+03      0.7807948300E+00
0.7730000000E+00      0.1016396854E+04      0.5214427222E+03      0.7812686156E+00
0.7750000000E+00      0.1020379762E+04      0.5245554192E+03      0.7817394487E+00
0.7770000000E+00      0.1024370713E+04      0.5276762751E+03      0.7822073583E+00
0.7790000000E+00      0.1028369708E+04      0.5308052862E+03      0.7826723731E+00
0.7810000000E+00      0.1032376747E+04      0.5339424487E+03      0.7831345213E+00
0.7830000000E+00      0.1036391829E+04      0.5370877588E+03      0.7835938310E+00
0.7850000000E+00      0.1040414957E+04      0.5402412127E+03      0.7840503296E+00
0.7870000000E+00      0.1044446128E+04      0.5434028067E+03      0.7845040443E+00
0.7890000000E+00      0.1048485345E+04      0.5465725371E+03      0.7849550021E+00
0.7910000000E+00      0.1052532607E+04      0.5497504003E+03      0.7854032293E+00
0.7930000000E+00      0.1056587914E+04      0.5529363926E+03      0.7858487523E+00
0.7950000000E+00      0.1060651267E+04      0.5561305106E+03      0.7862915967E+00
0.7970000000E+00      0.1064722665E+04      0.5593327506E+03      0.7867317882E+00
0.7990000000E+00      0.1068802110E+04      0.5625431091E+03      0.7871693520E+00
0.8010000000E+00      0.1072889600E+04      0.5657615826E+03      0.7876043128E+00
0.8030000000E+00      0.1076985137E+04      0.5689881677E+03      0.7880366952E+00
0.8050000000E+00      0.1081088720E+04      0.5722228609E+03      0.7884665236E+00
0.8070000000E+00      0.1085200350E+04      0.5754656589E+03      0.7888938219E+00
0.8090000000E+00      0.1089320026E+04      0.5787165583E+03      0.7893186136E+00
0.8110000000E+00      0.1093447749E+04      0.5819755557E+03      0.7897409222E+00
0.8130000000E+00      0.1097583520E+04      0.5852426479E+03      0.7901607708E+00
0.8150000000E+00      0.1101727337E+04      0.5885178315E+03      0.7905781832E+00
0.8170000000E+00      0.1105879201E+04      0.5918011033E+03      0.7909931797E+00
0.8190000000E+00      0.1110039113E+04      0.5950924601E+03      0.7914057836E+00
0.8210000000E+00      0.1114207072E+04      0.5983918987E+03      0.7918160169E+00
0.8230000000E+00      0.1118383079E+04      0.6016994159E+03      0.7922239014E+00
0.8250000000E+00      0.1122567133E+04      0.6050150085E+03      0.7926294583E+00
0.8270000000E+00      0.1126759235E+04      0.6083386736E+03      0.7930327089E+00
0.8290000000E+00      0.1130959384E+04      0.6116704079E+03      0.7934336741E+00
0.8310000000E+00      0.1135167581E+04      0.6150102084E+03      0.7938323745E+00
0.8330000000E+00      0.1139383826E+04      0.6183580721E+03      0.7942288306E+00
0.8350000000E+00      0.1143608119E+04      0.6217139959E+03      0.7946230626E+00
0.8370000000E+00      0.1147840459E+04      0.6250779770E+03      0.7950150902E+00
0.8390000000E+00      0.1152080847E+04      0.6284500122E+03      0.7954049333E+00
0.8410000000E+00      0.1156329283E+04      0.6318300987E+03      0.7957926112E+00
0.8430000000E+00      0.1160585767E+04      0.6352182336E+03      0.7961781432E+00
0.8450000000E+00      0.1164850299E+04      0.6386144139E+03      0.7965615483E+00
0.8470000000E+00      0.1169122878E+04      0.6420186369E+03      0.7969428452E+00
0.8490000000E+00      0.1173403505E+04      0.6454308996E+03      0.7973220526E+00
0.8510000000E+00      0.1177692180E+04      0.6488511992E+03      0.7976991887E+00
0.8530000000E+00      0.1181988903E+04      0.6522795330E+03      0.7980742716E+00
0.8550000000E+00      0.1186293673E+04      0.6557158982E+03      0.7984473192E+00
0.8570000000E+00      0.1190606492E+04      0.6591602920E+03      0.7988183493E+00
0.8590000000E+00      0.1194927357E+04      0.6626127117E+03      0.7991873794E+00
0.8610000000E+00      0.1199256271E+04      0.6660731545E+03      0.7995544267E+00
0.8630000000E+00      0.1203593232E+04      0.6695416179E+03      0.7999195083E+00
0.8650000000E+00      0.1207938240E+04      0.6730180991E+03      0.8002826411E+00
0.8670000000E+00      0.1212291296E+04      0.6765025955E+03      0.8006438419E+00
0.8690000000E+00      0.1216652399E+04      0.6799951045E+03      0.8010031271E+00
0.8710000000E+00      0.1221021549E+04      0.6834956234E+03      0.8013605130E+00
0.8730000000E+00      0.1225398746E+04      0.6870041498E+03      0.8017160159E+00
0.8750000000E+00      0.1229783990E+04      0.6905206809E+03      0.8020696515E+00
0.8770000000E+00      0.1234177282E+04      0.6940452144E+03      0.8024214359E+00
0.8790000000E+00      0.1238578620E+04      0.6975777476E+03      0.8027713843E+00
0.8810000000E+00      0.1242988005E+04      0.7011182780E+03      0.8031195125E+00
0.8830000000E+00      0.1247405436E+04      0.7046668033E+03      0.8034658356E+00
0.8850000000E+00      0.1251830914E+04      0.7082233208E+03      0.8038103686E+00
0.8870000000E+00      0.1256264438E+04      0.7117878282E+03      0.8041531265E+00
0.8890000000E+00      0.1260706009E+04      0.7153603231E+03      0.8044941240E+00
0.8910000000E+00      0.1265155625E+04      0.7189408030E+03      0.8048333757E+00
0.8930000000E+00      0.1269613288E+04      0.7225292656E+03      0.8051708961E+00
0.8950000000E+00      0.1274078996E+04      0.7261257085E+03      0.8055066993E+00
0.8970000000E+00      0.1278552750E+04      0.7297301292E+03      0.8058407995E+00
0.8990000000E+00      0.1283034549E+04      0.7333425256E+03      0.8061732107E+00
0.9010000000E+00      0.1287524394E+04      0.7369628952E+03      0.8065039466E+00
0.9030000000E+00      0.1292022284E+04      0.7405912358E+03      0.8068330209E+00
0.9050000000E+00      0.1296528219E+04      0.7442275452E+03      0.8071604470E+00
0.9070000000E+00      0.1301042199E+04      0.7478718209E+03      0.8074862384E+00
0.9090000000E+00      0.1305564224E+04      0.7515240608E+03      0.8078104083E+00
0.9110000000E+00      0.1310094293E+04      0.7551842627E+03      0.8081329697E+00
0.9130000000E+00      0.1314632406E+04      0.7588524242E+03      0.8084539355E+00
0.9150000000E+00      0.1319178564E+04      0.7625285434E+03      0.8087733185E+00
0.9170000000E+00      0.1323732765E+04      0.7662126178E+03      0.8090911314E+00
0.9190000000E+00      0.1328295010E+04      0.7699046455E+03      0.8094073867E+00
0.9210000000E+00      0.1332865299E+04      0.7736046241E+03      0.8097220967E+00
0.9230000000E+00      0.1337443631E+04      0.7773125517E+03      0.8100352738E+00
0.9250000000E+00      0.1342030006E+04      0.7810284261E+03      0.8103469300E+00
0.9270000000E+00      0.1346624424E+04      0.7847522451E+03      0.8106570774E+00
0.9290000000E+00      0.1351226885E+04      0.7884840067E+03      0.8109657277E+00
0.9310000000E+00      0.1355837388E+04      0.7922237088E+03      0.8112728928E+00
0.9330000000E+00      0.1360455933E+04      0.7959713493E+03      0.8115785842E+00
0.9350000000E+00      0.1365082521E+04      0.7997269263E+03      0.8118828135E+00
0.9370000000E+00      0.1369717150E+04      0.8034904376E+03      0.8121855920E+00
0.9390000000E+00      0.1374359821E+04      0.8072618812E+03      0.8124869310E+00
0.9410000000E+00      0.1379010533E+04      0.8110412553E+03      0.8127868417E+00
0.9430000000E+00      0.1383669287E+04      0.8148285577E+03      0.8130853350E+00
0.9450000000E+00      0.1388336081E+04      0.8186237865E+03      0.8133824218E+00
0.9470000000E+00      0.1393010916E+04      0.8224269397E+03      0.8136781131E+00
0.9490000000E+00      0.1397693791E+04      0.8262380154E+03      0.8139724194E+00
0.9510000000E+00      0.1402384706E+04      0.8300570117E+03      0.8142653513E+00
0.9530000000E+00      0.1407083661E+04      0.8338839266E+03      0.8145569194E+00
0.9550000000E+00      0.1411790656E+04      0.8377187582E+03      0.8148471339E+00
0.9570000000E+00      0.1416505690E+04      0.8415615047E+03      0.8151360052E+00
0.9590000000E+00      0.1421228763E+04      0.8454121642E+03      0.8154235434E+00
0.9610000000E+00      0.1425959875E+04      0.8492707347E+03      0.8157097585E+00
0.9630000000E+00      0.1430699026E+04      0.8531372145E+03      0.8159946605E+00
0.9650000000E+00      0.1435446215E+04      0.8570116018E+03      0.8162782593E+00
0.9670000000E+00      0.1440201442E+04      0.8608938946E+03      0.8165605645E+00
0.9690000000E+00      0.1444964706E+04      0.8647840911E+03      0.8168415860E+00
0.9710000000E+00      0.1449736008E+04      0.8686821896E+03      0.8171213331E+00
0.9730000000E+00      0.1454515348E+04      0.8725881884E+03      0.8173998155E+00
0.9750000000E+00      0.1459302724E+04      0.8765020855E+03      0.8176770423E+00
0.9770000000E+00      0.1464098136E+04      0.8804238792E+03      0.8179530230E+00
0.9790000000E+00      0.1468901585E+04      0.8843535678E+03      0.8182277668E+00
0.9810000000E+00      0.1473713071E+04      0.8882911496E+03      0.8185012826E+00
0.9830000000E+00      0.1478532591E+04      0.8922366227E+03      0.8187735795E+00
0.9850000000E+00      0.1483360148E+04      0.8961899856E+03      0.8190446664E+00
0.9870000000E+00      0.1488195739E+04      0.9001512364E+03      0.8193145523E+00
0.9890000000E+00      0.1493039365E+04      0.9041203735E+03      0.8195832457E+00
0.9910000000E+00      0.1497891026E+04      0.9080973952E+03      0.8198507553E+00
0.9930000000E+00      0.1502750721E+04      0.9120822999E+03      0.8201170898E+00
0.9950000000E+00      0.1507618450E+04      0.9160750858E+03      0.8203822576E+00
0.9970000000E+00      0.1512494213E+04      0.9200757513E+03      0.8206462671E+00
0.9990000000E+00      0.1517378008E+04      0.9240842948E+03      0.8209091266E+00
0.1001000000E+01      0.1522269837E+04      0.9281007147E+03      0.8211708445E+00
0.1003000000E+01      0.1527169699E+04      0.9321250092E+03      0.8214314287E+00
0.1005000000E+01      0.1532077593E+04      0.9361571770E+03      0.8216908876E+00
0.1007000000E+01      0.1536993519E+04      0.9401972162E+03      0.8219492290E+00
0.1009000000E+01      0.1541917476E+04      0.9442451253E+03      0.8222064609E+00
0.1011000000E+01      0.1546849465E+04      0.9483009029E+03      0.8224625911E+00
0.1013000000E+01      0.1551789486E+04      0.9523645472E+03      0.8227176275E+00
0.1015000000E+01      0.1556737537E+04      0.9564360567E+03      0.8229715777E+00
0.1017000000E+01      0.1561693618E+04      0.9605154300E+03      0.8232244494E+00
0.1019000000E+01      0.1566657729E+04      0.9646026654E+03      0.8234762501E+00
0.1021000000E+01      0.1571629871E+04      0.9686977614E+03      0.8237269874E+00
0.1023000000E+01      0.1576610041E+04      0.9728007166E+03      0.8239766686E+00
0.1025000000E+01      0.1581598241E+04      0.9769115293E+03      0.8242253011E+00
0.1027000000E+01      0.1586594469E+04      0.9810301982E+03      0.8244728922E+00
0.1029000000E+01      0.1591598726E+04      0.9851567217E+03      0.8247194492E+00
0.1031000000E+01      0.1596611011E+04      0.9892910983E+03      0.8249649791E+00
0.1033000000E+01      0.1601631324E+04      0.9934333266E+03      0.8252094890E+00
0.1035000000E+01      0.1606659664E+04      0.9975834051E+03      0.8254529866E+00
0.1037000000E+01      0.1611696032E+04      0.1001741332E+04      0.8256954776E+00
0.1039000000E+01      0.1616740426E+04      0.1005907107E+04      0.8259369695E+00
0.1041000000E+01      0.1621792846E+04      0.1010080728E+04      0.8261774691E+00
0.1043000000E+01      0.1626853292E+04      0.1014262192E+04      0.8264169833E+00
0.1045000000E+01      0.1631921764E+04      0.1018451501E+04      0.8266555186E+00
0.1047000000E+01      0.1636998262E+04      0.1022648650E+04      0.8268930818E+00
0.1049000000E+01      0.1642082784E+04      0.1026853640E+04      0.8271296793E+00
0.1051000000E+01      0.1647175331E+04      0.1031066469E+04      0.8273653178E+00
0.1053000000E+01      0.1652275902E+04      0.1035287135E+04      0.8276000037E+00
0.1055000000E+01      0.1657384497E+04      0.1039515638E+04      0.8278337433E+00
0.1057000000E+01      0.1662501116E+04      0.1043751975E+04      0.8280665431E+00
0.1059000000E+01      0.1667625757E+04      0.1047996145E+04      0.8282984092E+00
0.1061000000E+01      0.1672758422E+04      0.1052248148E+04      0.8285293480E+00
0.1063000000E+01      0.1677899109E+04      0.1056507981E+04      0.8287593656E+00
0.1065000000E+01      0.1683047818E+04      0.1060775644E+04      0.8289884682E+00
0.1067000000E+01      0.1688204549E+04      0.1065051135E+04      0.8292166617E+00
0.1069000000E+01      0.1693369301E+04      0.1069334452E+04      0.8294439522E+00
0.1071000000E+01      0.1698542075E+04      0.1073625595E+04      0.8296703457E+00
0.1073000000E+01      0.1703722869E+04      0.1077924562E+04      0.8298958480E+00
0.1075000000E+01      0.1708911683E+04      0.1082231352E+04      0.8301204650E+00
0.1077000000E+01      0.1714108517E+04      0.1086545964E+04      0.8303442025E+00
0.1079000000E+01      0.1719313371E+04      0.1090868396E+04      0.8305670662E+00
0.1081000000E+01      0.1724526244E+04      0.1095198647E+04      0.8307890619E+00
0.1083000000E+01      0.1729747135E+04      0.1099536715E+04      0.8310101952E+00
0.1085000000E+01      0.1734976045E+04      0.1103882601E+04      0.8312304716E+00
0.1087000000E+01      0.1740212973E+04      0.1108236301E+04      0.8314498967E+00
0.1089000000E+01      0.1745457919E+04      0.1112597816E+04      0.8316684761E+00
0.1091000000E+01      0.1750710882E+04      0.1116967143E+04      0.8318862152E+00
0.1093000000E+01      0.1755971862E+04      0.1121344282E+04      0.8321031193E+00
0.1095000000E+01      0.1761240859E+04      0.1125729231E+04      0.8323191938E+00
0.1097000000E+01      0.1766517872E+04      0.1130121990E+04      0.8325344440E+00
0.1099000000E+01      0.1771802900E+04      0.1134522557E+04      0.8327488753E+00
0.1101000000E+01      0.1777095944E+04      0.1138930930E+04      0.8329624928E+00
0.1103000000E+01      0.1782397003E+04      0.1143347109E+04      0.8331753016E+00
0.1105000000E+01      0.1787706077E+04      0.1147771092E+04      0.8333873070E+00
0.1107000000E+01      0.1793023165E+04      0.1152202879E+04      0.8335985140E+00
0.1109000000E+01      0.1798348267E+04      0.1156642468E+04      0.8338089276E+00
0.1111000000E+01      0.1803681382E+04      0.1161089857E+04      0.8340185528E+00
0.1113000000E+01      0.1809022510E+04      0.1165545047E+04      0.8342273946E+00
0.1115000000E+01      0.1814371652E+04      0.1170008035E+04      0.8344354579E+00
0.1117000000E+01      0.1819728805E+04      0.1174478820E+04      0.8346427476E+00
0.1119000000E+01      0.1825093971E+04      0.1178957402E+04      0.8348492685E+00
0.1121000000E+01      0.1830467148E+04      0.1183443779E+04      0.8350550253E+00
0.1123000000E+01      0.1835848336E+04      0.1187937951E+04      0.8352600229E+00
0.1125000000E+01      0.1841237535E+04      0.1192439915E+04      0.8354642660E+00
0.1127000000E+01      0.1846634745E+04      0.1196949671E+04      0.8356677591E+00
0.1129000000E+01      0.1852039964E+04      0.1201467218E+04      0.8358705070E+00
0.1131000000E+01      0.1857453193E+04      0.1205992555E+04      0.8360725142E+00
0.1133000000E+01      0.1862874432E+04      0.1210525680E+04      0.8362737853E+00
0.1135000000E+01      0.1868303679E+04      0.1215066593E+04      0.8364743248E+00
0.1137000000E+01      0.1873740935E+04      0.1219615292E+04      0.8366741371E+00
0.1139000000E+01      0.1879186198E+04      0.1224171777E+04      0.8368732267E+00
0.1141000000E+01      0.1884639470E+04      0.1228736046E+04      0.8370715981E+00
0.1143000000E+01      0.1890100749E+04      0.1233308098E+04      0.8372692555E+00
0.1145000000E+01      0.1895570035E+04      0.1237887933E+04      0.8374662033E+00
0.1147000000E+01      0.1901047327E+04      0.1242475549E+04      0.8376624458E+00
0.1149000000E+01      0.1906532625E+04      0.1247070945E+04      0.8378579873E+00
0.1151000000E+01      0.1912025929E+04      0.1251674120E+04      0.8380528319E+00
0.1153000000E+01      0.1917527238E+04      0.1256285073E+04      0.8382469839E+00
0.1155000000E+01      0.1923036553E+04      0.1260903803E+04      0.8384404474E+00
0.1157000000E+01      0.1928553872E+04      0.1265530309E+04      0.8386332266E+00
0.1159000000E+01      0.1934079195E+04      0.1270164590E+04      0.8388253254E+00
0.1161000000E+01      0.1939612521E+04      0.1274806646E+04      0.8390167481E+00
0.1163000000E+01      0.1945153851E+04      0.1279456474E+04      0.8392074985E+00
0.1165000000E+01      0.1950703184E+04      0.1284114074E+04      0.8393975807E+00
0.1167000000E+01      0.1956260520E+04      0.1288779446E+04      0.8395869987E+00
0.1169000000E+01      0.1961825858E+04      0.1293452587E+04      0.8397757563E+00
0.1171000000E+01      0.1967399197E+04      0.1298133498E+04      0.8399638575E+00
0.1173000000E+01      0.1972980538E+04      0.1302822176E+04      0.8401513061E+00
0.1175000000E+01      0.1978569880E+04      0.1307518622E+04      0.8403381059E+00
0.1177000000E+01      0.1984167222E+04      0.1312222834E+04      0.8405242608E+00
0.1179000000E+01      0.1989772565E+04      0.1316934812E+04      0.8407097744E+00
0.1181000000E+01      0.1995385907E+04      0.1321654553E+04      0.8408946506E+00
0.1183000000E+01      0.2001007248E+04      0.1326382058E+04      0.8410788931E+00
0.1185000000E+01      0.2006636589E+04      0.1331117325E+04      0.8412625055E+00
0.1187000000E+01      0.2012273928E+04      0.1335860354E+04      0.8414454915E+00
0.1189000000E+01      0.2017919266E+04      0.1340611143E+04      0.8416278547E+00
0.1191000000E+01      0.2023572601E+04      0.1345369692E+04      0.8418095987E+00
0.1193000000E+01      0.2029233933E+04      0.1350136000E+04      0.8419907271E+00
0.1195000000E+01      0.2034903262E+04      0.1354910065E+04      0.8421712433E+00
0.1197000000E+01      0.2040580588E+04      0.1359691887E+04      0.8423511510E+00
0.1199000000E+01      0.2046265911E+04      0.1364481466E+04      0.8425304535E+00
