      Rhob                Epsilon              Pressure               SoundV
0.4730000000E-14      0.4409040000E-11      0.6303830000E-24      0.2528270000E-09
0.4760000000E-14      0.4431480000E-11      0.6303830000E-23      0.3286900000E-09
0.4910000000E-14      0.4571720000E-11      0.6303830000E-22      0.3811090000E-09
0.6990000000E-14      0.6506980000E-11      0.7552120000E-21      0.1661210000E-08
0.9900000000E-14      0.9199530000E-11      0.8737990000E-20      0.4506330000E-08
0.2720000000E-13      0.2529870000E-10      0.1061040000E-18      0.2185710000E-07
0.1270000000E-12      0.1189210000E-09      0.3632510000E-17      0.1280710000E-06
0.6930000000E-12      0.6450890000E-09      0.1185870000E-15      0.6813760000E-06
0.6295000000E-11      0.5856290000E-08      0.6081640000E-14      0.1980100000E-05
0.1581000000E-10      0.1470800000E-07      0.3100740000E-13      0.4121830000E-05
0.3972000000E-10      0.3694960000E-07      0.1517290000E-12      0.7788630000E-05
0.9976000000E-10      0.9278060000E-07      0.7183870000E-12      0.1422460000E-04
0.2506000000E-09      0.2331300000E-06      0.3286730000E-11      0.2500930000E-04
0.6294000000E-09      0.5856290000E-06      0.1446760000E-10      0.4207890000E-04
0.1581000000E-08      0.1470800000E-05      0.6088500000E-10      0.6739699893E-04
0.3972000000E-08      0.3695520000E-05      0.2441020000E-09      0.8516180000E-04
0.5000000000E-08      0.4651930000E-05      0.3282360000E-09      0.1052360000E-03
0.9976000000E-08      0.9283670000E-05      0.8956430000E-09      0.1422520000E-03
0.1990000000E-07      0.1852250000E-04      0.2392340000E-08      0.1863930000E-03
0.3972000000E-07      0.3696080000E-04      0.6278870000E-08      0.2408930000E-03
0.7924000000E-07      0.7376450000E-04      0.1625270000E-07      0.3085620000E-03
0.1581000000E-06      0.1471920000E-03      0.4166770000E-07      0.3417580000E-03
0.1990000000E-06      0.1853370000E-03      0.5453750000E-07      0.3860480000E-03
0.3155000000E-06      0.2937680000E-03      0.1016730000E-06      0.4315500000E-03
0.5000000000E-06      0.4656420000E-03      0.1890530000E-06      0.4889620000E-03
0.6294000000E-06      0.5861890000E-03      0.2577080000E-06      0.5509610000E-03
0.7924000000E-06      0.7382060000E-03      0.3143180000E-06      0.6137740000E-03
0.9976000000E-06      0.9294890000E-03      0.4281610000E-06      0.6540150000E-03
0.1581000000E-05      0.1470000000E-02      0.7939080000E-06      0.7285460000E-03
0.2506000000E-05      0.2340000000E-02      0.1470480000E-05      0.8500470000E-03
0.3972000000E-05      0.3700000000E-02      0.2722510000E-05      0.8906300000E-03
0.5000000000E-05      0.4660000000E-02      0.3533890000E-05      0.9510480000E-03
0.6294000000E-05      0.5870000000E-02      0.4807140000E-05      0.1100000000E-02
0.7924000000E-05      0.7390000000E-02      0.6541010000E-05      0.1180000000E-02
0.9976000000E-05      0.9310000000E-02      0.8894020000E-05      0.1280000000E-02
0.1256000000E-04      0.1172000000E-01      0.1209590000E-04      0.1300000000E-02
0.1581000000E-04      0.1476000000E-01      0.1562230000E-04      0.1320000000E-02
0.1990000000E-04      0.1858000000E-01      0.2124580000E-04      0.1390000000E-02
0.2506000000E-04      0.2340000000E-01      0.2888530000E-04      0.1470000000E-02
0.3155000000E-04      0.2947000000E-01      0.3713020000E-04      0.1550000000E-02
0.3972000000E-04      0.3712000000E-01      0.5048680000E-04      0.1820000000E-02
0.5000000000E-04      0.4674000000E-01      0.6865560000E-04      0.1960000000E-02
0.6294000000E-04      0.5884000000E-01      0.9330920000E-04      0.2110000000E-02
0.7924000000E-04      0.7416000000E-01      0.1268880000E-03      0.2150000000E-02
0.9976000000E-04      0.9334000000E-01      0.1620900000E-03      0.2190000000E-02
0.1105000000E-03      0.1034400000E+00      0.1805020000E-03      0.2220000000E-02
0.1256000000E-03      0.1175700000E+00      0.2053430000E-03      0.2270000000E-02
0.1581000000E-03      0.1480900000E+00      0.2791790000E-03      0.2300000000E-02
0.1990000000E-03      0.1865100000E+00      0.3630010000E-03      0.2350000000E-02
0.2506000000E-03      0.2349200000E+00      0.4704780000E-03      0.2420000000E-02
0.2572000000E-03      0.2411500000E+00      0.4871430000E-03      0.1640000000E-02
0.2670000000E-03      0.2502100000E+00      0.4925360000E-03      0.6323770000E-03
0.3126000000E-03      0.2932300000E+00      0.5213460000E-03      0.6351150000E-03
0.3951000000E-03      0.3707800000E+00      0.5679160000E-03      0.6395500000E-03
0.4759000000E-03      0.4467600000E+00      0.6136960000E-03      0.6456670000E-03
0.5812000000E-03      0.5456200000E+00      0.6758550000E-03      0.6505920000E-03
0.7143000000E-03      0.6709200000E+00      0.7601150000E-03      0.7025890000E-03
0.8786000000E-03      0.8252300000E+00      0.8731850000E-03      0.7646840000E-03
0.1077000000E-02      0.1012500000E+01      0.1020000000E-02      0.8354260000E-03
0.1314000000E-02      0.1235290000E+01      0.1220000000E-02      0.9276850000E-03
0.1748000000E-02      0.1643560000E+01      0.1620000000E-02      0.1000000000E-02
0.2000000000E-02      0.1880850000E+01      0.2000000000E-02      0.1100000000E-02
0.4000000000E-02      0.3764610000E+01      0.4510000000E-02      0.1460000000E-02
0.6000000000E-02      0.5649800000E+01      0.7500000000E-02      0.1680000000E-02
0.8000000000E-02      0.7536070000E+01      0.1086000000E-01      0.1880000000E-02
0.1000000000E-01      0.9423230000E+01      0.1458000000E-01      0.2070000000E-02
0.1200000000E-01      0.1131116000E+02      0.1867000000E-01      0.2280000000E-02
0.1400000000E-01      0.1319982000E+02      0.2318000000E-01      0.2510000000E-02
0.1600000000E-01      0.1508915000E+02      0.2814000000E-01      0.2760000000E-02
0.1800000000E-01      0.1697914000E+02      0.3361000000E-01      0.3040000000E-02
0.2000000000E-01      0.1886976000E+02      0.3965000000E-01      0.3340000000E-02
0.2200000000E-01      0.2076101000E+02      0.4624000000E-01      0.3660000000E-02
0.2400000000E-01      0.2265290000E+02      0.5348000000E-01      0.3990000000E-02
0.2600000000E-01      0.2454541000E+02      0.6133000000E-01      0.4330000000E-02
0.2800000000E-01      0.2643855000E+02      0.6988000000E-01      0.4680000000E-02
0.3000000000E-01      0.2833233000E+02      0.7906000000E-01      0.5030000000E-02
0.3200000000E-01      0.3022674000E+02      0.8895000000E-01      0.5390000000E-02
0.3400000000E-01      0.3212179000E+02      0.9948000000E-01      0.5740000000E-02
0.3600000000E-01      0.3401748000E+02      0.1107200000E+00      0.6090000000E-02
0.3800000000E-01      0.3591381000E+02      0.1225900000E+00      0.6440000000E-02
0.4000000000E-01      0.3781078000E+02      0.1351400000E+00      0.6790000000E-02
0.4200000000E-01      0.3970840000E+02      0.1483400000E+00      0.7110000000E-02
0.4400000000E-01      0.4160666000E+02      0.1621100000E+00      0.7420000000E-02
0.4600000000E-01      0.4350556000E+02      0.1765200000E+00      0.7740000000E-02
0.4800000000E-01      0.4540510000E+02      0.1915000000E+00      0.8040000000E-02
0.5000000000E-01      0.4730528000E+02      0.2070600000E+00      0.8310000000E-02
0.5200000000E-01      0.4920608000E+02      0.2230900000E+00      0.8580000000E-02
0.5400000000E-01      0.5110752000E+02      0.2396900000E+00      0.8870000000E-02
0.5600000000E-01      0.5300958000E+02      0.2568200000E+00      0.9120000000E-02
0.5800000000E-01      0.5491227000E+02      0.2743700000E+00      0.9340000000E-02
0.6000000000E-01      0.5681556000E+02      0.2923800000E+00      0.9690000000E-02
0.6200000000E-01      0.5871946000E+02      0.3101200000E+00      0.1002000000E-01
0.6400000000E-01      0.6062394000E+02      0.3290400000E+00      0.1028000000E-01
0.6600000000E-01      0.6252904000E+02      0.3483400000E+00      0.1069000000E-01
0.6800000000E-01      0.6443473000E+02      0.3679800000E+00      0.1101000000E-01
0.7000000000E-01      0.6620064457E+02      0.4709964786E+00      0.2136832550E-01
0.7200000000E-01      0.6810613554E+02      0.5128497178E+00      0.2253427553E-01
0.7400000000E-01      0.7001282033E+02      0.5569665658E+00      0.2371468891E-01
0.7600000000E-01      0.7192072826E+02      0.6033770042E+00      0.2490842626E-01
0.7800000000E-01      0.7382988789E+02      0.6521090478E+00      0.2611442238E-01
0.8000000000E-01      0.7574032698E+02      0.7031888793E+00      0.2733168621E-01
0.8200000000E-01      0.7765207256E+02      0.7566409840E+00      0.2855930060E-01
0.8400000000E-01      0.7956515091E+02      0.8124882850E+00      0.2979642178E-01
0.8600000000E-01      0.8147958759E+02      0.8707522764E+00      0.3104227851E-01
0.8800000000E-01      0.8339540745E+02      0.9314531547E+00      0.3229617111E-01
0.9000000000E-01      0.8531263465E+02      0.9946099503E+00      0.3355747024E-01
0.9200000000E-01      0.8723129271E+02      0.1060240656E+01      0.3482561549E-01
0.9400000000E-01      0.8915140448E+02      0.1128362350E+01      0.3610011386E-01
0.9600000000E-01      0.9107299222E+02      0.1198991325E+01      0.3738053800E-01
0.9800000000E-01      0.9299607758E+02      0.1272143201E+01      0.3866652441E-01
0.1000000000E+00      0.9492068164E+02      0.1347833051E+01      0.3995777134E-01
0.1020000000E+00      0.9684682492E+02      0.1426075507E+01      0.4125403744E-01
0.1040000000E+00      0.9877452745E+02      0.1506884875E+01      0.4255513852E-01
0.1060000000E+00      0.1007038087E+03      0.1590275242E+01      0.4386094604E-01
0.1080000000E+00      0.1026346878E+03      0.1676260577E+01      0.4517138476E-01
0.1100000000E+00      0.1045671833E+03      0.1764854831E+01      0.4648643032E-01
0.1120000000E+00      0.1065013134E+03      0.1856072033E+01      0.4780610684E-01
0.1140000000E+00      0.1084370877E+03      0.1948569239E+01      0.4789391094E-01
0.1160000000E+00      0.1103744913E+03      0.2042059936E+01      0.4864034883E-01
0.1180000000E+00      0.1123135210E+03      0.2137253222E+01      0.4954187283E-01
0.1200000000E+00      0.1142541801E+03      0.2234358130E+01      0.5051936314E-01
0.1220000000E+00      0.1161964745E+03      0.2333494559E+01      0.5154535356E-01
0.1240000000E+00      0.1181404112E+03      0.2434746012E+01      0.5260670891E-01
0.1260000000E+00      0.1200859985E+03      0.2538177243E+01      0.5369610993E-01
0.1280000000E+00      0.1220332452E+03      0.2643842124E+01      0.5480910604E-01
0.1300000000E+00      0.1239821606E+03      0.2751787776E+01      0.5594113726E-01
0.1320000000E+00      0.1259327546E+03      0.2862056968E+01      0.5709379286E-01
0.1340000000E+00      0.1278850371E+03      0.2974689628E+01      0.5826406824E-01
0.1360000000E+00      0.1298390186E+03      0.3089723843E+01      0.5945114436E-01
0.1380000000E+00      0.1317947096E+03      0.3207196559E+01      0.6065450518E-01
0.1400000000E+00      0.1337521209E+03      0.3327144079E+01      0.6187385551E-01
0.1420000000E+00      0.1357112637E+03      0.3449602439E+01      0.6310906509E-01
0.1440000000E+00      0.1376721491E+03      0.3574607683E+01      0.6436012903E-01
0.1460000000E+00      0.1396347885E+03      0.3702196087E+01      0.6562713927E-01
0.1480000000E+00      0.1415991936E+03      0.3832404323E+01      0.6691026305E-01
0.1500000000E+00      0.1435653762E+03      0.3965269598E+01      0.6820972653E-01
0.1520000000E+00      0.1455333482E+03      0.4100829754E+01      0.6952580200E-01
0.1540000000E+00      0.1475031218E+03      0.4239123358E+01      0.7085879747E-01
0.1560000000E+00      0.1494747093E+03      0.4380189765E+01      0.7220904838E-01
0.1580000000E+00      0.1514481234E+03      0.4524069170E+01      0.7357691056E-01
0.1600000000E+00      0.1534233766E+03      0.4670802768E+01      0.7496533225E-01
0.1620000000E+00      0.1554004821E+03      0.4820432301E+01      0.7636952638E-01
0.1640000000E+00      0.1573794530E+03      0.4973000802E+01      0.7779246640E-01
0.1660000000E+00      0.1593603026E+03      0.5128552122E+01      0.7923453861E-01
0.1680000000E+00      0.1613430444E+03      0.5287131060E+01      0.8069612735E-01
0.1700000000E+00      0.1633276923E+03      0.5448783357E+01      0.8217761179E-01
0.1720000000E+00      0.1653142603E+03      0.5613555692E+01      0.8367936327E-01
0.1740000000E+00      0.1673027626E+03      0.5781495668E+01      0.8520174276E-01
0.1760000000E+00      0.1692932136E+03      0.5952651800E+01      0.8674509871E-01
0.1780000000E+00      0.1712856281E+03      0.6127073485E+01      0.8830976499E-01
0.1800000000E+00      0.1732800209E+03      0.6304810987E+01      0.8989605898E-01
0.1820000000E+00      0.1752764072E+03      0.6485915402E+01      0.9150427980E-01
0.1840000000E+00      0.1772748023E+03      0.6670438630E+01      0.9313470731E-01
0.1860000000E+00      0.1792752220E+03      0.6858433337E+01      0.9478759981E-01
0.1880000000E+00      0.1812776823E+03      0.7049953247E+01      0.9646907851E-01
0.1900000000E+00      0.1832821987E+03      0.7245051787E+01      0.9816752667E-01
0.1920000000E+00      0.1852887878E+03      0.7443784021E+01      0.9988907605E-01
0.1940000000E+00      0.1872974661E+03      0.7646205281E+01      0.1016338892E+00
0.1960000000E+00      0.1893082505E+03      0.7852371457E+01      0.1034021024E+00
0.1980000000E+00      0.1913211580E+03      0.8062338944E+01      0.1051938249E+00
0.2000000000E+00      0.1933362057E+03      0.8276164593E+01      0.1070091383E+00
0.2020000000E+00      0.1953534112E+03      0.8493905660E+01      0.1088480962E+00
0.2040000000E+00      0.1973727921E+03      0.8715619753E+01      0.1107107236E+00
0.2060000000E+00      0.1993943664E+03      0.8941364777E+01      0.1125970166E+00
0.2080000000E+00      0.2014181522E+03      0.9171198880E+01      0.1145069425E+00
0.2100000000E+00      0.2034441678E+03      0.9405180398E+01      0.1164404391E+00
0.2120000000E+00      0.2054724317E+03      0.9643367799E+01      0.1183974153E+00
0.2140000000E+00      0.2075029627E+03      0.9885819627E+01      0.1203777507E+00
0.2160000000E+00      0.2095357797E+03      0.1013259444E+02      0.1223812960E+00
0.2180000000E+00      0.2115709020E+03      0.1038375077E+02      0.1244078729E+00
0.2200000000E+00      0.2136083485E+03      0.1063934671E+02      0.1264510706E+00
0.2220000000E+00      0.2156481392E+03      0.1089944121E+02      0.1285231170E+00
0.2240000000E+00      0.2176902935E+03      0.1116409201E+02      0.1306174915E+00
0.2260000000E+00      0.2197348313E+03      0.1143335693E+02      0.1327339047E+00
0.2280000000E+00      0.2217817725E+03      0.1170729345E+02      0.1348720406E+00
0.2300000000E+00      0.2238311374E+03      0.1198595872E+02      0.1370315574E+00
0.2320000000E+00      0.2258829462E+03      0.1226940944E+02      0.1392115350E+00
0.2340000000E+00      0.2279372193E+03      0.1255770185E+02      0.1414127407E+00
0.2360000000E+00      0.2299939773E+03      0.1285089166E+02      0.1436341542E+00
0.2380000000E+00      0.2320532409E+03      0.1314903401E+02      0.1458753381E+00
0.2400000000E+00      0.2341150309E+03      0.1345218342E+02      0.1481358335E+00
0.2420000000E+00      0.2361793682E+03      0.1376039375E+02      0.1504151605E+00
0.2440000000E+00      0.2382462737E+03      0.1407371814E+02      0.1527128198E+00
0.2460000000E+00      0.2403157685E+03      0.1439220900E+02      0.1550282934E+00
0.2480000000E+00      0.2423878738E+03      0.1471591791E+02      0.1573610456E+00
0.2500000000E+00      0.2444626109E+03      0.1504489564E+02      0.1597105246E+00
0.2520000000E+00      0.2465400010E+03      0.1537919210E+02      0.1620761631E+00
0.2540000000E+00      0.2486200656E+03      0.1571885627E+02      0.1644573797E+00
0.2560000000E+00      0.2507028258E+03      0.1606393622E+02      0.1668535801E+00
0.2580000000E+00      0.2527883033E+03      0.1641447901E+02      0.1692641582E+00
0.2600000000E+00      0.2548765195E+03      0.1677053075E+02      0.1716884974E+00
0.2620000000E+00      0.2569674959E+03      0.1713213650E+02      0.1741259716E+00
0.2640000000E+00      0.2590612539E+03      0.1749934026E+02      0.1765759464E+00
0.2660000000E+00      0.2611578151E+03      0.1787218498E+02      0.1790377807E+00
0.2680000000E+00      0.2632572009E+03      0.1825071250E+02      0.1815108272E+00
0.2700000000E+00      0.2653594329E+03      0.1863496356E+02      0.1839944341E+00
0.2720000000E+00      0.2674645324E+03      0.1902497779E+02      0.1864881518E+00
0.2740000000E+00      0.2695725210E+03      0.1942079362E+02      0.1889909099E+00
0.2760000000E+00      0.2716834201E+03      0.1982244838E+02      0.1915022562E+00
0.2780000000E+00      0.2737972509E+03      0.2022997823E+02      0.1940215311E+00
0.2800000000E+00      0.2759140348E+03      0.2064341813E+02      0.1965480761E+00
0.2820000000E+00      0.2780337930E+03      0.2106280189E+02      0.1990812344E+00
0.2840000000E+00      0.2801565467E+03      0.2148816213E+02      0.2016203520E+00
0.2860000000E+00      0.2822823170E+03      0.2191953029E+02      0.2041647789E+00
0.2880000000E+00      0.2844111250E+03      0.2235693661E+02      0.2067138696E+00
0.2900000000E+00      0.2865429915E+03      0.2280041018E+02      0.2092669841E+00
0.2920000000E+00      0.2886779374E+03      0.2324997887E+02      0.2118234889E+00
0.2940000000E+00      0.2908159835E+03      0.2370566942E+02      0.2143827579E+00
0.2960000000E+00      0.2929571505E+03      0.2416750737E+02      0.2169441726E+00
0.2980000000E+00      0.2951014587E+03      0.2463551712E+02      0.2195071236E+00
0.3000000000E+00      0.2972489287E+03      0.2510972190E+02      0.2220710105E+00
0.3020000000E+00      0.2993995808E+03      0.2559014382E+02      0.2246352432E+00
0.3040000000E+00      0.3015534351E+03      0.2607680387E+02      0.2271992420E+00
0.3060000000E+00      0.3037105116E+03      0.2656972190E+02      0.2297624383E+00
0.3080000000E+00      0.3058708304E+03      0.2706891668E+02      0.2323242753E+00
0.3100000000E+00      0.3080344110E+03      0.2757440591E+02      0.2348842083E+00
0.3120000000E+00      0.3102012732E+03      0.2808620620E+02      0.2374417049E+00
0.3140000000E+00      0.3123714364E+03      0.2860433313E+02      0.2399962459E+00
0.3160000000E+00      0.3145449200E+03      0.2912880124E+02      0.2425473251E+00
0.3180000000E+00      0.3167217431E+03      0.2965962408E+02      0.2450944498E+00
0.3200000000E+00      0.3189019246E+03      0.3019681419E+02      0.2476371413E+00
0.3220000000E+00      0.3210854836E+03      0.3074038315E+02      0.2501749347E+00
0.3240000000E+00      0.3232724385E+03      0.3129034159E+02      0.2527073794E+00
0.3260000000E+00      0.3254628080E+03      0.3184669926E+02      0.2552343076E+00
0.3280000000E+00      0.3276566103E+03      0.3240946491E+02      0.2577547591E+00
0.3300000000E+00      0.3298538637E+03      0.3297864651E+02      0.2602685961E+00
0.3320000000E+00      0.3320545861E+03      0.3355425113E+02      0.2627754258E+00
0.3340000000E+00      0.3342587953E+03      0.3413628502E+02      0.2652748698E+00
0.3360000000E+00      0.3364665091E+03      0.3472475360E+02      0.2677665645E+00
0.3380000000E+00      0.3386777447E+03      0.3531966154E+02      0.2702501605E+00
0.3400000000E+00      0.3408925196E+03      0.3592101272E+02      0.2727253229E+00
0.3420000000E+00      0.3431108508E+03      0.3652881032E+02      0.2751917314E+00
0.3440000000E+00      0.3453327551E+03      0.3714305676E+02      0.2776490795E+00
0.3460000000E+00      0.3475582495E+03      0.3776375381E+02      0.2800970750E+00
0.3480000000E+00      0.3497873502E+03      0.3839090257E+02      0.2825354396E+00
0.3500000000E+00      0.3520200739E+03      0.3902450348E+02      0.2849639088E+00
0.3520000000E+00      0.3542564365E+03      0.3966455639E+02      0.2873822315E+00
0.3540000000E+00      0.3564964541E+03      0.4031106054E+02      0.2897901699E+00
0.3560000000E+00      0.3587401424E+03      0.4096401461E+02      0.2921874996E+00
0.3580000000E+00      0.3609875172E+03      0.4162341673E+02      0.2945740087E+00
0.3600000000E+00      0.3632385937E+03      0.4228926451E+02      0.2969494981E+00
0.3620000000E+00      0.3654933873E+03      0.4296155504E+02      0.2993137810E+00
0.3640000000E+00      0.3677519130E+03      0.4364028496E+02      0.3016666826E+00
0.3660000000E+00      0.3700141856E+03      0.4432545044E+02      0.3040080402E+00
0.3680000000E+00      0.3722802199E+03      0.4501704719E+02      0.3063377022E+00
0.3700000000E+00      0.3745500303E+03      0.4571507055E+02      0.3086555284E+00
0.3720000000E+00      0.3768236311E+03      0.4641951543E+02      0.3109613896E+00
0.3740000000E+00      0.3791010365E+03      0.4713037638E+02      0.3132551671E+00
0.3760000000E+00      0.3813822605E+03      0.4784764759E+02      0.3155367525E+00
0.3780000000E+00      0.3836673167E+03      0.4857132291E+02      0.3178060475E+00
0.3800000000E+00      0.3859562188E+03      0.4930139589E+02      0.3200629635E+00
0.3820000000E+00      0.3882489802E+03      0.5003785975E+02      0.3223074211E+00
0.3840000000E+00      0.3905456142E+03      0.5078070745E+02      0.3245393502E+00
0.3860000000E+00      0.3928461338E+03      0.5152993170E+02      0.3267586893E+00
0.3880000000E+00      0.3951505518E+03      0.5228552494E+02      0.3289657351E+00
0.3900000000E+00      0.3974588810E+03      0.5304747935E+02      0.3311597420E+00
0.3920000000E+00      0.3997711340E+03      0.5381578696E+02      0.3333410243E+00
0.3940000000E+00      0.4020873231E+03      0.5459043955E+02      0.3355095524E+00
0.3960000000E+00      0.4044074605E+03      0.5537142873E+02      0.3376653043E+00
0.3980000000E+00      0.4067315583E+03      0.5615874595E+02      0.3398082648E+00
0.4000000000E+00      0.4090596283E+03      0.5695238248E+02      0.3419384254E+00
0.4020000000E+00      0.4113916822E+03      0.5775232947E+02      0.3440557840E+00
0.4040000000E+00      0.4137277317E+03      0.5855857792E+02      0.3461603447E+00
0.4060000000E+00      0.4160677881E+03      0.5937111871E+02      0.3482521174E+00
0.4080000000E+00      0.4184118626E+03      0.6018994262E+02      0.3503311175E+00
0.4100000000E+00      0.4207599663E+03      0.6101504035E+02      0.3523973659E+00
0.4120000000E+00      0.4231121102E+03      0.6184640248E+02      0.3544508884E+00
0.4140000000E+00      0.4254683049E+03      0.6268401954E+02      0.3564917157E+00
0.4160000000E+00      0.4278285613E+03      0.6352788200E+02      0.3585198832E+00
0.4180000000E+00      0.4301928896E+03      0.6437798027E+02      0.3605354305E+00
0.4200000000E+00      0.4325613003E+03      0.6523430469E+02      0.3625384012E+00
0.4220000000E+00      0.4349338035E+03      0.6609684561E+02      0.3645288431E+00
0.4240000000E+00      0.4373104093E+03      0.6696559332E+02      0.3665068074E+00
0.4260000000E+00      0.4396911275E+03      0.6784053809E+02      0.3684723491E+00
0.4280000000E+00      0.4420759681E+03      0.6872167021E+02      0.3704255260E+00
0.4300000000E+00      0.4444649404E+03      0.6960897992E+02      0.3723663992E+00
0.4320000000E+00      0.4468580542E+03      0.7050245750E+02      0.3742950329E+00
0.4340000000E+00      0.4492553183E+03      0.7140209332E+02      0.3762117617E+00
0.4360000000E+00      0.4516567427E+03      0.7230787748E+02      0.3781161562E+00
0.4380000000E+00      0.4540623362E+03      0.7321980040E+02      0.3800085181E+00
0.4400000000E+00      0.4564721077E+03      0.7413785240E+02      0.3818889211E+00
0.4420000000E+00      0.4588860660E+03      0.7506202387E+02      0.3837574408E+00
0.4440000000E+00      0.4613042200E+03      0.7599230522E+02      0.3856141549E+00
0.4460000000E+00      0.4637265781E+03      0.7692868690E+02      0.3874591426E+00
0.4480000000E+00      0.4661531489E+03      0.7787115941E+02      0.3892924849E+00
0.4500000000E+00      0.4685839408E+03      0.7881971331E+02      0.3911142640E+00
0.4520000000E+00      0.4710189619E+03      0.7977433920E+02      0.3929245636E+00
0.4540000000E+00      0.4734582205E+03      0.8073502776E+02      0.3947234684E+00
0.4560000000E+00      0.4759017245E+03      0.8170176971E+02      0.3965110644E+00
0.4580000000E+00      0.4783494818E+03      0.8267455586E+02      0.3982874384E+00
0.4600000000E+00      0.4808015003E+03      0.8365337706E+02      0.4000526779E+00
0.4620000000E+00      0.4832577876E+03      0.8463822425E+02      0.4018068714E+00
0.4640000000E+00      0.4857183514E+03      0.8562908845E+02      0.4035501079E+00
0.4660000000E+00      0.4881831991E+03      0.8662596074E+02      0.4052824769E+00
0.4680000000E+00      0.4906523380E+03      0.8762883229E+02      0.4070040685E+00
0.4700000000E+00      0.4931257756E+03      0.8863769436E+02      0.4087149731E+00
0.4720000000E+00      0.4956035189E+03      0.8965253826E+02      0.4104152812E+00
0.4740000000E+00      0.4980855750E+03      0.9067335541E+02      0.4121050837E+00
0.4760000000E+00      0.5005719510E+03      0.9170013732E+02      0.4137844716E+00
0.4780000000E+00      0.5030626537E+03      0.9273287558E+02      0.4154535359E+00
0.4800000000E+00      0.5055576899E+03      0.9377156185E+02      0.4171123677E+00
0.4820000000E+00      0.5080570663E+03      0.9481618792E+02      0.4187610579E+00
0.4840000000E+00      0.5105607896E+03      0.9586674563E+02      0.4203996974E+00
0.4860000000E+00      0.5130688663E+03      0.9692322694E+02      0.4220283767E+00
0.4880000000E+00      0.5155813028E+03      0.9798562389E+02      0.4236471864E+00
0.4900000000E+00      0.5180981055E+03      0.9905392860E+02      0.4252562164E+00
0.4920000000E+00      0.5206192807E+03      0.1001281333E+03      0.4268555566E+00
0.4940000000E+00      0.5231448345E+03      0.1012082303E+03      0.4284452965E+00
0.4960000000E+00      0.5256747731E+03      0.1022942121E+03      0.4300255287E+00
0.4980000000E+00      0.5282091025E+03      0.1033860711E+03      0.4315963342E+00
0.5000000000E+00      0.5307478287E+03      0.1044837999E+03      0.4331578048E+00
0.5020000000E+00      0.5332909575E+03      0.1055873913E+03      0.4347100281E+00
0.5040000000E+00      0.5358384947E+03      0.1066968380E+03      0.4362530910E+00
0.5060000000E+00      0.5383904461E+03      0.1078121330E+03      0.4377870799E+00
0.5080000000E+00      0.5409468174E+03      0.1089332691E+03      0.4393120804E+00
0.5100000000E+00      0.5435076140E+03      0.1100602394E+03      0.4408281777E+00
0.5120000000E+00      0.5460728416E+03      0.1111930372E+03      0.4423354564E+00
0.5140000000E+00      0.5486425055E+03      0.1123316557E+03      0.4438340000E+00
0.5160000000E+00      0.5512166112E+03      0.1134760882E+03      0.4453238917E+00
0.5180000000E+00      0.5537951639E+03      0.1146263282E+03      0.4468052139E+00
0.5200000000E+00      0.5563781688E+03      0.1157823692E+03      0.4482780481E+00
0.5220000000E+00      0.5589656312E+03      0.1169442048E+03      0.4497424752E+00
0.5240000000E+00      0.5615575562E+03      0.1181118287E+03      0.4511985753E+00
0.5260000000E+00      0.5641539488E+03      0.1192852348E+03      0.4526464278E+00
0.5280000000E+00      0.5667548140E+03      0.1204644168E+03      0.4540861111E+00
0.5300000000E+00      0.5693601568E+03      0.1216493689E+03      0.4555177032E+00
0.5320000000E+00      0.5719699819E+03      0.1228400850E+03      0.4569412808E+00
0.5340000000E+00      0.5745842942E+03      0.1240365594E+03      0.4583569201E+00
0.5360000000E+00      0.5772030985E+03      0.1252387861E+03      0.4597646965E+00
0.5380000000E+00      0.5798263994E+03      0.1264467596E+03      0.4611646846E+00
0.5400000000E+00      0.5824542015E+03      0.1276604743E+03      0.4625569579E+00
0.5420000000E+00      0.5850865096E+03      0.1288799246E+03      0.4639415894E+00
0.5440000000E+00      0.5877233280E+03      0.1301051051E+03      0.4653186511E+00
0.5460000000E+00      0.5903646613E+03      0.1313360104E+03      0.4666882144E+00
0.5480000000E+00      0.5930105139E+03      0.1325726353E+03      0.4680503495E+00
0.5500000000E+00      0.5956608901E+03      0.1338149745E+03      0.4694051260E+00
0.5520000000E+00      0.5983157943E+03      0.1350630230E+03      0.4707526128E+00
0.5540000000E+00      0.6009752308E+03      0.1363167757E+03      0.4720928776E+00
0.5560000000E+00      0.6036392037E+03      0.1375762276E+03      0.4734259878E+00
0.5580000000E+00      0.6063077173E+03      0.1388413739E+03      0.4747520095E+00
0.5600000000E+00      0.6089807756E+03      0.1401122096E+03      0.4760710083E+00
0.5620000000E+00      0.6116583828E+03      0.1413887301E+03      0.4773830488E+00
0.5640000000E+00      0.6143405429E+03      0.1426709306E+03      0.4786881949E+00
0.5660000000E+00      0.6170272599E+03      0.1439588067E+03      0.4799865096E+00
0.5680000000E+00      0.6197185376E+03      0.1452523536E+03      0.4812780554E+00
0.5700000000E+00      0.6224143801E+03      0.1465515670E+03      0.4825628936E+00
0.5720000000E+00      0.6251147912E+03      0.1478564425E+03      0.4838410849E+00
0.5740000000E+00      0.6278197746E+03      0.1491669757E+03      0.4851126894E+00
0.5760000000E+00      0.6305293342E+03      0.1504831623E+03      0.4863777661E+00
0.5780000000E+00      0.6332434737E+03      0.1518049981E+03      0.4876363734E+00
0.5800000000E+00      0.6359621968E+03      0.1531324790E+03      0.4888885691E+00
0.5820000000E+00      0.6386855072E+03      0.1544656009E+03      0.4901344100E+00
0.5840000000E+00      0.6414134084E+03      0.1558043598E+03      0.4913739522E+00
0.5860000000E+00      0.6441459040E+03      0.1571487516E+03      0.4926072512E+00
0.5880000000E+00      0.6468829984E+03      0.1584987721E+03      0.4938295746E+00
0.5900000000E+00      0.6496246935E+03      0.1598544183E+03      0.4950505303E+00
0.5920000000E+00      0.6523709935E+03      0.1612156860E+03      0.4962654049E+00
0.5940000000E+00      0.6551219019E+03      0.1625825714E+03      0.4974742508E+00
0.5960000000E+00      0.6578774220E+03      0.1639550708E+03      0.4986771201E+00
0.5980000000E+00      0.6606375573E+03      0.1653331807E+03      0.4998740638E+00
0.6000000000E+00      0.6634023110E+03      0.1667168973E+03      0.5010651326E+00
0.6020000000E+00      0.6661716865E+03      0.1681062173E+03      0.5022503761E+00
0.6040000000E+00      0.6689456869E+03      0.1695011372E+03      0.5034298437E+00
0.6060000000E+00      0.6717243155E+03      0.1709016535E+03      0.5046035838E+00
0.6080000000E+00      0.6745075755E+03      0.1723077628E+03      0.5057716443E+00
0.6100000000E+00      0.6772954701E+03      0.1737194619E+03      0.5069340725E+00
0.6120000000E+00      0.6800880023E+03      0.1751367474E+03      0.5080909150E+00
0.6140000000E+00      0.6828851754E+03      0.1765596162E+03      0.5092422177E+00
0.6160000000E+00      0.6856869922E+03      0.1779880650E+03      0.5103880262E+00
0.6180000000E+00      0.6884934560E+03      0.1794220908E+03      0.5115283852E+00
0.6200000000E+00      0.6913045696E+03      0.1808616903E+03      0.5126633389E+00
0.6220000000E+00      0.6941203360E+03      0.1823068606E+03      0.5137929310E+00
0.6240000000E+00      0.6969407583E+03      0.1837575987E+03      0.5149172045E+00
0.6260000000E+00      0.6997658393E+03      0.1852139015E+03      0.5160362018E+00
0.6280000000E+00      0.7025955819E+03      0.1866757663E+03      0.5171499650E+00
0.6300000000E+00      0.7054299890E+03      0.1881431900E+03      0.5182585354E+00
0.6320000000E+00      0.7082690633E+03      0.1896161698E+03      0.5193619538E+00
0.6340000000E+00      0.7111128078E+03      0.1910947029E+03      0.5204602606E+00
0.6360000000E+00      0.7139612252E+03      0.1925787866E+03      0.5215534955E+00
0.6380000000E+00      0.7168143183E+03      0.1940684182E+03      0.5226416979E+00
0.6400000000E+00      0.7196720897E+03      0.1955635948E+03      0.5237249064E+00
0.6420000000E+00      0.7225345422E+03      0.1970643139E+03      0.5248031594E+00
0.6440000000E+00      0.7254016785E+03      0.1985705728E+03      0.5258764945E+00
0.6460000000E+00      0.7282735011E+03      0.2000823690E+03      0.5269449492E+00
0.6480000000E+00      0.7311500129E+03      0.2015996998E+03      0.5280085601E+00
0.6500000000E+00      0.7340312163E+03      0.2031225627E+03      0.5290673637E+00
0.6520000000E+00      0.7369171139E+03      0.2046509553E+03      0.5301213958E+00
0.6540000000E+00      0.7398077084E+03      0.2061848751E+03      0.5311706919E+00
0.6560000000E+00      0.7427030021E+03      0.2077243197E+03      0.5322152869E+00
0.6580000000E+00      0.7456029977E+03      0.2092692866E+03      0.5332552153E+00
0.6600000000E+00      0.7485076977E+03      0.2108197734E+03      0.5342905113E+00
0.6620000000E+00      0.7514171044E+03      0.2123757779E+03      0.5353212086E+00
0.6640000000E+00      0.7543312205E+03      0.2139372977E+03      0.5363473404E+00
0.6660000000E+00      0.7572500481E+03      0.2155043305E+03      0.5373689395E+00
0.6680000000E+00      0.7601735899E+03      0.2170768740E+03      0.5383860384E+00
0.6700000000E+00      0.7631018481E+03      0.2186549261E+03      0.5393986692E+00
0.6720000000E+00      0.7660348251E+03      0.2202384844E+03      0.5404068636E+00
0.6740000000E+00      0.7689725233E+03      0.2218275469E+03      0.5414106527E+00
0.6760000000E+00      0.7719149450E+03      0.2234221114E+03      0.5424100675E+00
0.6780000000E+00      0.7748620925E+03      0.2250221756E+03      0.5434051385E+00
0.6800000000E+00      0.7778139680E+03      0.2266277376E+03      0.5443958959E+00
0.6820000000E+00      0.7807705739E+03      0.2282387953E+03      0.5453823694E+00
0.6840000000E+00      0.7837319123E+03      0.2298553464E+03      0.5463645885E+00
0.6860000000E+00      0.7866979855E+03      0.2314773891E+03      0.5473425824E+00
0.6880000000E+00      0.7896687957E+03      0.2331049213E+03      0.5483163797E+00
0.6900000000E+00      0.7926443450E+03      0.2347379410E+03      0.5492860089E+00
0.6920000000E+00      0.7956246357E+03      0.2363764462E+03      0.5502514982E+00
0.6940000000E+00      0.7986096699E+03      0.2380204349E+03      0.5512128751E+00
0.6960000000E+00      0.8015994497E+03      0.2396699053E+03      0.5521701672E+00
0.6980000000E+00      0.8045939772E+03      0.2413248553E+03      0.5531234016E+00
0.7000000000E+00      0.8075932546E+03      0.2429852832E+03      0.5540726052E+00
0.7020000000E+00      0.8105972839E+03      0.2446511869E+03      0.5550178044E+00
0.7040000000E+00      0.8136060671E+03      0.2463225648E+03      0.5559590256E+00
0.7060000000E+00      0.8166196063E+03      0.2479994148E+03      0.5568962945E+00
0.7080000000E+00      0.8196379036E+03      0.2496817352E+03      0.5578296369E+00
0.7100000000E+00      0.8226609609E+03      0.2513695243E+03      0.5587590781E+00
0.7120000000E+00      0.8256887802E+03      0.2530627800E+03      0.5596846431E+00
0.7140000000E+00      0.8287213636E+03      0.2547615008E+03      0.5606063569E+00
0.7160000000E+00      0.8317587129E+03      0.2564656849E+03      0.5615242439E+00
0.7180000000E+00      0.8348008301E+03      0.2581753304E+03      0.5624383284E+00
0.7200000000E+00      0.8378477172E+03      0.2598904357E+03      0.5633486344E+00
0.7220000000E+00      0.8408993761E+03      0.2616109991E+03      0.5642551856E+00
0.7240000000E+00      0.8439558086E+03      0.2633370188E+03      0.5651580056E+00
0.7260000000E+00      0.8470170166E+03      0.2650684932E+03      0.5660569954E+00
0.7280000000E+00      0.8500830021E+03      0.2668054207E+03      0.5669524227E+00
0.7300000000E+00      0.8531537668E+03      0.2685477995E+03      0.5678441877E+00
0.7320000000E+00      0.8562293126E+03      0.2702956279E+03      0.5687323130E+00
0.7340000000E+00      0.8593096414E+03      0.2720489045E+03      0.5696168211E+00
0.7360000000E+00      0.8623947549E+03      0.2738076276E+03      0.5704977338E+00
0.7380000000E+00      0.8654846550E+03      0.2755717955E+03      0.5713750730E+00
0.7400000000E+00      0.8685793433E+03      0.2773414066E+03      0.5722488605E+00
0.7420000000E+00      0.8716788218E+03      0.2791164595E+03      0.5731191175E+00
0.7440000000E+00      0.8747830920E+03      0.2808969525E+03      0.5739858654E+00
0.7460000000E+00      0.8778921559E+03      0.2826828841E+03      0.5748491250E+00
0.7480000000E+00      0.8810060151E+03      0.2844742527E+03      0.5757089173E+00
0.7500000000E+00      0.8841246713E+03      0.2862710567E+03      0.5765652627E+00
0.7520000000E+00      0.8872481262E+03      0.2880732948E+03      0.5774181817E+00
0.7540000000E+00      0.8903763815E+03      0.2898809654E+03      0.5782676944E+00
0.7560000000E+00      0.8935094389E+03      0.2916940669E+03      0.5791138208E+00
0.7580000000E+00      0.8966473001E+03      0.2935125979E+03      0.5799565807E+00
0.7600000000E+00      0.8997899667E+03      0.2953365568E+03      0.5807959938E+00
0.7620000000E+00      0.9029374403E+03      0.2971659424E+03      0.5816320795E+00
0.7640000000E+00      0.9060897225E+03      0.2990007530E+03      0.5824648570E+00
0.7660000000E+00      0.9092468150E+03      0.3008409872E+03      0.5832943455E+00
0.7680000000E+00      0.9124087194E+03      0.3026866435E+03      0.5841205637E+00
0.7700000000E+00      0.9155754372E+03      0.3045377207E+03      0.5849435304E+00
0.7720000000E+00      0.9187469701E+03      0.3063942171E+03      0.5857632643E+00
0.7740000000E+00      0.9219233195E+03      0.3082561315E+03      0.5865797835E+00
0.7760000000E+00      0.9251044871E+03      0.3101234624E+03      0.5873931065E+00
0.7780000000E+00      0.9282904744E+03      0.3119962084E+03      0.5882032512E+00
0.7800000000E+00      0.9314812829E+03      0.3138743681E+03      0.5890102355E+00
0.7820000000E+00      0.9346769142E+03      0.3157579402E+03      0.5898140772E+00
0.7840000000E+00      0.9378773697E+03      0.3176469232E+03      0.5906147939E+00
0.7860000000E+00      0.9410826509E+03      0.3195413158E+03      0.5914124030E+00
0.7880000000E+00      0.9442927593E+03      0.3214411167E+03      0.5922069217E+00
0.7900000000E+00      0.9475076964E+03      0.3233463245E+03      0.5929983673E+00
0.7920000000E+00      0.9507274637E+03      0.3252569378E+03      0.5937867566E+00
0.7940000000E+00      0.9539520626E+03      0.3271729554E+03      0.5945721066E+00
0.7960000000E+00      0.9571814945E+03      0.3290943758E+03      0.5953544340E+00
0.7980000000E+00      0.9604157609E+03      0.3310211978E+03      0.5961337552E+00
0.8000000000E+00      0.9636548632E+03      0.3329534201E+03      0.5969100868E+00
0.8020000000E+00      0.9668988028E+03      0.3348910413E+03      0.5976834451E+00
0.8040000000E+00      0.9701475811E+03      0.3368340601E+03      0.5984538461E+00
0.8060000000E+00      0.9734011995E+03      0.3387824754E+03      0.5992213059E+00
0.8080000000E+00      0.9766596593E+03      0.3407362856E+03      0.5999858404E+00
0.8100000000E+00      0.9799229620E+03      0.3426954897E+03      0.6007474654E+00
0.8120000000E+00      0.9831911089E+03      0.3446600863E+03      0.6015061964E+00
0.8140000000E+00      0.9864641014E+03      0.3466300741E+03      0.6022620492E+00
0.8160000000E+00      0.9897419407E+03      0.3486054519E+03      0.6030150389E+00
0.8180000000E+00      0.9930246282E+03      0.3505862184E+03      0.6037651809E+00
0.8200000000E+00      0.9963121653E+03      0.3525723723E+03      0.6045124903E+00
0.8220000000E+00      0.9996045533E+03      0.3545639125E+03      0.6052569823E+00
0.8240000000E+00      0.1002901793E+04      0.3565608376E+03      0.6059986716E+00
0.8260000000E+00      0.1006203887E+04      0.3585631465E+03      0.6067375732E+00
0.8280000000E+00      0.1009510835E+04      0.3605708379E+03      0.6074737016E+00
0.8300000000E+00      0.1012822639E+04      0.3625839106E+03      0.6082070715E+00
0.8320000000E+00      0.1016139301E+04      0.3646023633E+03      0.6089376974E+00
0.8340000000E+00      0.1019460821E+04      0.3666261949E+03      0.6096655935E+00
0.8360000000E+00      0.1022787201E+04      0.3686554041E+03      0.6103907743E+00
0.8380000000E+00      0.1026118441E+04      0.3706899897E+03      0.6111132537E+00
0.8400000000E+00      0.1029454544E+04      0.3727299506E+03      0.6118330459E+00
0.8420000000E+00      0.1032795511E+04      0.3747752855E+03      0.6125501648E+00
0.8440000000E+00      0.1036141342E+04      0.3768259932E+03      0.6132646243E+00
0.8460000000E+00      0.1039492039E+04      0.3788820726E+03      0.6139764381E+00
0.8480000000E+00      0.1042847603E+04      0.3809435225E+03      0.6146856197E+00
0.8500000000E+00      0.1046208035E+04      0.3830103417E+03      0.6153921829E+00
0.8520000000E+00      0.1049573337E+04      0.3850825290E+03      0.6160961410E+00
0.8540000000E+00      0.1052943509E+04      0.3871600832E+03      0.6167975073E+00
0.8560000000E+00      0.1056318553E+04      0.3892430033E+03      0.6174962951E+00
0.8580000000E+00      0.1059698470E+04      0.3913312879E+03      0.6181925177E+00
0.8600000000E+00      0.1063083261E+04      0.3934249361E+03      0.6188861880E+00
0.8620000000E+00      0.1066472927E+04      0.3955239465E+03      0.6195773191E+00
0.8640000000E+00      0.1069867470E+04      0.3976283182E+03      0.6202659239E+00
0.8660000000E+00      0.1073266889E+04      0.3997380499E+03      0.6209520150E+00
0.8680000000E+00      0.1076671188E+04      0.4018531404E+03      0.6216356054E+00
0.8700000000E+00      0.1080080366E+04      0.4039735887E+03      0.6223167075E+00
0.8720000000E+00      0.1083494425E+04      0.4060993937E+03      0.6229953339E+00
0.8740000000E+00      0.1086913366E+04      0.4082305542E+03      0.6236714972E+00
0.8760000000E+00      0.1090337189E+04      0.4103670690E+03      0.6243452096E+00
0.8780000000E+00      0.1093765897E+04      0.4125089371E+03      0.6250164835E+00
0.8800000000E+00      0.1097199489E+04      0.4146561573E+03      0.6256853311E+00
0.8820000000E+00      0.1100637968E+04      0.4168087285E+03      0.6263517645E+00
0.8840000000E+00      0.1104081334E+04      0.4189666497E+03      0.6270157957E+00
0.8860000000E+00      0.1107529588E+04      0.4211299197E+03      0.6276774368E+00
0.8880000000E+00      0.1110982732E+04      0.4232985374E+03      0.6283366996E+00
0.8900000000E+00      0.1114440766E+04      0.4254725017E+03      0.6289935959E+00
0.8920000000E+00      0.1117903691E+04      0.4276518115E+03      0.6296481375E+00
0.8940000000E+00      0.1121371508E+04      0.4298364658E+03      0.6303003360E+00
0.8960000000E+00      0.1124844219E+04      0.4320264634E+03      0.6309361715E+00
0.8980000000E+00      0.1128321824E+04      0.4342218032E+03      0.6315836694E+00
0.9000000000E+00      0.1131804325E+04      0.4364224843E+03      0.6322288586E+00
0.9020000000E+00      0.1135291721E+04      0.4386285054E+03      0.6328717505E+00
0.9040000000E+00      0.1138784015E+04      0.4408398655E+03      0.6335123563E+00
0.9060000000E+00      0.1142281208E+04      0.4430565637E+03      0.6341506874E+00
0.9080000000E+00      0.1145783300E+04      0.4452785987E+03      0.6347867548E+00
0.9100000000E+00      0.1149290291E+04      0.4475059695E+03      0.6354205697E+00
0.9120000000E+00      0.1152802184E+04      0.4497386751E+03      0.6360521430E+00
0.9140000000E+00      0.1156318980E+04      0.4519767144E+03      0.6366814858E+00
0.9160000000E+00      0.1159840678E+04      0.4542200863E+03      0.6373086089E+00
0.9180000000E+00      0.1163367280E+04      0.4564687899E+03      0.6379335230E+00
0.9200000000E+00      0.1166898788E+04      0.4587228240E+03      0.6385562391E+00
0.9220000000E+00      0.1170435201E+04      0.4609821876E+03      0.6391767677E+00
0.9240000000E+00      0.1173976521E+04      0.4632468797E+03      0.6397951194E+00
0.9260000000E+00      0.1177522748E+04      0.4655168992E+03      0.6404113049E+00
0.9280000000E+00      0.1181073884E+04      0.4677922451E+03      0.6410253346E+00
0.9300000000E+00      0.1184629930E+04      0.4700729164E+03      0.6416372190E+00
0.9320000000E+00      0.1188190886E+04      0.4723589120E+03      0.6422469683E+00
0.9340000000E+00      0.1191756754E+04      0.4746502309E+03      0.6428545929E+00
0.9360000000E+00      0.1195327533E+04      0.4769468721E+03      0.6434601031E+00
0.9380000000E+00      0.1198903226E+04      0.4792488345E+03      0.6440635090E+00
0.9400000000E+00      0.1202483832E+04      0.4815561173E+03      0.6446648208E+00
0.9420000000E+00      0.1206069353E+04      0.4838687192E+03      0.6452640484E+00
0.9440000000E+00      0.1209659790E+04      0.4861866394E+03      0.6458612020E+00
0.9460000000E+00      0.1213255144E+04      0.4885098768E+03      0.6464562914E+00
0.9480000000E+00      0.1216855414E+04      0.4908384304E+03      0.6470493266E+00
0.9500000000E+00      0.1220460603E+04      0.4931722992E+03      0.6476403173E+00
0.9520000000E+00      0.1224070711E+04      0.4955114823E+03      0.6482292734E+00
0.9540000000E+00      0.1227685739E+04      0.4978559785E+03      0.6488162044E+00
0.9560000000E+00      0.1231305687E+04      0.5002057870E+03      0.6494011203E+00
0.9580000000E+00      0.1234930557E+04      0.5025609067E+03      0.6499840304E+00
0.9600000000E+00      0.1238560349E+04      0.5049213367E+03      0.6505649443E+00
0.9620000000E+00      0.1242195064E+04      0.5072870759E+03      0.6511438715E+00
0.9640000000E+00      0.1245834703E+04      0.5096581234E+03      0.6517208216E+00
0.9660000000E+00      0.1249479267E+04      0.5120344782E+03      0.6522958038E+00
0.9680000000E+00      0.1253128756E+04      0.5144161394E+03      0.6528688275E+00
0.9700000000E+00      0.1256783172E+04      0.5168031059E+03      0.6534399019E+00
0.9720000000E+00      0.1260442514E+04      0.5191953768E+03      0.6540090364E+00
0.9740000000E+00      0.1264106785E+04      0.5215929511E+03      0.6545762399E+00
0.9760000000E+00      0.1267775984E+04      0.5239958279E+03      0.6551415218E+00
0.9780000000E+00      0.1271450112E+04      0.5264040061E+03      0.6557048909E+00
0.9800000000E+00      0.1275129171E+04      0.5288174849E+03      0.6562663565E+00
0.9820000000E+00      0.1278813160E+04      0.5312362633E+03      0.6568259273E+00
0.9840000000E+00      0.1282502081E+04      0.5336603404E+03      0.6573836124E+00
0.9860000000E+00      0.1286195934E+04      0.5360897151E+03      0.6579394206E+00
0.9880000000E+00      0.1289894721E+04      0.5385243865E+03      0.6584933608E+00
0.9900000000E+00      0.1293598441E+04      0.5409643537E+03      0.6590454416E+00
0.9920000000E+00      0.1297307096E+04      0.5434096158E+03      0.6595956718E+00
0.9940000000E+00      0.1301020686E+04      0.5458601718E+03      0.6601440601E+00
0.9960000000E+00      0.1304739212E+04      0.5483160208E+03      0.6606906151E+00
0.9980000000E+00      0.1308462675E+04      0.5507771618E+03      0.6612353454E+00
0.1000000000E+01      0.1312191076E+04      0.5532435939E+03      0.6617782594E+00
0.1002000000E+01      0.1315924414E+04      0.5557153163E+03      0.6623193658E+00
0.1004000000E+01      0.1319662692E+04      0.5581923279E+03      0.6628586729E+00
0.1006000000E+01      0.1323405909E+04      0.5606746278E+03      0.6633961891E+00
0.1008000000E+01      0.1327154066E+04      0.5631622151E+03      0.6639319227E+00
0.1010000000E+01      0.1330907164E+04      0.5656550890E+03      0.6644658821E+00
0.1012000000E+01      0.1334665204E+04      0.5681532485E+03      0.6649980755E+00
0.1014000000E+01      0.1338428186E+04      0.5706566927E+03      0.6655285111E+00
0.1016000000E+01      0.1342196111E+04      0.5731654206E+03      0.6660571970E+00
0.1018000000E+01      0.1345968979E+04      0.5756794314E+03      0.6665841414E+00
0.1020000000E+01      0.1349746792E+04      0.5781987242E+03      0.6671093524E+00
0.1022000000E+01      0.1353529550E+04      0.5807232981E+03      0.6676328380E+00
0.1024000000E+01      0.1357317254E+04      0.5832531521E+03      0.6681546062E+00
0.1026000000E+01      0.1361109904E+04      0.5857882855E+03      0.6686746648E+00
0.1028000000E+01      0.1364907500E+04      0.5883286972E+03      0.6691930219E+00
0.1030000000E+01      0.1368710045E+04      0.5908743865E+03      0.6697096852E+00
0.1032000000E+01      0.1372517537E+04      0.5934253524E+03      0.6702246627E+00
0.1034000000E+01      0.1376329979E+04      0.5959815940E+03      0.6707379620E+00
0.1036000000E+01      0.1380147369E+04      0.5985431105E+03      0.6712495909E+00
0.1038000000E+01      0.1383969710E+04      0.6011099010E+03      0.6717595571E+00
0.1040000000E+01      0.1387797002E+04      0.6036819646E+03      0.6722678682E+00
0.1042000000E+01      0.1391629245E+04      0.6062593004E+03      0.6727745319E+00
0.1044000000E+01      0.1395466440E+04      0.6088419077E+03      0.6732795556E+00
0.1046000000E+01      0.1399308588E+04      0.6114297854E+03      0.6737829470E+00
0.1048000000E+01      0.1403155688E+04      0.6140229328E+03      0.6742847136E+00
0.1050000000E+01      0.1407007743E+04      0.6166213490E+03      0.6747848627E+00
0.1052000000E+01      0.1410864752E+04      0.6192250331E+03      0.6752834018E+00
0.1054000000E+01      0.1414726716E+04      0.6218339843E+03      0.6757803383E+00
0.1056000000E+01      0.1418593635E+04      0.6244482018E+03      0.6762756794E+00
0.1058000000E+01      0.1422465511E+04      0.6270676846E+03      0.6767694325E+00
0.1060000000E+01      0.1426342343E+04      0.6296924320E+03      0.6772616049E+00
0.1062000000E+01      0.1430224133E+04      0.6323224431E+03      0.6777522037E+00
0.1064000000E+01      0.1434110880E+04      0.6349577170E+03      0.6782412361E+00
0.1066000000E+01      0.1438002586E+04      0.6375982529E+03      0.6787287092E+00
0.1068000000E+01      0.1441899251E+04      0.6402440501E+03      0.6792146302E+00
0.1070000000E+01      0.1445800876E+04      0.6428951076E+03      0.6796990061E+00
0.1072000000E+01      0.1449707461E+04      0.6455514246E+03      0.6801818440E+00
0.1074000000E+01      0.1453619006E+04      0.6482130003E+03      0.6806631508E+00
0.1076000000E+01      0.1457535513E+04      0.6508798339E+03      0.6811429335E+00
0.1078000000E+01      0.1461456982E+04      0.6535519246E+03      0.6816211989E+00
0.1080000000E+01      0.1465383413E+04      0.6562292715E+03      0.6820979541E+00
0.1082000000E+01      0.1469314807E+04      0.6589118738E+03      0.6825732058E+00
0.1084000000E+01      0.1473251164E+04      0.6615997308E+03      0.6830469608E+00
0.1086000000E+01      0.1477192485E+04      0.6642928416E+03      0.6835192259E+00
0.1088000000E+01      0.1481138771E+04      0.6669912053E+03      0.6839900079E+00
0.1090000000E+01      0.1485090022E+04      0.6696948213E+03      0.6844593134E+00
0.1092000000E+01      0.1489046239E+04      0.6724036887E+03      0.6849271491E+00
0.1094000000E+01      0.1493007421E+04      0.6751178075E+03      0.6854084695E+00
0.1096000000E+01      0.1496973570E+04      0.6778371753E+03      0.6858734179E+00
0.1098000000E+01      0.1500944686E+04      0.6805617921E+03      0.6863369164E+00
0.1100000000E+01      0.1504920770E+04      0.6832916571E+03      0.6867989715E+00
0.1102000000E+01      0.1508901823E+04      0.6860267696E+03      0.6872595896E+00
0.1104000000E+01      0.1512887843E+04      0.6887671287E+03      0.6877187772E+00
0.1106000000E+01      0.1516878834E+04      0.6915127337E+03      0.6881765408E+00
0.1108000000E+01      0.1520874793E+04      0.6942635838E+03      0.6886327903E+00
0.1110000000E+01      0.1524875723E+04      0.6970196782E+03      0.6890877250E+00
0.1112000000E+01      0.1528881624E+04      0.6997810162E+03      0.6895412546E+00
0.1114000000E+01      0.1532892495E+04      0.7025475969E+03      0.6899933856E+00
0.1116000000E+01      0.1536908339E+04      0.7053194197E+03      0.6904441242E+00
0.1118000000E+01      0.1540929154E+04      0.7080964837E+03      0.6908934765E+00
0.1120000000E+01      0.1544954942E+04      0.7108787882E+03      0.6913414489E+00
0.1122000000E+01      0.1548985703E+04      0.7136663324E+03      0.6917880473E+00
0.1124000000E+01      0.1553021438E+04      0.7164591156E+03      0.6922332781E+00
0.1126000000E+01      0.1557062147E+04      0.7192571371E+03      0.6926771473E+00
0.1128000000E+01      0.1561107830E+04      0.7220603960E+03      0.6931196609E+00
0.1130000000E+01      0.1565158488E+04      0.7248688916E+03      0.6935608250E+00
0.1132000000E+01      0.1569214122E+04      0.7276826232E+03      0.6940006456E+00
0.1134000000E+01      0.1573274731E+04      0.7305015901E+03      0.6944391287E+00
0.1136000000E+01      0.1577340317E+04      0.7333257915E+03      0.6948762802E+00
0.1138000000E+01      0.1581410880E+04      0.7361552266E+03      0.6953121060E+00
0.1140000000E+01      0.1585486420E+04      0.7389898948E+03      0.6957466121E+00
0.1142000000E+01      0.1589566937E+04      0.7418297952E+03      0.6961798042E+00
0.1144000000E+01      0.1593652433E+04      0.7446749273E+03      0.6966116882E+00
0.1146000000E+01      0.1597742907E+04      0.7475252902E+03      0.6970422699E+00
0.1148000000E+01      0.1601838360E+04      0.7503808832E+03      0.6974715550E+00
0.1150000000E+01      0.1605938793E+04      0.7532417056E+03      0.6978995494E+00
0.1152000000E+01      0.1610044206E+04      0.7561077568E+03      0.6983262586E+00
0.1154000000E+01      0.1614154599E+04      0.7589790359E+03      0.6987516884E+00
0.1156000000E+01      0.1618269972E+04      0.7618555423E+03      0.6991758444E+00
0.1158000000E+01      0.1622390327E+04      0.7647372752E+03      0.6995987322E+00
0.1160000000E+01      0.1626515664E+04      0.7676242340E+03      0.7000203574E+00
0.1162000000E+01      0.1630645982E+04      0.7705164179E+03      0.7004407256E+00
0.1164000000E+01      0.1634781283E+04      0.7734138264E+03      0.7008598423E+00
0.1166000000E+01      0.1638921567E+04      0.7763164585E+03      0.7012777130E+00
0.1168000000E+01      0.1643066834E+04      0.7792243137E+03      0.7016943431E+00
0.1170000000E+01      0.1647217085E+04      0.7821373913E+03      0.7021097382E+00
0.1172000000E+01      0.1651372319E+04      0.7850556906E+03      0.7025239037E+00
0.1174000000E+01      0.1655532539E+04      0.7879792109E+03      0.7029368448E+00
0.1176000000E+01      0.1659697743E+04      0.7909079515E+03      0.7033485670E+00
0.1178000000E+01      0.1663867932E+04      0.7938419117E+03      0.7037590757E+00
0.1180000000E+01      0.1668043108E+04      0.7967810909E+03      0.7041683761E+00
0.1182000000E+01      0.1672223269E+04      0.7997254883E+03      0.7045764735E+00
0.1184000000E+01      0.1676408416E+04      0.8026751034E+03      0.7049833731E+00
0.1186000000E+01      0.1680598551E+04      0.8056299354E+03      0.7053890803E+00
0.1188000000E+01      0.1684793673E+04      0.8085899837E+03      0.7057936001E+00
0.1190000000E+01      0.1688993782E+04      0.8115552475E+03      0.7061969378E+00
0.1192000000E+01      0.1693198880E+04      0.8145257264E+03      0.7065990985E+00
0.1194000000E+01      0.1697408966E+04      0.8175014195E+03      0.7070000873E+00
0.1196000000E+01      0.1701624040E+04      0.8204823262E+03      0.7073999093E+00
0.1198000000E+01      0.1705844104E+04      0.8234684459E+03      0.7077985696E+00
0.1200000000E+01      0.1710069158E+04      0.8264597780E+03      0.7081960733E+00
