      Rhob                Epsilon              Pressure               SoundV
0.4730000000E-14      0.4409040000E-11      0.6303830000E-24      0.2528270000E-09
0.4760000000E-14      0.4431480000E-11      0.6303830000E-23      0.3286900000E-09
0.4910000000E-14      0.4571720000E-11      0.6303830000E-22      0.3811090000E-09
0.6990000000E-14      0.6506980000E-11      0.7552120000E-21      0.1661210000E-08
0.9900000000E-14      0.9199530000E-11      0.8737990000E-20      0.4506330000E-08
0.2720000000E-13      0.2529870000E-10      0.1061040000E-18      0.2185710000E-07
0.1270000000E-12      0.1189210000E-09      0.3632510000E-17      0.1280710000E-06
0.6930000000E-12      0.6450890000E-09      0.1185870000E-15      0.6813760000E-06
0.6295000000E-11      0.5856290000E-08      0.6081640000E-14      0.1980100000E-05
0.1581000000E-10      0.1470800000E-07      0.3100740000E-13      0.4121830000E-05
0.3972000000E-10      0.3694960000E-07      0.1517290000E-12      0.7788630000E-05
0.9976000000E-10      0.9278060000E-07      0.7183870000E-12      0.1422460000E-04
0.2506000000E-09      0.2331300000E-06      0.3286730000E-11      0.2500930000E-04
0.6294000000E-09      0.5856290000E-06      0.1446760000E-10      0.4207890000E-04
0.1581000000E-08      0.1470800000E-05      0.6088500000E-10      0.6739699893E-04
0.3972000000E-08      0.3695520000E-05      0.2441020000E-09      0.8516180000E-04
0.5000000000E-08      0.4651930000E-05      0.3282360000E-09      0.1052360000E-03
0.9976000000E-08      0.9283670000E-05      0.8956430000E-09      0.1422520000E-03
0.1990000000E-07      0.1852250000E-04      0.2392340000E-08      0.1863930000E-03
0.3972000000E-07      0.3696080000E-04      0.6278870000E-08      0.2408930000E-03
0.7924000000E-07      0.7376450000E-04      0.1625270000E-07      0.3085620000E-03
0.1581000000E-06      0.1471920000E-03      0.4166770000E-07      0.3417580000E-03
0.1990000000E-06      0.1853370000E-03      0.5453750000E-07      0.3860480000E-03
0.3155000000E-06      0.2937680000E-03      0.1016730000E-06      0.4315500000E-03
0.5000000000E-06      0.4656420000E-03      0.1890530000E-06      0.4889620000E-03
0.6294000000E-06      0.5861890000E-03      0.2577080000E-06      0.5509610000E-03
0.7924000000E-06      0.7382060000E-03      0.3143180000E-06      0.6137740000E-03
0.9976000000E-06      0.9294890000E-03      0.4281610000E-06      0.6540150000E-03
0.1581000000E-05      0.1470000000E-02      0.7939080000E-06      0.7285460000E-03
0.2506000000E-05      0.2340000000E-02      0.1470480000E-05      0.8500470000E-03
0.3972000000E-05      0.3700000000E-02      0.2722510000E-05      0.8906300000E-03
0.5000000000E-05      0.4660000000E-02      0.3533890000E-05      0.9510480000E-03
0.6294000000E-05      0.5870000000E-02      0.4807140000E-05      0.1100000000E-02
0.7924000000E-05      0.7390000000E-02      0.6541010000E-05      0.1180000000E-02
0.9976000000E-05      0.9310000000E-02      0.8894020000E-05      0.1280000000E-02
0.1256000000E-04      0.1172000000E-01      0.1209590000E-04      0.1300000000E-02
0.1581000000E-04      0.1476000000E-01      0.1562230000E-04      0.1320000000E-02
0.1990000000E-04      0.1858000000E-01      0.2124580000E-04      0.1390000000E-02
0.2506000000E-04      0.2340000000E-01      0.2888530000E-04      0.1470000000E-02
0.3155000000E-04      0.2947000000E-01      0.3713020000E-04      0.1550000000E-02
0.3972000000E-04      0.3712000000E-01      0.5048680000E-04      0.1820000000E-02
0.5000000000E-04      0.4674000000E-01      0.6865560000E-04      0.1960000000E-02
0.6294000000E-04      0.5884000000E-01      0.9330920000E-04      0.2110000000E-02
0.7924000000E-04      0.7416000000E-01      0.1268880000E-03      0.2150000000E-02
0.9976000000E-04      0.9334000000E-01      0.1620900000E-03      0.2190000000E-02
0.1105000000E-03      0.1034400000E+00      0.1805020000E-03      0.2220000000E-02
0.1256000000E-03      0.1175700000E+00      0.2053430000E-03      0.2270000000E-02
0.1581000000E-03      0.1480900000E+00      0.2791790000E-03      0.2300000000E-02
0.1990000000E-03      0.1865100000E+00      0.3630010000E-03      0.2350000000E-02
0.2506000000E-03      0.2349200000E+00      0.4704780000E-03      0.2420000000E-02
0.2572000000E-03      0.2411500000E+00      0.4871430000E-03      0.1640000000E-02
0.2670000000E-03      0.2502100000E+00      0.4925360000E-03      0.6323770000E-03
0.3126000000E-03      0.2932300000E+00      0.5213460000E-03      0.6351150000E-03
0.3951000000E-03      0.3707800000E+00      0.5679160000E-03      0.6395500000E-03
0.4759000000E-03      0.4467600000E+00      0.6136960000E-03      0.6456670000E-03
0.5812000000E-03      0.5456200000E+00      0.6758550000E-03      0.6505920000E-03
0.7143000000E-03      0.6709200000E+00      0.7601150000E-03      0.7025890000E-03
0.8786000000E-03      0.8252300000E+00      0.8731850000E-03      0.7646840000E-03
0.1077000000E-02      0.1012500000E+01      0.1020000000E-02      0.8354260000E-03
0.1314000000E-02      0.1235290000E+01      0.1220000000E-02      0.9276850000E-03
0.1748000000E-02      0.1643560000E+01      0.1620000000E-02      0.1000000000E-02
0.2000000000E-02      0.1880850000E+01      0.2000000000E-02      0.1100000000E-02
0.4000000000E-02      0.3764610000E+01      0.4510000000E-02      0.1460000000E-02
0.6000000000E-02      0.5649800000E+01      0.7500000000E-02      0.1680000000E-02
0.8000000000E-02      0.7536070000E+01      0.1086000000E-01      0.1880000000E-02
0.1000000000E-01      0.9423230000E+01      0.1458000000E-01      0.2070000000E-02
0.1200000000E-01      0.1131116000E+02      0.1867000000E-01      0.2280000000E-02
0.1400000000E-01      0.1319982000E+02      0.2318000000E-01      0.2510000000E-02
0.1600000000E-01      0.1508915000E+02      0.2814000000E-01      0.2760000000E-02
0.1800000000E-01      0.1697914000E+02      0.3361000000E-01      0.3040000000E-02
0.2000000000E-01      0.1886976000E+02      0.3965000000E-01      0.3340000000E-02
0.2200000000E-01      0.2076101000E+02      0.4624000000E-01      0.3660000000E-02
0.2400000000E-01      0.2265290000E+02      0.5348000000E-01      0.3990000000E-02
0.2600000000E-01      0.2454541000E+02      0.6133000000E-01      0.4330000000E-02
0.2800000000E-01      0.2643855000E+02      0.6988000000E-01      0.4680000000E-02
0.3000000000E-01      0.2833233000E+02      0.7906000000E-01      0.5030000000E-02
0.3200000000E-01      0.3022674000E+02      0.8895000000E-01      0.5390000000E-02
0.3400000000E-01      0.3212179000E+02      0.9948000000E-01      0.5740000000E-02
0.3600000000E-01      0.3401748000E+02      0.1107200000E+00      0.6090000000E-02
0.3800000000E-01      0.3591381000E+02      0.1225900000E+00      0.6440000000E-02
0.4000000000E-01      0.3781078000E+02      0.1351400000E+00      0.6790000000E-02
0.4200000000E-01      0.3970840000E+02      0.1483400000E+00      0.7110000000E-02
0.4400000000E-01      0.4160666000E+02      0.1621100000E+00      0.7420000000E-02
0.4600000000E-01      0.4350556000E+02      0.1765200000E+00      0.7740000000E-02
0.4800000000E-01      0.4540510000E+02      0.1915000000E+00      0.8040000000E-02
0.5000000000E-01      0.4730528000E+02      0.2070600000E+00      0.8310000000E-02
0.5200000000E-01      0.4920608000E+02      0.2230900000E+00      0.8580000000E-02
0.5400000000E-01      0.5110752000E+02      0.2396900000E+00      0.8870000000E-02
0.5600000000E-01      0.5300958000E+02      0.2568200000E+00      0.9120000000E-02
0.5800000000E-01      0.5491227000E+02      0.2743700000E+00      0.9340000000E-02
0.6000000000E-01      0.5681556000E+02      0.2923800000E+00      0.9690000000E-02
0.6200000000E-01      0.5871946000E+02      0.3101200000E+00      0.1002000000E-01
0.6400000000E-01      0.6062394000E+02      0.3290400000E+00      0.1028000000E-01
0.6600000000E-01      0.6252904000E+02      0.3483400000E+00      0.1069000000E-01
0.6800000000E-01      0.6443473000E+02      0.3679800000E+00      0.1101000000E-01
0.7000000000E-01      0.6634095000E+02      0.3861300000E+00      0.1136000000E-01
0.1110000000E+00      0.1055088233E+03      0.3898947719E+00      0.1386650290E-01
0.1130000000E+00      0.1074171520E+03      0.4174732021E+00      0.1501485751E-01
0.1150000000E+00      0.1093259885E+03      0.4473142597E+00      0.1622809216E-01
0.1170000000E+00      0.1112353636E+03      0.4793769301E+00      0.1735031900E-01
0.1190000000E+00      0.1131453059E+03      0.5137513694E+00      0.1862556823E-01
0.1210000000E+00      0.1150558470E+03      0.5506638548E+00      0.1999043535E-01
0.1230000000E+00      0.1169670202E+03      0.5902758818E+00      0.2143486587E-01
0.1250000000E+00      0.1188788603E+03      0.6327386532E+00      0.2295585302E-01
0.1270000000E+00      0.1207914036E+03      0.6782001866E+00      0.2455232898E-01
0.1290000000E+00      0.1227046873E+03      0.7268076619E+00      0.2622398315E-01
0.1310000000E+00      0.1246187496E+03      0.7787086580E+00      0.2797557609E-01
0.1330000000E+00      0.1265336304E+03      0.8340506922E+00      0.2979800387E-01
0.1350000000E+00      0.1284493702E+03      0.8929828390E+00      0.3169609154E-01
0.1370000000E+00      0.1303660105E+03      0.9556549026E+00      0.3367010388E-01
0.1390000000E+00      0.1322835938E+03      0.1022217662E+01      0.3571610445E-01
0.1410000000E+00      0.1342021636E+03      0.1092822913E+01      0.3784848119E-01
0.1430000000E+00      0.1361217643E+03      0.1167623125E+01      0.4005160597E-01
0.1450000000E+00      0.1380424414E+03      0.1246771777E+01      0.4233135742E-01
0.1470000000E+00      0.1399642409E+03      0.1330422985E+01      0.4468776213E-01
0.1490000000E+00      0.1418872100E+03      0.1418731461E+01      0.4712077418E-01
0.1510000000E+00      0.1438113964E+03      0.1511852405E+01      0.4963027187E-01
0.1530000000E+00      0.1457368488E+03      0.1609941376E+01      0.5221081077E-01
0.1550000000E+00      0.1476636168E+03      0.1713154023E+01      0.5486915115E-01
0.1570000000E+00      0.1495917502E+03      0.1821646554E+01      0.5760625645E-01
0.1590000000E+00      0.1515213001E+03      0.1935574721E+01      0.6041855956E-01
0.1610000000E+00      0.1534523179E+03      0.2055094279E+01      0.6330553925E-01
0.1630000000E+00      0.1553848556E+03      0.2180360882E+01      0.6627050013E-01
0.1650000000E+00      0.1573189667E+03      0.2311529077E+01      0.6930104299E-01
0.1670000000E+00      0.1592547039E+03      0.2448753936E+01      0.7240812541E-01
0.1690000000E+00      0.1611921215E+03      0.2592189169E+01      0.7558700398E-01
0.1710000000E+00      0.1631312740E+03      0.2741987873E+01      0.7883676484E-01
0.1730000000E+00      0.1650722160E+03      0.2898302448E+01      0.8216124787E-01
0.1750000000E+00      0.1670150037E+03      0.3061283632E+01      0.8554986097E-01
0.1770000000E+00      0.1689596927E+03      0.3231081634E+01      0.8900617556E-01
0.1790000000E+00      0.1709063395E+03      0.3407845185E+01      0.9252899025E-01
0.1810000000E+00      0.1728550008E+03      0.3591721631E+01      0.9611703704E-01
0.1830000000E+00      0.1748057337E+03      0.3782856819E+01      0.9976898430E-01
0.1850000000E+00      0.1767585958E+03      0.3981394989E+01      0.1034834381E+00
0.1870000000E+00      0.1787136447E+03      0.4187478667E+01      0.1072589457E+00
0.1890000000E+00      0.1806709387E+03      0.4401248566E+01      0.1110939981E+00
0.1910000000E+00      0.1826305359E+03      0.4622843482E+01      0.1149870325E+00
0.1930000000E+00      0.1845924950E+03      0.4852400203E+01      0.1189364359E+00
0.1950000000E+00      0.1865568746E+03      0.5090053417E+01      0.1229405475E+00
0.1970000000E+00      0.1885237337E+03      0.5335935625E+01      0.1269976621E+00
0.1990000000E+00      0.1904931313E+03      0.5590177058E+01      0.1311011581E+00
0.2010000000E+00      0.1924651265E+03      0.5852905598E+01      0.1352588665E+00
0.2030000000E+00      0.1944397786E+03      0.6124246703E+01      0.1394642251E+00
0.2050000000E+00      0.1964171468E+03      0.6404323343E+01      0.1437154127E+00
0.2070000000E+00      0.1983972905E+03      0.6693255921E+01      0.1480104891E+00
0.2090000000E+00      0.2003802689E+03      0.6991162230E+01      0.1523475800E+00
0.2110000000E+00      0.2023661415E+03      0.7298157383E+01      0.1567247585E+00
0.2130000000E+00      0.2043549673E+03      0.7614353767E+01      0.1611400796E+00
0.2150000000E+00      0.2063468057E+03      0.7939860995E+01      0.1655915831E+00
0.2170000000E+00      0.2083417157E+03      0.8274785864E+01      0.1700772965E+00
0.2190000000E+00      0.2103397563E+03      0.8619232316E+01      0.1745952389E+00
0.2210000000E+00      0.2123409863E+03      0.8973301407E+01      0.1791434237E+00
0.2230000000E+00      0.2143454643E+03      0.9337091274E+01      0.1837198617E+00
0.2250000000E+00      0.2163532489E+03      0.9710697118E+01      0.1883225646E+00
0.2270000000E+00      0.2183643983E+03      0.1009421118E+02      0.1929495474E+00
0.2290000000E+00      0.2203789706E+03      0.1048772271E+02      0.1975988318E+00
0.2310000000E+00      0.2223970233E+03      0.1089131815E+02      0.2022726381E+00
0.2330000000E+00      0.2244186144E+03      0.1130508048E+02      0.2069607074E+00
0.2350000000E+00      0.2264438010E+03      0.1172909015E+02      0.2116652112E+00
0.2370000000E+00      0.2284726400E+03      0.1216342444E+02      0.2163842247E+00
0.2390000000E+00      0.2305051880E+03      0.1260815767E+02      0.2211158430E+00
0.2410000000E+00      0.2325415013E+03      0.1306336117E+02      0.2258581833E+00
0.2430000000E+00      0.2345816359E+03      0.1352910330E+02      0.2306093872E+00
0.2450000000E+00      0.2366256472E+03      0.1400544947E+02      0.2353676227E+00
0.2470000000E+00      0.2386735905E+03      0.1449246218E+02      0.2401310866E+00
0.2490000000E+00      0.2407255205E+03      0.1499020099E+02      0.2448980057E+00
0.2510000000E+00      0.2427814916E+03      0.1549872263E+02      0.2496593161E+00
0.2530000000E+00      0.2448415578E+03      0.1601808092E+02      0.2544277630E+00
0.2550000000E+00      0.2469057725E+03      0.1654832691E+02      0.2591945428E+00
0.2570000000E+00      0.2489741887E+03      0.1708950885E+02      0.2639580203E+00
0.2590000000E+00      0.2510468592E+03      0.1764167225E+02      0.2687165984E+00
0.2610000000E+00      0.2531238359E+03      0.1820485990E+02      0.2734687190E+00
0.2630000000E+00      0.2552051705E+03      0.1877911195E+02      0.2782128644E+00
0.2650000000E+00      0.2572909142E+03      0.1936446591E+02      0.2829475576E+00
0.2670000000E+00      0.2593811176E+03      0.1996095672E+02      0.2876713638E+00
0.2690000000E+00      0.2614758308E+03      0.2056861682E+02      0.2923828904E+00
0.2710000000E+00      0.2635751035E+03      0.2118747614E+02      0.2970807883E+00
0.2730000000E+00      0.2656789848E+03      0.2181756220E+02      0.3017637516E+00
0.2750000000E+00      0.2677875233E+03      0.2245890016E+02      0.3064305187E+00
0.2770000000E+00      0.2699007669E+03      0.2311151283E+02      0.3110798718E+00
0.2790000000E+00      0.2720187633E+03      0.2377542079E+02      0.3157106379E+00
0.2810000000E+00      0.2741415593E+03      0.2445064238E+02      0.3203216881E+00
0.2830000000E+00      0.2762692015E+03      0.2513719381E+02      0.3249119381E+00
0.2850000000E+00      0.2784017356E+03      0.2583508916E+02      0.3294803478E+00
0.2870000000E+00      0.2805392070E+03      0.2654434051E+02      0.3340259213E+00
0.2890000000E+00      0.2826816605E+03      0.2726495792E+02      0.3385477066E+00
0.2910000000E+00      0.2848291403E+03      0.2799694954E+02      0.3430447951E+00
0.2930000000E+00      0.2869816900E+03      0.2874032167E+02      0.3475163215E+00
0.2950000000E+00      0.2891393527E+03      0.2949507875E+02      0.3519614630E+00
0.2970000000E+00      0.2913021710E+03      0.3026122352E+02      0.3563794391E+00
0.2990000000E+00      0.2934701867E+03      0.3103875699E+02      0.3607695108E+00
0.3010000000E+00      0.2956434414E+03      0.3182767854E+02      0.3651309800E+00
0.3030000000E+00      0.2978219760E+03      0.3262798597E+02      0.3694631889E+00
0.3050000000E+00      0.3000058305E+03      0.3343967556E+02      0.3737655194E+00
0.3070000000E+00      0.3021950449E+03      0.3426274210E+02      0.3780373917E+00
0.3090000000E+00      0.3043896582E+03      0.3509717901E+02      0.3822825810E+00
0.3110000000E+00      0.3065897092E+03      0.3594297828E+02      0.3864920192E+00
0.3130000000E+00      0.3087952359E+03      0.3680013065E+02      0.3906694843E+00
0.3150000000E+00      0.3110062758E+03      0.3766862558E+02      0.3948145438E+00
0.3170000000E+00      0.3132228659E+03      0.3854845135E+02      0.3989267995E+00
0.3190000000E+00      0.3154450427E+03      0.3943959508E+02      0.4030058872E+00
0.3210000000E+00      0.3176728419E+03      0.4034204278E+02      0.4070514751E+00
0.3230000000E+00      0.3199062991E+03      0.4125577943E+02      0.4110632635E+00
0.3250000000E+00      0.3221454489E+03      0.4218078900E+02      0.4150409832E+00
0.3270000000E+00      0.3243903256E+03      0.4311705450E+02      0.4189843953E+00
0.3290000000E+00      0.3266409632E+03      0.4406455806E+02      0.4228932894E+00
0.3310000000E+00      0.3288973946E+03      0.4502328091E+02      0.4267674835E+00
0.3330000000E+00      0.3311596528E+03      0.4599320350E+02      0.4306068223E+00
0.3350000000E+00      0.3334277700E+03      0.4697430549E+02      0.4344111769E+00
0.3370000000E+00      0.3357017777E+03      0.4796656580E+02      0.4381804433E+00
0.3390000000E+00      0.3379817072E+03      0.4896996269E+02      0.4419145418E+00
0.3410000000E+00      0.3402675892E+03      0.4998447375E+02      0.4456134160E+00
0.3430000000E+00      0.3425594540E+03      0.5101007596E+02      0.4492770318E+00
0.3450000000E+00      0.3448573312E+03      0.5204674574E+02      0.4529053766E+00
0.3470000000E+00      0.3471612501E+03      0.5309445896E+02      0.4564984584E+00
0.3490000000E+00      0.3494712394E+03      0.5415319099E+02      0.4600563048E+00
0.3510000000E+00      0.3517873274E+03      0.5522291676E+02      0.4635789624E+00
0.3530000000E+00      0.3541095420E+03      0.5630361074E+02      0.4670664954E+00
0.3550000000E+00      0.3564379104E+03      0.5739524702E+02      0.4705189856E+00
0.3570000000E+00      0.3587724597E+03      0.5849779930E+02      0.4739365308E+00
0.3590000000E+00      0.3611132162E+03      0.5961124097E+02      0.4773192443E+00
0.3610000000E+00      0.3634602060E+03      0.6073554509E+02      0.4806672546E+00
0.3630000000E+00      0.3658134546E+03      0.6187068445E+02      0.4839807037E+00
0.3650000000E+00      0.3681729872E+03      0.6301663159E+02      0.4872597470E+00
0.3670000000E+00      0.3705388284E+03      0.6417335881E+02      0.4905045525E+00
0.3690000000E+00      0.3729110027E+03      0.6534083822E+02      0.4937153000E+00
0.3710000000E+00      0.3752895338E+03      0.6651904174E+02      0.4968921806E+00
0.3730000000E+00      0.3776744452E+03      0.6770794116E+02      0.5000354001E+00
0.3750000000E+00      0.3800657600E+03      0.6890750810E+02      0.5031451609E+00
0.3770000000E+00      0.3824635009E+03      0.7011771411E+02      0.5062216881E+00
0.3790000000E+00      0.3848676901E+03      0.7133853062E+02      0.5092652109E+00
0.3810000000E+00      0.3872783495E+03      0.7256992900E+02      0.5122759664E+00
0.3830000000E+00      0.3896955007E+03      0.7381188057E+02      0.5152541996E+00
0.3850000000E+00      0.3921191647E+03      0.7506435662E+02      0.5182001620E+00
0.3870000000E+00      0.3945493623E+03      0.7632732840E+02      0.5211141119E+00
0.3890000000E+00      0.3969861140E+03      0.7760076718E+02      0.5239963134E+00
0.3910000000E+00      0.3994294397E+03      0.7888464426E+02      0.5268470361E+00
0.3930000000E+00      0.4018793592E+03      0.8017893092E+02      0.5296665546E+00
0.3950000000E+00      0.4043358918E+03      0.8148359854E+02      0.5324551479E+00
0.3970000000E+00      0.4067990565E+03      0.8279861852E+02      0.5352130994E+00
0.3990000000E+00      0.4092688720E+03      0.8412396234E+02      0.5379406960E+00
0.4010000000E+00      0.4117453566E+03      0.8545960158E+02      0.5406382280E+00
0.4030000000E+00      0.4142285284E+03      0.8680550788E+02      0.5433059886E+00
0.4050000000E+00      0.4167184050E+03      0.8816165300E+02      0.5459442738E+00
0.4070000000E+00      0.4192150039E+03      0.8952800884E+02      0.5485533815E+00
0.4090000000E+00      0.4217183420E+03      0.9090454738E+02      0.5511336119E+00
0.4110000000E+00      0.4242284362E+03      0.9229124077E+02      0.5536852664E+00
0.4130000000E+00      0.4267453029E+03      0.9368806128E+02      0.5562086480E+00
0.4150000000E+00      0.4292689584E+03      0.9509498133E+02      0.5587040606E+00
0.4170000000E+00      0.4317994185E+03      0.9651197352E+02      0.5611718091E+00
0.4190000000E+00      0.4343366987E+03      0.9793901059E+02      0.5636121984E+00
0.4210000000E+00      0.4368808145E+03      0.9937606547E+02      0.5660255340E+00
0.4230000000E+00      0.4394317809E+03      0.1008231112E+03      0.5684121216E+00
0.4250000000E+00      0.4419896127E+03      0.1022801212E+03      0.5707722662E+00
0.4270000000E+00      0.4445543244E+03      0.1037470688E+03      0.5731062729E+00
0.4290000000E+00      0.4471259303E+03      0.1052239278E+03      0.5754144458E+00
0.4310000000E+00      0.4497044443E+03      0.1067106719E+03      0.5776970885E+00
0.4330000000E+00      0.4522898802E+03      0.1082072753E+03      0.5799545036E+00
0.4350000000E+00      0.4548822516E+03      0.1097137122E+03      0.5821869924E+00
0.4370000000E+00      0.4574815716E+03      0.1112299572E+03      0.5843948551E+00
0.4390000000E+00      0.4600878534E+03      0.1127559848E+03      0.5865783906E+00
0.4410000000E+00      0.4627011097E+03      0.1142917700E+03      0.5887378958E+00
0.4430000000E+00      0.4653213530E+03      0.1158372880E+03      0.5908736665E+00
0.4450000000E+00      0.4679485958E+03      0.1173925141E+03      0.5929859962E+00
0.4470000000E+00      0.4705828502E+03      0.1189574238E+03      0.5950751769E+00
0.4490000000E+00      0.4732241279E+03      0.1205319931E+03      0.5971415037E+00
0.4510000000E+00      0.4758724408E+03      0.1221161978E+03      0.5991852535E+00
0.4530000000E+00      0.4785278004E+03      0.1237100143E+03      0.6012067171E+00
0.4550000000E+00      0.4811902178E+03      0.1253134190E+03      0.6032061779E+00
0.4570000000E+00      0.4838597041E+03      0.1269263887E+03      0.6051839168E+00
0.4590000000E+00      0.4865362703E+03      0.1285489002E+03      0.6071402120E+00
0.4610000000E+00      0.4892199270E+03      0.1301809308E+03      0.6090753398E+00
0.4630000000E+00      0.4919106847E+03      0.1318224579E+03      0.6109895734E+00
0.4650000000E+00      0.4946085537E+03      0.1334734591E+03      0.6128831838E+00
0.4670000000E+00      0.4973135440E+03      0.1351339123E+03      0.6147564391E+00
0.4690000000E+00      0.5000256658E+03      0.1368037956E+03      0.6166096049E+00
0.4710000000E+00      0.5027449286E+03      0.1384830873E+03      0.6184429440E+00
0.4730000000E+00      0.5054713421E+03      0.1401717660E+03      0.6202567163E+00
0.4750000000E+00      0.5082049157E+03      0.1418698105E+03      0.6220511793E+00
0.4770000000E+00      0.5109456586E+03      0.1435771998E+03      0.6238265873E+00
0.4790000000E+00      0.5136935800E+03      0.1452939132E+03      0.6255831920E+00
0.4810000000E+00      0.5164486887E+03      0.1470199301E+03      0.6273212421E+00
0.4830000000E+00      0.5192109934E+03      0.1487552302E+03      0.6290409836E+00
0.4850000000E+00      0.5219805029E+03      0.1504997936E+03      0.6307426596E+00
0.4870000000E+00      0.5247572255E+03      0.1522536003E+03      0.6324265101E+00
0.4890000000E+00      0.5275411695E+03      0.1540166307E+03      0.6340927724E+00
0.4910000000E+00      0.5303323431E+03      0.1557888655E+03      0.6357416811E+00
0.4930000000E+00      0.5331307543E+03      0.1575702855E+03      0.6373734674E+00
0.4950000000E+00      0.5359364109E+03      0.1593608717E+03      0.6389883601E+00
0.4970000000E+00      0.5387493207E+03      0.1611606054E+03      0.6405865848E+00
0.4990000000E+00      0.5415694913E+03      0.1629694681E+03      0.6421683644E+00
0.5010000000E+00      0.5443969301E+03      0.1647874415E+03      0.6437339188E+00
0.5030000000E+00      0.5472316444E+03      0.1666145074E+03      0.6452834652E+00
0.5050000000E+00      0.5500736414E+03      0.1684506481E+03      0.6468172177E+00
0.5070000000E+00      0.5529229282E+03      0.1702958458E+03      0.6483353878E+00
0.5090000000E+00      0.5557795117E+03      0.1721500832E+03      0.6498381842E+00
0.5110000000E+00      0.5586433988E+03      0.1740133428E+03      0.6513258124E+00
0.5130000000E+00      0.5615145961E+03      0.1758856077E+03      0.6527984756E+00
0.5150000000E+00      0.5643931102E+03      0.1777668611E+03      0.6542563740E+00
0.5170000000E+00      0.5672789475E+03      0.1796570863E+03      0.6556997051E+00
0.5190000000E+00      0.5701721145E+03      0.1815562668E+03      0.6571286635E+00
0.5210000000E+00      0.5730726172E+03      0.1834643865E+03      0.6585434413E+00
0.5230000000E+00      0.5759804620E+03      0.1853814291E+03      0.6599442279E+00
0.5250000000E+00      0.5788956547E+03      0.1873073790E+03      0.6613312099E+00
0.5270000000E+00      0.5818182013E+03      0.1892422203E+03      0.6627045715E+00
0.5290000000E+00      0.5847481077E+03      0.1911859377E+03      0.6640644939E+00
0.5310000000E+00      0.5876853794E+03      0.1931385158E+03      0.6654111562E+00
0.5330000000E+00      0.5906300221E+03      0.1950999395E+03      0.6667447345E+00
0.5350000000E+00      0.5935820413E+03      0.1970701939E+03      0.6680654026E+00
0.5370000000E+00      0.5965414425E+03      0.1990492642E+03      0.6693733317E+00
0.5390000000E+00      0.5995082308E+03      0.2010371358E+03      0.6706686948E+00
0.5410000000E+00      0.6024824116E+03      0.2030337944E+03      0.6719516498E+00
0.5430000000E+00      0.6054639900E+03      0.2050392257E+03      0.6732223649E+00
0.5450000000E+00      0.6084529711E+03      0.2070534157E+03      0.6744810014E+00
0.5470000000E+00      0.6114493597E+03      0.2090763504E+03      0.6757277186E+00
0.5490000000E+00      0.6144531607E+03      0.2111080163E+03      0.6769626731E+00
0.5510000000E+00      0.6174643789E+03      0.2131483996E+03      0.6781860195E+00
0.5530000000E+00      0.6204830191E+03      0.2151974871E+03      0.6793979100E+00
0.5550000000E+00      0.6235090857E+03      0.2172552655E+03      0.6805984944E+00
0.5570000000E+00      0.6265425834E+03      0.2193217217E+03      0.6817879205E+00
0.5590000000E+00      0.6295835167E+03      0.2213968429E+03      0.6829663338E+00
0.5610000000E+00      0.6326318898E+03      0.2234806163E+03      0.6841338776E+00
0.5630000000E+00      0.6356877071E+03      0.2255730292E+03      0.6852906933E+00
0.5650000000E+00      0.6387509728E+03      0.2276740693E+03      0.6864369197E+00
0.5670000000E+00      0.6418216911E+03      0.2297837242E+03      0.6875726940E+00
0.5690000000E+00      0.6448998660E+03      0.2319019819E+03      0.6886981512E+00
0.5710000000E+00      0.6479855015E+03      0.2340288302E+03      0.6898134242E+00
0.5730000000E+00      0.6510786016E+03      0.2361642574E+03      0.6909186439E+00
0.5750000000E+00      0.6541791702E+03      0.2383082516E+03      0.6920139394E+00
0.5770000000E+00      0.6572872110E+03      0.2404608015E+03      0.6930994377E+00
0.5790000000E+00      0.6604027278E+03      0.2426218954E+03      0.6941752640E+00
0.5810000000E+00      0.6635257243E+03      0.2447915221E+03      0.6952415415E+00
0.5830000000E+00      0.6666562041E+03      0.2469696704E+03      0.6962983915E+00
0.5850000000E+00      0.6697941706E+03      0.2491563294E+03      0.6973459338E+00
0.5870000000E+00      0.6729396274E+03      0.2513514880E+03      0.6983842861E+00
0.5890000000E+00      0.6760925780E+03      0.2535551356E+03      0.6994135644E+00
0.5910000000E+00      0.6792530256E+03      0.2557672614E+03      0.7004338830E+00
0.5930000000E+00      0.6824209735E+03      0.2579878550E+03      0.7014453544E+00
0.5950000000E+00      0.6855964251E+03      0.2602169059E+03      0.7024480895E+00
0.5970000000E+00      0.6887793835E+03      0.2624544039E+03      0.7034421974E+00
0.5990000000E+00      0.6919698519E+03      0.2647003388E+03      0.7044277857E+00
0.6010000000E+00      0.6951678332E+03      0.2669547006E+03      0.7054049604E+00
0.6030000000E+00      0.6983733307E+03      0.2692174794E+03      0.7063738257E+00
0.6050000000E+00      0.7015863471E+03      0.2714886653E+03      0.7073344845E+00
0.6070000000E+00      0.7048068854E+03      0.2737682487E+03      0.7082870380E+00
0.6090000000E+00      0.7080349486E+03      0.2760562200E+03      0.7092315858E+00
0.6110000000E+00      0.7112705393E+03      0.2783525698E+03      0.7101682263E+00
0.6130000000E+00      0.7145136605E+03      0.2806572886E+03      0.7110970561E+00
0.6150000000E+00      0.7177643148E+03      0.2829703672E+03      0.7120181705E+00
0.6170000000E+00      0.7210225048E+03      0.2852917965E+03      0.7129316634E+00
0.6190000000E+00      0.7242882333E+03      0.2876215675E+03      0.7138376274E+00
0.6210000000E+00      0.7275615028E+03      0.2899596712E+03      0.7147361534E+00
0.6230000000E+00      0.7308423158E+03      0.2923060988E+03      0.7156273313E+00
0.6250000000E+00      0.7341306748E+03      0.2946608415E+03      0.7165112493E+00
0.6270000000E+00      0.7374265823E+03      0.2970238908E+03      0.7173879947E+00
0.6290000000E+00      0.7407300407E+03      0.2993952380E+03      0.7182576532E+00
0.6310000000E+00      0.7440410523E+03      0.3017748748E+03      0.7191203093E+00
0.6330000000E+00      0.7473596194E+03      0.3041627928E+03      0.7199760463E+00
0.6350000000E+00      0.7506857444E+03      0.3065589837E+03      0.7208249462E+00
0.6370000000E+00      0.7540194295E+03      0.3089634395E+03      0.7216670899E+00
0.6390000000E+00      0.7573606768E+03      0.3113761519E+03      0.7225025570E+00
0.6410000000E+00      0.7607094886E+03      0.3137971132E+03      0.7233314260E+00
0.6430000000E+00      0.7640658669E+03      0.3162263153E+03      0.7241537741E+00
0.6450000000E+00      0.7674298139E+03      0.3186637504E+03      0.7249696775E+00
0.6470000000E+00      0.7708013315E+03      0.3211094110E+03      0.7257792114E+00
0.6490000000E+00      0.7741804219E+03      0.3235632892E+03      0.7265824497E+00
0.6510000000E+00      0.7775670870E+03      0.3260253776E+03      0.7273794652E+00
0.6530000000E+00      0.7809613286E+03      0.3284956688E+03      0.7281703297E+00
0.6550000000E+00      0.7843631488E+03      0.3309741552E+03      0.7289551141E+00
0.6570000000E+00      0.7877725494E+03      0.3334608298E+03      0.7297338882E+00
0.6590000000E+00      0.7911895323E+03      0.3359556851E+03      0.7305067229E+00
0.6610000000E+00      0.7946140991E+03      0.3384587140E+03      0.7312736813E+00
0.6630000000E+00      0.7980462518E+03      0.3409699096E+03      0.7320348326E+00
0.6650000000E+00      0.8014859921E+03      0.3434892647E+03      0.7327902425E+00
0.6670000000E+00      0.8049333216E+03      0.3460167726E+03      0.7335399759E+00
0.6690000000E+00      0.8083882421E+03      0.3485524263E+03      0.7342840968E+00
0.6710000000E+00      0.8118507552E+03      0.3510962190E+03      0.7350226681E+00
0.6730000000E+00      0.8153208624E+03      0.3536481441E+03      0.7357557520E+00
0.6750000000E+00      0.8187985655E+03      0.3562081950E+03      0.7364834096E+00
0.6770000000E+00      0.8222838660E+03      0.3587763650E+03      0.7372057014E+00
0.6790000000E+00      0.8257767653E+03      0.3613526477E+03      0.7379226868E+00
0.6810000000E+00      0.8292772651E+03      0.3639370367E+03      0.7386344245E+00
0.6830000000E+00      0.8327853667E+03      0.3665295256E+03      0.7393409723E+00
0.6850000000E+00      0.8363010717E+03      0.3691301080E+03      0.7400423872E+00
0.6870000000E+00      0.8398243814E+03      0.3717387779E+03      0.7407387254E+00
0.6890000000E+00      0.8433552972E+03      0.3743555290E+03      0.7414300424E+00
0.6910000000E+00      0.8468938206E+03      0.3769803553E+03      0.7421163928E+00
0.6930000000E+00      0.8504399528E+03      0.3796132506E+03      0.7427978304E+00
0.6950000000E+00      0.8539936952E+03      0.3822542090E+03      0.7434744085E+00
0.6970000000E+00      0.8575550491E+03      0.3849032247E+03      0.7441461793E+00
0.6990000000E+00      0.8611240157E+03      0.3875602917E+03      0.7448131945E+00
0.7010000000E+00      0.8647005963E+03      0.3902254042E+03      0.7454755052E+00
0.7030000000E+00      0.8682847921E+03      0.3928985566E+03      0.7461331614E+00
0.7050000000E+00      0.8718766044E+03      0.3955797431E+03      0.7467862129E+00
0.7070000000E+00      0.8754760342E+03      0.3982689581E+03      0.7474347084E+00
0.7090000000E+00      0.8790830828E+03      0.4009661961E+03      0.7480786961E+00
0.7110000000E+00      0.8826977512E+03      0.4036714515E+03      0.7487182236E+00
0.7130000000E+00      0.8863200407E+03      0.4063847188E+03      0.7493533378E+00
0.7150000000E+00      0.8899499522E+03      0.4091059928E+03      0.7499840849E+00
0.7170000000E+00      0.8935874869E+03      0.4118352679E+03      0.7506105106E+00
0.7190000000E+00      0.8972326457E+03      0.4145725390E+03      0.7512326599E+00
0.7210000000E+00      0.9008854298E+03      0.4173178008E+03      0.7518505771E+00
0.7230000000E+00      0.9045458401E+03      0.4200710480E+03      0.7524643061E+00
0.7250000000E+00      0.9082138777E+03      0.4228322756E+03      0.7530738901E+00
0.7270000000E+00      0.9118895434E+03      0.4256014784E+03      0.7536793717E+00
0.7290000000E+00      0.9155728382E+03      0.4283786514E+03      0.7542807930E+00
0.7310000000E+00      0.9192637631E+03      0.4311637895E+03      0.7548781955E+00
0.7330000000E+00      0.9229623190E+03      0.4339568879E+03      0.7554716202E+00
0.7350000000E+00      0.9266685067E+03      0.4367579417E+03      0.7560611074E+00
0.7370000000E+00      0.9303823271E+03      0.4395669459E+03      0.7566466971E+00
0.7390000000E+00      0.9341037812E+03      0.4423838957E+03      0.7572284285E+00
0.7410000000E+00      0.9378328696E+03      0.4452087865E+03      0.7578063406E+00
0.7430000000E+00      0.9415695934E+03      0.4480416134E+03      0.7583804716E+00
0.7450000000E+00      0.9453139531E+03      0.4508823717E+03      0.7589508594E+00
0.7470000000E+00      0.9490659497E+03      0.4537310570E+03      0.7595175413E+00
0.7490000000E+00      0.9528255839E+03      0.4565876645E+03      0.7600805542E+00
0.7510000000E+00      0.9565928565E+03      0.4594521896E+03      0.7606399343E+00
0.7530000000E+00      0.9603677682E+03      0.4623246280E+03      0.7611957177E+00
0.7550000000E+00      0.9641503197E+03      0.4652049751E+03      0.7617479398E+00
0.7570000000E+00      0.9679405117E+03      0.4680932265E+03      0.7622966354E+00
0.7590000000E+00      0.9717383449E+03      0.4709893778E+03      0.7628418392E+00
0.7610000000E+00      0.9755438201E+03      0.4738934247E+03      0.7633835852E+00
0.7630000000E+00      0.9793569378E+03      0.4768053628E+03      0.7639219072E+00
0.7650000000E+00      0.9831776987E+03      0.4797251879E+03      0.7644568382E+00
0.7670000000E+00      0.9870061034E+03      0.4826528957E+03      0.7649884111E+00
0.7690000000E+00      0.9908421526E+03      0.4855884821E+03      0.7655166584E+00
0.7710000000E+00      0.9946858468E+03      0.4885319429E+03      0.7660416119E+00
0.7730000000E+00      0.9985371867E+03      0.4914832740E+03      0.7665633032E+00
0.7750000000E+00      0.1002396173E+04      0.4944424713E+03      0.7670817636E+00
0.7770000000E+00      0.1006262806E+04      0.4974095307E+03      0.7675970238E+00
0.7790000000E+00      0.1010137086E+04      0.5003844483E+03      0.7681091142E+00
0.7810000000E+00      0.1014019014E+04      0.5033672200E+03      0.7686180649E+00
0.7830000000E+00      0.1017908590E+04      0.5063578419E+03      0.7691239055E+00
0.7850000000E+00      0.1021805816E+04      0.5093563102E+03      0.7696266652E+00
0.7870000000E+00      0.1025710691E+04      0.5123626208E+03      0.7701263731E+00
0.7890000000E+00      0.1029623215E+04      0.5153767701E+03      0.7706230576E+00
0.7910000000E+00      0.1033543390E+04      0.5183987541E+03      0.7711167470E+00
0.7930000000E+00      0.1037471216E+04      0.5214285692E+03      0.7716074692E+00
0.7950000000E+00      0.1041406693E+04      0.5244662115E+03      0.7720952517E+00
0.7970000000E+00      0.1045349822E+04      0.5275116773E+03      0.7725801217E+00
0.7990000000E+00      0.1049300603E+04      0.5305649631E+03      0.7730621060E+00
0.8010000000E+00      0.1053259037E+04      0.5336260650E+03      0.7735412312E+00
0.8030000000E+00      0.1057225123E+04      0.5366949796E+03      0.7740175235E+00
0.8050000000E+00      0.1061198863E+04      0.5397717031E+03      0.7744910089E+00
0.8070000000E+00      0.1065180256E+04      0.5428562321E+03      0.7749617129E+00
0.8090000000E+00      0.1069169304E+04      0.5459485631E+03      0.7754296608E+00
0.8110000000E+00      0.1073166006E+04      0.5490486924E+03      0.7758948775E+00
0.8130000000E+00      0.1077170363E+04      0.5521566167E+03      0.7763573879E+00
0.8150000000E+00      0.1081182375E+04      0.5552723326E+03      0.7768172162E+00
0.8170000000E+00      0.1085202043E+04      0.5583958365E+03      0.7772743866E+00
0.8190000000E+00      0.1089229366E+04      0.5615271251E+03      0.7777289240E+00
0.8210000000E+00      0.1093264346E+04      0.5646661951E+03      0.7781808498E+00
0.8230000000E+00      0.1097306982E+04      0.5678130431E+03      0.7786301882E+00
0.8250000000E+00      0.1101357274E+04      0.5709676658E+03      0.7790769623E+00
0.8270000000E+00      0.1105415224E+04      0.5741300599E+03      0.7795211948E+00
0.8290000000E+00      0.1109480831E+04      0.5773002222E+03      0.7799629082E+00
0.8310000000E+00      0.1113554095E+04      0.5804781495E+03      0.7804021246E+00
0.8330000000E+00      0.1117635017E+04      0.5836638386E+03      0.7808388661E+00
0.8350000000E+00      0.1121723597E+04      0.5868572862E+03      0.7812731543E+00
0.8370000000E+00      0.1125819836E+04      0.5900584893E+03      0.7817050106E+00
0.8390000000E+00      0.1129923733E+04      0.5932674446E+03      0.7821344562E+00
0.8410000000E+00      0.1134035289E+04      0.5964841492E+03      0.7825615121E+00
0.8430000000E+00      0.1138154503E+04      0.5997085999E+03      0.7829861990E+00
0.8450000000E+00      0.1142281377E+04      0.6029407937E+03      0.7834085373E+00
0.8470000000E+00      0.1146415910E+04      0.6061807276E+03      0.7838285473E+00
0.8490000000E+00      0.1150558103E+04      0.6094283985E+03      0.7842462491E+00
0.8510000000E+00      0.1154707955E+04      0.6126838035E+03      0.7846616623E+00
0.8530000000E+00      0.1158865467E+04      0.6159469396E+03      0.7850748066E+00
0.8550000000E+00      0.1163030639E+04      0.6192178039E+03      0.7854857012E+00
0.8570000000E+00      0.1167203471E+04      0.6224963935E+03      0.7858943654E+00
0.8590000000E+00      0.1171383964E+04      0.6257827054E+03      0.7863008179E+00
0.8610000000E+00      0.1175572117E+04      0.6290767369E+03      0.7867050776E+00
0.8630000000E+00      0.1179767931E+04      0.6323784850E+03      0.7871071630E+00
0.8650000000E+00      0.1183971405E+04      0.6356879469E+03      0.7875070922E+00
0.8670000000E+00      0.1188182541E+04      0.6390051199E+03      0.7879048834E+00
0.8690000000E+00      0.1192401337E+04      0.6423300012E+03      0.7883005544E+00
0.8710000000E+00      0.1196627794E+04      0.6456625879E+03      0.7886941230E+00
0.8730000000E+00      0.1200861913E+04      0.6490028774E+03      0.7890856067E+00
0.8750000000E+00      0.1205103693E+04      0.6523508670E+03      0.7894750227E+00
0.8770000000E+00      0.1209353134E+04      0.6557065539E+03      0.7898623882E+00
0.8790000000E+00      0.1213610236E+04      0.6590699354E+03      0.7902477201E+00
0.8810000000E+00      0.1217875000E+04      0.6624410089E+03      0.7906310351E+00
0.8830000000E+00      0.1222147426E+04      0.6658197718E+03      0.7910123498E+00
0.8850000000E+00      0.1226427513E+04      0.6692062215E+03      0.7913916806E+00
0.8870000000E+00      0.1230715262E+04      0.6726003552E+03      0.7917690436E+00
0.8890000000E+00      0.1235010673E+04      0.6760021706E+03      0.7921444550E+00
0.8910000000E+00      0.1239313745E+04      0.6794116649E+03      0.7925179305E+00
0.8930000000E+00      0.1243624479E+04      0.6828288357E+03      0.7928894859E+00
0.8950000000E+00      0.1247942875E+04      0.6862536804E+03      0.7932591367E+00
0.8970000000E+00      0.1252268933E+04      0.6896861965E+03      0.7936268982E+00
0.8990000000E+00      0.1256602653E+04      0.6931263815E+03      0.7939927856E+00
0.9010000000E+00      0.1260944034E+04      0.6965742330E+03      0.7943568140E+00
0.9030000000E+00      0.1265293078E+04      0.7000297485E+03      0.7947189983E+00
0.9050000000E+00      0.1269649783E+04      0.7034929255E+03      0.7950793531E+00
0.9070000000E+00      0.1274014151E+04      0.7069637617E+03      0.7954378931E+00
0.9090000000E+00      0.1278386180E+04      0.7104422547E+03      0.7957946325E+00
0.9110000000E+00      0.1282765871E+04      0.7139284020E+03      0.7961495858E+00
0.9130000000E+00      0.1287153224E+04      0.7174222013E+03      0.7965027670E+00
0.9150000000E+00      0.1291548239E+04      0.7209236502E+03      0.7968541900E+00
0.9170000000E+00      0.1295950915E+04      0.7244327464E+03      0.7972038688E+00
0.9190000000E+00      0.1300361253E+04      0.7279494877E+03      0.7975518169E+00
0.9210000000E+00      0.1304779253E+04      0.7314738716E+03      0.7978980479E+00
0.9230000000E+00      0.1309204915E+04      0.7350058959E+03      0.7982425751E+00
0.9250000000E+00      0.1313638239E+04      0.7385455583E+03      0.7985854120E+00
0.9270000000E+00      0.1318079223E+04      0.7420928567E+03      0.7989265715E+00
0.9290000000E+00      0.1322527870E+04      0.7456477886E+03      0.7992660667E+00
0.9310000000E+00      0.1326984178E+04      0.7492103520E+03      0.7996039104E+00
0.9330000000E+00      0.1331448147E+04      0.7527805446E+03      0.7999401154E+00
0.9350000000E+00      0.1335919778E+04      0.7563583642E+03      0.8002746942E+00
0.9370000000E+00      0.1340399070E+04      0.7599438086E+03      0.8006076593E+00
0.9390000000E+00      0.1344886023E+04      0.7635368757E+03      0.8009390231E+00
0.9410000000E+00      0.1349380637E+04      0.7671375634E+03      0.8012687977E+00
0.9430000000E+00      0.1353882912E+04      0.7707458694E+03      0.8015969953E+00
0.9450000000E+00      0.1358392848E+04      0.7743617917E+03      0.8019236279E+00
0.9470000000E+00      0.1362910445E+04      0.7779853282E+03      0.8022487072E+00
0.9490000000E+00      0.1367435702E+04      0.7816164768E+03      0.8025722450E+00
0.9510000000E+00      0.1371968620E+04      0.7852552354E+03      0.8028942530E+00
0.9530000000E+00      0.1376509199E+04      0.7889016019E+03      0.8032147427E+00
0.9550000000E+00      0.1381057438E+04      0.7925555743E+03      0.8035337254E+00
0.9570000000E+00      0.1385613337E+04      0.7962171506E+03      0.8038512124E+00
0.9590000000E+00      0.1390176897E+04      0.7998863287E+03      0.8041672149E+00
0.9610000000E+00      0.1394748116E+04      0.8035631067E+03      0.8044817439E+00
0.9630000000E+00      0.1399326995E+04      0.8072474825E+03      0.8047948104E+00
0.9650000000E+00      0.1403913534E+04      0.8109394542E+03      0.8051064253E+00
0.9670000000E+00      0.1408507733E+04      0.8146390197E+03      0.8054165991E+00
0.9690000000E+00      0.1413109591E+04      0.8183461772E+03      0.8057253427E+00
0.9710000000E+00      0.1417719109E+04      0.8220609247E+03      0.8060326665E+00
0.9730000000E+00      0.1422336285E+04      0.8257832603E+03      0.8063385809E+00
0.9750000000E+00      0.1426961121E+04      0.8295131820E+03      0.8066430963E+00
0.9770000000E+00      0.1431593616E+04      0.8332506879E+03      0.8069462229E+00
0.9790000000E+00      0.1436233769E+04      0.8369957763E+03      0.8072479708E+00
0.9810000000E+00      0.1440881581E+04      0.8407484450E+03      0.8075483500E+00
0.9830000000E+00      0.1445537052E+04      0.8445086924E+03      0.8078473705E+00
0.9850000000E+00      0.1450200180E+04      0.8482765166E+03      0.8081450420E+00
0.9870000000E+00      0.1454870967E+04      0.8520519156E+03      0.8084413744E+00
0.9890000000E+00      0.1459549412E+04      0.8558348878E+03      0.8087363773E+00
0.9910000000E+00      0.1464235514E+04      0.8596254312E+03      0.8090300603E+00
0.9930000000E+00      0.1468929274E+04      0.8634235440E+03      0.8093224327E+00
0.9950000000E+00      0.1473630692E+04      0.8672292245E+03      0.8096135041E+00
0.9970000000E+00      0.1478339766E+04      0.8710424709E+03      0.8099032836E+00
0.9990000000E+00      0.1483056498E+04      0.8748632814E+03      0.8101917805E+00
0.1001000000E+01      0.1487780887E+04      0.8786916542E+03      0.8104790039E+00
0.1003000000E+01      0.1492512932E+04      0.8825275876E+03      0.8107649628E+00
0.1005000000E+01      0.1497252633E+04      0.8863710798E+03      0.8110496662E+00
0.1007000000E+01      0.1501999991E+04      0.8902221291E+03      0.8113331229E+00
0.1009000000E+01      0.1506755005E+04      0.8940807339E+03      0.8116153417E+00
0.1011000000E+01      0.1511517675E+04      0.8979468923E+03      0.8118963313E+00
0.1013000000E+01      0.1516288000E+04      0.9018206028E+03      0.8121761003E+00
0.1015000000E+01      0.1521065981E+04      0.9057018635E+03      0.8124546572E+00
0.1017000000E+01      0.1525851618E+04      0.9095906729E+03      0.8127320106E+00
0.1019000000E+01      0.1530644909E+04      0.9134870292E+03      0.8130081687E+00
0.1021000000E+01      0.1535445855E+04      0.9173909309E+03      0.8132831399E+00
0.1023000000E+01      0.1540254455E+04      0.9213023762E+03      0.8135569324E+00
0.1025000000E+01      0.1545070710E+04      0.9252213635E+03      0.8138295544E+00
0.1027000000E+01      0.1549894619E+04      0.9291478913E+03      0.8141010139E+00
0.1029000000E+01      0.1554726182E+04      0.9330819579E+03      0.8143713190E+00
0.1031000000E+01      0.1559565399E+04      0.9370235616E+03      0.8146404775E+00
0.1033000000E+01      0.1564412270E+04      0.9409727010E+03      0.8149084973E+00
0.1035000000E+01      0.1569266793E+04      0.9449293743E+03      0.8151753862E+00
0.1037000000E+01      0.1574128970E+04      0.9488935801E+03      0.8154411520E+00
0.1039000000E+01      0.1578998799E+04      0.9528653168E+03      0.8157058027E+00
0.1041000000E+01      0.1583876281E+04      0.9568445828E+03      0.8159693450E+00
0.1043000000E+01      0.1588761415E+04      0.9608313766E+03      0.8162317867E+00
0.1045000000E+01      0.1593654201E+04      0.9648256965E+03      0.8164931355E+00
0.1047000000E+01      0.1598554639E+04      0.9688275412E+03      0.8167533986E+00
0.1049000000E+01      0.1603462729E+04      0.9728369091E+03      0.8170125834E+00
0.1051000000E+01      0.1608378470E+04      0.9768537987E+03      0.8172706971E+00
0.1053000000E+01      0.1613301862E+04      0.9808782084E+03      0.8175277469E+00
0.1055000000E+01      0.1618232905E+04      0.9849101368E+03      0.8177837399E+00
0.1057000000E+01      0.1623171599E+04      0.9889495825E+03      0.8180386831E+00
0.1059000000E+01      0.1628117943E+04      0.9929965438E+03      0.8182925836E+00
0.1061000000E+01      0.1633071937E+04      0.9970510194E+03      0.8185454482E+00
0.1063000000E+01      0.1638033581E+04      0.1001113008E+04      0.8187972839E+00
0.1065000000E+01      0.1643002874E+04      0.1005182508E+04      0.8190480974E+00
0.1067000000E+01      0.1647979817E+04      0.1009259517E+04      0.8192978955E+00
0.1069000000E+01      0.1652964409E+04      0.1013344036E+04      0.8195466849E+00
0.1071000000E+01      0.1657956649E+04      0.1017436061E+04      0.8197944722E+00
0.1073000000E+01      0.1662956538E+04      0.1021535592E+04      0.8200412639E+00
0.1075000000E+01      0.1667964075E+04      0.1025642627E+04      0.8202870666E+00
0.1077000000E+01      0.1672979261E+04      0.1029757165E+04      0.8205318868E+00
0.1079000000E+01      0.1678002094E+04      0.1033879204E+04      0.8207757308E+00
0.1081000000E+01      0.1683032574E+04      0.1038008744E+04      0.8210186050E+00
0.1083000000E+01      0.1688070701E+04      0.1042145782E+04      0.8212605156E+00
0.1085000000E+01      0.1693116476E+04      0.1046290318E+04      0.8215014690E+00
0.1087000000E+01      0.1698169897E+04      0.1050442350E+04      0.8217414712E+00
0.1089000000E+01      0.1703230964E+04      0.1054601876E+04      0.8219805285E+00
0.1091000000E+01      0.1708299678E+04      0.1058768895E+04      0.8222186468E+00
0.1093000000E+01      0.1713376037E+04      0.1062943407E+04      0.8224558323E+00
0.1095000000E+01      0.1718460042E+04      0.1067125409E+04      0.8226920909E+00
0.1097000000E+01      0.1723551691E+04      0.1071314901E+04      0.8229274285E+00
0.1099000000E+01      0.1728650986E+04      0.1075511880E+04      0.8231618510E+00
0.1101000000E+01      0.1733757926E+04      0.1079716346E+04      0.8233953642E+00
0.1103000000E+01      0.1738872509E+04      0.1083928298E+04      0.8236279739E+00
0.1105000000E+01      0.1743994737E+04      0.1088147734E+04      0.8238596857E+00
0.1107000000E+01      0.1749124609E+04      0.1092374652E+04      0.8240905055E+00
0.1109000000E+01      0.1754262124E+04      0.1096609053E+04      0.8243204388E+00
0.1111000000E+01      0.1759407282E+04      0.1100850933E+04      0.8245494911E+00
0.1113000000E+01      0.1764560083E+04      0.1105100292E+04      0.8247776681E+00
0.1115000000E+01      0.1769720527E+04      0.1109357130E+04      0.8250049752E+00
0.1117000000E+01      0.1774888613E+04      0.1113621444E+04      0.8252314178E+00
0.1119000000E+01      0.1780064341E+04      0.1117893233E+04      0.8254570014E+00
0.1121000000E+01      0.1785247710E+04      0.1122172496E+04      0.8256817312E+00
0.1123000000E+01      0.1790438721E+04      0.1126459232E+04      0.8259056127E+00
0.1125000000E+01      0.1795637373E+04      0.1130753440E+04      0.8261286510E+00
0.1127000000E+01      0.1800843666E+04      0.1135055118E+04      0.8263508515E+00
0.1129000000E+01      0.1806057600E+04      0.1139364265E+04      0.8265722191E+00
0.1131000000E+01      0.1811279173E+04      0.1143680881E+04      0.8267927592E+00
0.1133000000E+01      0.1816508387E+04      0.1148004963E+04      0.8270124767E+00
0.1135000000E+01      0.1821745240E+04      0.1152336511E+04      0.8272313768E+00
0.1137000000E+01      0.1826989732E+04      0.1156675523E+04      0.8274494644E+00
0.1139000000E+01      0.1832241863E+04      0.1161021999E+04      0.8276667445E+00
0.1141000000E+01      0.1837501633E+04      0.1165375936E+04      0.8278832220E+00
0.1143000000E+01      0.1842769041E+04      0.1169737335E+04      0.8280989018E+00
0.1145000000E+01      0.1848044087E+04      0.1174106194E+04      0.8283137888E+00
0.1147000000E+01      0.1853326771E+04      0.1178482511E+04      0.8285278878E+00
0.1149000000E+01      0.1858617093E+04      0.1182866286E+04      0.8287412035E+00
0.1151000000E+01      0.1863915051E+04      0.1187257517E+04      0.8289537406E+00
0.1153000000E+01      0.1869220646E+04      0.1191656203E+04      0.8291655039E+00
0.1155000000E+01      0.1874533878E+04      0.1196062344E+04      0.8293764979E+00
0.1157000000E+01      0.1879854745E+04      0.1200475938E+04      0.8295867274E+00
0.1159000000E+01      0.1885183249E+04      0.1204896983E+04      0.8297961969E+00
0.1161000000E+01      0.1890519388E+04      0.1209325480E+04      0.8300049109E+00
0.1163000000E+01      0.1895863162E+04      0.1213761426E+04      0.8302128740E+00
0.1165000000E+01      0.1901214571E+04      0.1218204821E+04      0.8304200905E+00
0.1167000000E+01      0.1906573615E+04      0.1222655663E+04      0.8306265650E+00
0.1169000000E+01      0.1911940293E+04      0.1227113952E+04      0.8308323019E+00
0.1171000000E+01      0.1917314605E+04      0.1231579686E+04      0.8310373054E+00
0.1173000000E+01      0.1922696550E+04      0.1236052865E+04      0.8312415799E+00
0.1175000000E+01      0.1928086129E+04      0.1240533487E+04      0.8314451298E+00
0.1177000000E+01      0.1933483340E+04      0.1245021551E+04      0.8316479592E+00
0.1179000000E+01      0.1938888184E+04      0.1249517056E+04      0.8318500724E+00
0.1181000000E+01      0.1944300661E+04      0.1254020002E+04      0.8320514737E+00
0.1183000000E+01      0.1949720769E+04      0.1258530386E+04      0.8322521670E+00
0.1185000000E+01      0.1955148509E+04      0.1263048209E+04      0.8324521567E+00
0.1187000000E+01      0.1960583880E+04      0.1267573468E+04      0.8326514467E+00
0.1189000000E+01      0.1966026882E+04      0.1272106164E+04      0.8328500412E+00
0.1191000000E+01      0.1971477515E+04      0.1276646294E+04      0.8330479441E+00
0.1193000000E+01      0.1976935778E+04      0.1281193859E+04      0.8332451595E+00
0.1195000000E+01      0.1982401671E+04      0.1285748856E+04      0.8334416913E+00
0.1197000000E+01      0.1987875194E+04      0.1290311286E+04      0.8336375436E+00
0.1199000000E+01      0.1993356346E+04      0.1294881146E+04      0.8338327200E+00
