      Rhob                Epsilon              Pressure               SoundV
0.4730000000E-14      0.4409040000E-11      0.6303830000E-24      0.2528270000E-09
0.4760000000E-14      0.4431480000E-11      0.6303830000E-23      0.3286900000E-09
0.4910000000E-14      0.4571720000E-11      0.6303830000E-22      0.3811090000E-09
0.6990000000E-14      0.6506980000E-11      0.7552120000E-21      0.1661210000E-08
0.9900000000E-14      0.9199530000E-11      0.8737990000E-20      0.4506330000E-08
0.2720000000E-13      0.2529870000E-10      0.1061040000E-18      0.2185710000E-07
0.1270000000E-12      0.1189210000E-09      0.3632510000E-17      0.1280710000E-06
0.6930000000E-12      0.6450890000E-09      0.1185870000E-15      0.6813760000E-06
0.6295000000E-11      0.5856290000E-08      0.6081640000E-14      0.1980100000E-05
0.1581000000E-10      0.1470800000E-07      0.3100740000E-13      0.4121830000E-05
0.3972000000E-10      0.3694960000E-07      0.1517290000E-12      0.7788630000E-05
0.9976000000E-10      0.9278060000E-07      0.7183870000E-12      0.1422460000E-04
0.2506000000E-09      0.2331300000E-06      0.3286730000E-11      0.2500930000E-04
0.6294000000E-09      0.5856290000E-06      0.1446760000E-10      0.4207890000E-04
0.1581000000E-08      0.1470800000E-05      0.6088500000E-10      0.6739699893E-04
0.3972000000E-08      0.3695520000E-05      0.2441020000E-09      0.8516180000E-04
0.5000000000E-08      0.4651930000E-05      0.3282360000E-09      0.1052360000E-03
0.9976000000E-08      0.9283670000E-05      0.8956430000E-09      0.1422520000E-03
0.1990000000E-07      0.1852250000E-04      0.2392340000E-08      0.1863930000E-03
0.3972000000E-07      0.3696080000E-04      0.6278870000E-08      0.2408930000E-03
0.7924000000E-07      0.7376450000E-04      0.1625270000E-07      0.3085620000E-03
0.1581000000E-06      0.1471920000E-03      0.4166770000E-07      0.3417580000E-03
0.1990000000E-06      0.1853370000E-03      0.5453750000E-07      0.3860480000E-03
0.3155000000E-06      0.2937680000E-03      0.1016730000E-06      0.4315500000E-03
0.5000000000E-06      0.4656420000E-03      0.1890530000E-06      0.4889620000E-03
0.6294000000E-06      0.5861890000E-03      0.2577080000E-06      0.5509610000E-03
0.7924000000E-06      0.7382060000E-03      0.3143180000E-06      0.6137740000E-03
0.9976000000E-06      0.9294890000E-03      0.4281610000E-06      0.6540150000E-03
0.1581000000E-05      0.1470000000E-02      0.7939080000E-06      0.7285460000E-03
0.2506000000E-05      0.2340000000E-02      0.1470480000E-05      0.8500470000E-03
0.3972000000E-05      0.3700000000E-02      0.2722510000E-05      0.8906300000E-03
0.5000000000E-05      0.4660000000E-02      0.3533890000E-05      0.9510480000E-03
0.6294000000E-05      0.5870000000E-02      0.4807140000E-05      0.1100000000E-02
0.7924000000E-05      0.7390000000E-02      0.6541010000E-05      0.1180000000E-02
0.9976000000E-05      0.9310000000E-02      0.8894020000E-05      0.1280000000E-02
0.1256000000E-04      0.1172000000E-01      0.1209590000E-04      0.1300000000E-02
0.1581000000E-04      0.1476000000E-01      0.1562230000E-04      0.1320000000E-02
0.1990000000E-04      0.1858000000E-01      0.2124580000E-04      0.1390000000E-02
0.2506000000E-04      0.2340000000E-01      0.2888530000E-04      0.1470000000E-02
0.3155000000E-04      0.2947000000E-01      0.3713020000E-04      0.1550000000E-02
0.3972000000E-04      0.3712000000E-01      0.5048680000E-04      0.1820000000E-02
0.5000000000E-04      0.4674000000E-01      0.6865560000E-04      0.1960000000E-02
0.6294000000E-04      0.5884000000E-01      0.9330920000E-04      0.2110000000E-02
0.7924000000E-04      0.7416000000E-01      0.1268880000E-03      0.2150000000E-02
0.9976000000E-04      0.9334000000E-01      0.1620900000E-03      0.2190000000E-02
0.1105000000E-03      0.1034400000E+00      0.1805020000E-03      0.2220000000E-02
0.1256000000E-03      0.1175700000E+00      0.2053430000E-03      0.2270000000E-02
0.1581000000E-03      0.1480900000E+00      0.2791790000E-03      0.2300000000E-02
0.1990000000E-03      0.1865100000E+00      0.3630010000E-03      0.2350000000E-02
0.2506000000E-03      0.2349200000E+00      0.4704780000E-03      0.2420000000E-02
0.2572000000E-03      0.2411500000E+00      0.4871430000E-03      0.1640000000E-02
0.2670000000E-03      0.2502100000E+00      0.4925360000E-03      0.6323770000E-03
0.3126000000E-03      0.2932300000E+00      0.5213460000E-03      0.6351150000E-03
0.3951000000E-03      0.3707800000E+00      0.5679160000E-03      0.6395500000E-03
0.4759000000E-03      0.4467600000E+00      0.6136960000E-03      0.6456670000E-03
0.5812000000E-03      0.5456200000E+00      0.6758550000E-03      0.6505920000E-03
0.7143000000E-03      0.6709200000E+00      0.7601150000E-03      0.7025890000E-03
0.8786000000E-03      0.8252300000E+00      0.8731850000E-03      0.7646840000E-03
0.1077000000E-02      0.1012500000E+01      0.1020000000E-02      0.8354260000E-03
0.1314000000E-02      0.1235290000E+01      0.1220000000E-02      0.9276850000E-03
0.1748000000E-02      0.1643560000E+01      0.1620000000E-02      0.1000000000E-02
0.2000000000E-02      0.1880850000E+01      0.2000000000E-02      0.1100000000E-02
0.4000000000E-02      0.3764610000E+01      0.4510000000E-02      0.1460000000E-02
0.6000000000E-02      0.5649800000E+01      0.7500000000E-02      0.1680000000E-02
0.8000000000E-02      0.7536070000E+01      0.1086000000E-01      0.1880000000E-02
0.1000000000E-01      0.9423230000E+01      0.1458000000E-01      0.2070000000E-02
0.1200000000E-01      0.1131116000E+02      0.1867000000E-01      0.2280000000E-02
0.1400000000E-01      0.1319982000E+02      0.2318000000E-01      0.2510000000E-02
0.1600000000E-01      0.1508915000E+02      0.2814000000E-01      0.2760000000E-02
0.1800000000E-01      0.1697914000E+02      0.3361000000E-01      0.3040000000E-02
0.2000000000E-01      0.1886976000E+02      0.3965000000E-01      0.3340000000E-02
0.2200000000E-01      0.2076101000E+02      0.4624000000E-01      0.3660000000E-02
0.2400000000E-01      0.2265290000E+02      0.5348000000E-01      0.3990000000E-02
0.2600000000E-01      0.2454541000E+02      0.6133000000E-01      0.4330000000E-02
0.2800000000E-01      0.2643855000E+02      0.6988000000E-01      0.4680000000E-02
0.3000000000E-01      0.2833233000E+02      0.7906000000E-01      0.5030000000E-02
0.3200000000E-01      0.3022674000E+02      0.8895000000E-01      0.5390000000E-02
0.3400000000E-01      0.3212179000E+02      0.9948000000E-01      0.5740000000E-02
0.3600000000E-01      0.3401748000E+02      0.1107200000E+00      0.6090000000E-02
0.3800000000E-01      0.3591381000E+02      0.1225900000E+00      0.6440000000E-02
0.4000000000E-01      0.3781078000E+02      0.1351400000E+00      0.6790000000E-02
0.4200000000E-01      0.3970840000E+02      0.1483400000E+00      0.7110000000E-02
0.4400000000E-01      0.4160666000E+02      0.1621100000E+00      0.7420000000E-02
0.4600000000E-01      0.4350556000E+02      0.1765200000E+00      0.7740000000E-02
0.4800000000E-01      0.4540510000E+02      0.1915000000E+00      0.8040000000E-02
0.5000000000E-01      0.4730528000E+02      0.2070600000E+00      0.8310000000E-02
0.5200000000E-01      0.4920608000E+02      0.2230900000E+00      0.8580000000E-02
0.5400000000E-01      0.5110752000E+02      0.2396900000E+00      0.8870000000E-02
0.5600000000E-01      0.5300958000E+02      0.2568200000E+00      0.9120000000E-02
0.5800000000E-01      0.5491227000E+02      0.2743700000E+00      0.9340000000E-02
0.6000000000E-01      0.5681556000E+02      0.2923800000E+00      0.9690000000E-02
0.6200000000E-01      0.5871946000E+02      0.3101200000E+00      0.1002000000E-01
0.6400000000E-01      0.6062394000E+02      0.3290400000E+00      0.1028000000E-01
0.6600000000E-01      0.6252904000E+02      0.3483400000E+00      0.1069000000E-01
0.6800000000E-01      0.6443473000E+02      0.3679800000E+00      0.1101000000E-01
0.7000000000E-01      0.6616179404E+02      0.5452959742E+00      0.2331483729E-01
0.7200000000E-01      0.6806834919E+02      0.5907266576E+00      0.2431731046E-01
0.7400000000E-01      0.6997619319E+02      0.6380989790E+00      0.2531820409E-01
0.7600000000E-01      0.7188534368E+02      0.6874133851E+00      0.2631798266E-01
0.7800000000E-01      0.7379581742E+02      0.7386714025E+00      0.2731728026E-01
0.8000000000E-01      0.7570763035E+02      0.7918759496E+00      0.2831688696E-01
0.8200000000E-01      0.7762079771E+02      0.8470316256E+00      0.2931773564E-01
0.8400000000E-01      0.7953533413E+02      0.9041449762E+00      0.3032088903E-01
0.8600000000E-01      0.8145125372E+02      0.9632247360E+00      0.3132752753E-01
0.8800000000E-01      0.8336857018E+02      0.1024282050E+01      0.3233893719E-01
0.9000000000E-01      0.8528729686E+02      0.1087330673E+01      0.3335649845E-01
0.9200000000E-01      0.8720744684E+02      0.1152387148E+01      0.3438167520E-01
0.9400000000E-01      0.8912903305E+02      0.1219470971E+01      0.3541600455E-01
0.9600000000E-01      0.9105206829E+02      0.1288604729E+01      0.3646108690E-01
0.9800000000E-01      0.9297656535E+02      0.1359814224E+01      0.3751857669E-01
0.1000000000E+00      0.9490253705E+02      0.1433128587E+01      0.3859017335E-01
0.1020000000E+00      0.9682999631E+02      0.1508580363E+01      0.3967761366E-01
0.1040000000E+00      0.9875895621E+02      0.1586205594E+01      0.4078266289E-01
0.1060000000E+00      0.1006894301E+03      0.1666043880E+01      0.4190710789E-01
0.1080000000E+00      0.1026214315E+03      0.1748138428E+01      0.4305275006E-01
0.1100000000E+00      0.1045549744E+03      0.1832536093E+01      0.4422139869E-01
0.1120000000E+00      0.1064900731E+03      0.1919287399E+01      0.4541486466E-01
0.1140000000E+00      0.1084267348E+03      0.2007164379E+01      0.4543825005E-01
0.1160000000E+00      0.1103649431E+03      0.2095855603E+01      0.4610933335E-01
0.1180000000E+00      0.1123046936E+03      0.2186119935E+01      0.4695963482E-01
0.1200000000E+00      0.1142459892E+03      0.2278213866E+01      0.4791120465E-01
0.1220000000E+00      0.1161888362E+03      0.2372307866E+01      0.4893823337E-01
0.1240000000E+00      0.1181332430E+03      0.2468539307E+01      0.5002916520E-01
0.1260000000E+00      0.1200792199E+03      0.2567029944E+01      0.5117816258E-01
0.1280000000E+00      0.1220267789E+03      0.2667893629E+01      0.5238216909E-01
0.1300000000E+00      0.1239759331E+03      0.2771240295E+01      0.5363798921E-01
0.1320000000E+00      0.1259266969E+03      0.2877178225E+01      0.5494834345E-01
0.1340000000E+00      0.1278790862E+03      0.2985815435E+01      0.5631145336E-01
0.1360000000E+00      0.1298331177E+03      0.3097260553E+01      0.5772759705E-01
0.1380000000E+00      0.1317888094E+03      0.3211623398E+01      0.5919728626E-01
0.1400000000E+00      0.1337461802E+03      0.3329015361E+01      0.6072118467E-01
0.1420000000E+00      0.1357052504E+03      0.3449549662E+01      0.6230005213E-01
0.1440000000E+00      0.1376660409E+03      0.3573341509E+01      0.6393470542E-01
0.1460000000E+00      0.1396285741E+03      0.3700508199E+01      0.6562598968E-01
0.1480000000E+00      0.1415928730E+03      0.3831169172E+01      0.6737475693E-01
0.1500000000E+00      0.1435589618E+03      0.3965446027E+01      0.6918184980E-01
0.1520000000E+00      0.1455268657E+03      0.4103462509E+01      0.7104808869E-01
0.1540000000E+00      0.1474966109E+03      0.4245344478E+01      0.7297426154E-01
0.1560000000E+00      0.1494682244E+03      0.4391219855E+01      0.7496111557E-01
0.1580000000E+00      0.1514417344E+03      0.4541218560E+01      0.7700935047E-01
0.1600000000E+00      0.1534171697E+03      0.4695472557E+01      0.7912224800E-01
0.1620000000E+00      0.1553945604E+03      0.4854115271E+01      0.8129512141E-01
0.1640000000E+00      0.1573739375E+03      0.5017282234E+01      0.8353113634E-01
0.1660000000E+00      0.1593553326E+03      0.5185110489E+01      0.8583075352E-01
0.1680000000E+00      0.1613387785E+03      0.5357738598E+01      0.8819436520E-01
0.1700000000E+00      0.1633243086E+03      0.5535306533E+01      0.9062229246E-01
0.1720000000E+00      0.1653119575E+03      0.5717955548E+01      0.9311478305E-01
0.1740000000E+00      0.1673017604E+03      0.5905828062E+01      0.9567200935E-01
0.1760000000E+00      0.1692937533E+03      0.6099067519E+01      0.9829406736E-01
0.1780000000E+00      0.1712879733E+03      0.6297818267E+01      0.1009809746E+00
0.1800000000E+00      0.1732844580E+03      0.6502225414E+01      0.1037326696E+00
0.1820000000E+00      0.1752832459E+03      0.6712434695E+01      0.1065490110E+00
0.1840000000E+00      0.1772843762E+03      0.6928592328E+01      0.1094297771E+00
0.1860000000E+00      0.1792878890E+03      0.7150844878E+01      0.1123746651E+00
0.1880000000E+00      0.1812938253E+03      0.7379339062E+01      0.1153818433E+00
0.1900000000E+00      0.1833022259E+03      0.7614222187E+01      0.1184613428E+00
0.1920000000E+00      0.1853131331E+03      0.7855640145E+01      0.1215959200E+00
0.1940000000E+00      0.1873265897E+03      0.8103739833E+01      0.1247926012E+00
0.1960000000E+00      0.1893426390E+03      0.8358667369E+01      0.1280506828E+00
0.1980000000E+00      0.1913613250E+03      0.8620568353E+01      0.1313693833E+00
0.2000000000E+00      0.1933826922E+03      0.8889587713E+01      0.1347478441E+00
0.2020000000E+00      0.1954067857E+03      0.9165869573E+01      0.1381851310E+00
0.2040000000E+00      0.1974336511E+03      0.9449557102E+01      0.1416802360E+00
0.2060000000E+00      0.1994633346E+03      0.9740792384E+01      0.1452320788E+00
0.2080000000E+00      0.2014958828E+03      0.1003971627E+02      0.1488395087E+00
0.2100000000E+00      0.2035313426E+03      0.1034646826E+02      0.1525013070E+00
0.2120000000E+00      0.2055697617E+03      0.1066118633E+02      0.1562161894E+00
0.2140000000E+00      0.2076111878E+03      0.1098400688E+02      0.1599828081E+00
0.2160000000E+00      0.2096556693E+03      0.1131506453E+02      0.1637997546E+00
0.2180000000E+00      0.2117032547E+03      0.1165449202E+02      0.1676655627E+00
0.2200000000E+00      0.2137539929E+03      0.1200242013E+02      0.1715787114E+00
0.2220000000E+00      0.2158079331E+03      0.1235897714E+02      0.1755308975E+00
0.2240000000E+00      0.2178651248E+03      0.1272429024E+02      0.1795340120E+00
0.2260000000E+00      0.2199256178E+03      0.1309848319E+02      0.1835796068E+00
0.2280000000E+00      0.2219894619E+03      0.1348167771E+02      0.1876659733E+00
0.2300000000E+00      0.2240567071E+03      0.1387399300E+02      0.1917913644E+00
0.2320000000E+00      0.2261274038E+03      0.1427554566E+02      0.1959539984E+00
0.2340000000E+00      0.2282016024E+03      0.1468644960E+02      0.2001520622E+00
0.2360000000E+00      0.2302793532E+03      0.1510681597E+02      0.2043837154E+00
0.2380000000E+00      0.2323607068E+03      0.1553675309E+02      0.2086470936E+00
0.2400000000E+00      0.2344457139E+03      0.1597636638E+02      0.2129403124E+00
0.2420000000E+00      0.2365344250E+03      0.1642575829E+02      0.2172614711E+00
0.2440000000E+00      0.2386268908E+03      0.1688502825E+02      0.2216086562E+00
0.2460000000E+00      0.2407231619E+03      0.1735427262E+02      0.2259799453E+00
0.2480000000E+00      0.2428232887E+03      0.1783358468E+02      0.2303734107E+00
0.2500000000E+00      0.2449273218E+03      0.1832305453E+02      0.2347871230E+00
0.2520000000E+00      0.2470353115E+03      0.1882276912E+02      0.2392191544E+00
0.2540000000E+00      0.2491473080E+03      0.1933281220E+02      0.2436675825E+00
0.2560000000E+00      0.2512633615E+03      0.1985326428E+02      0.2481304935E+00
0.2580000000E+00      0.2533835219E+03      0.2038420266E+02      0.2526059856E+00
0.2600000000E+00      0.2555078389E+03      0.2092570141E+02      0.2570921718E+00
0.2620000000E+00      0.2576363621E+03      0.2147783134E+02      0.2615871833E+00
0.2640000000E+00      0.2597691407E+03      0.2204066006E+02      0.2660893874E+00
0.2660000000E+00      0.2619062238E+03      0.2261425190E+02      0.2705965291E+00
0.2680000000E+00      0.2640476603E+03      0.2319866805E+02      0.2751070269E+00
0.2700000000E+00      0.2661934986E+03      0.2379396645E+02      0.2796191120E+00
0.2720000000E+00      0.2683437869E+03      0.2440020193E+02      0.2841323429E+00
0.2740000000E+00      0.2704985731E+03      0.2501742613E+02      0.2886425100E+00
0.2760000000E+00      0.2726579049E+03      0.2564568763E+02      0.2931491552E+00
0.2780000000E+00      0.2748218293E+03      0.2628503192E+02      0.2976506479E+00
0.2800000000E+00      0.2769903932E+03      0.2693550147E+02      0.3021453962E+00
0.2820000000E+00      0.2791636432E+03      0.2759713578E+02      0.3066318494E+00
0.2840000000E+00      0.2813416253E+03      0.2826997142E+02      0.3111084986E+00
0.2860000000E+00      0.2835243851E+03      0.2895404206E+02      0.3155738784E+00
0.2880000000E+00      0.2857119679E+03      0.2964937856E+02      0.3200265681E+00
0.2900000000E+00      0.2879044186E+03      0.3035600900E+02      0.3244651921E+00
0.2920000000E+00      0.2901017816E+03      0.3107395877E+02      0.3288884214E+00
0.2940000000E+00      0.2923041009E+03      0.3180325060E+02      0.3332949736E+00
0.2960000000E+00      0.2945114199E+03      0.3254390463E+02      0.3376836140E+00
0.2980000000E+00      0.2967237817E+03      0.3329593848E+02      0.3420531554E+00
0.3000000000E+00      0.2989412289E+03      0.3405936732E+02      0.3464024587E+00
0.3020000000E+00      0.3011638036E+03      0.3483420395E+02      0.3507304331E+00
0.3040000000E+00      0.3033915474E+03      0.3562045882E+02      0.3550360356E+00
0.3060000000E+00      0.3056245015E+03      0.3641814016E+02      0.3593182715E+00
0.3080000000E+00      0.3078627065E+03      0.3722725402E+02      0.3635761937E+00
0.3100000000E+00      0.3101062026E+03      0.3804780432E+02      0.3678089025E+00
0.3120000000E+00      0.3123550294E+03      0.3887979297E+02      0.3720155453E+00
0.3140000000E+00      0.3146092261E+03      0.3972321992E+02      0.3761953159E+00
0.3160000000E+00      0.3168688313E+03      0.4057808319E+02      0.3803474541E+00
0.3180000000E+00      0.3191338832E+03      0.4144437902E+02      0.3844712448E+00
0.3200000000E+00      0.3214044194E+03      0.4232210187E+02      0.3885660174E+00
0.3220000000E+00      0.3236804770E+03      0.4321124454E+02      0.3926314124E+00
0.3240000000E+00      0.3259620927E+03      0.4411179818E+02      0.3966663091E+00
0.3260000000E+00      0.3282493024E+03      0.4502375242E+02      0.4006704341E+00
0.3280000000E+00      0.3305421419E+03      0.4594709541E+02      0.4046432861E+00
0.3300000000E+00      0.3328406462E+03      0.4688181389E+02      0.4085844032E+00
0.3320000000E+00      0.3351448498E+03      0.4782789325E+02      0.4124933628E+00
0.3340000000E+00      0.3374547869E+03      0.4878531760E+02      0.4163697799E+00
0.3360000000E+00      0.3397704909E+03      0.4975406984E+02      0.4202133061E+00
0.3380000000E+00      0.3420919950E+03      0.5073413168E+02      0.4240236287E+00
0.3400000000E+00      0.3444193316E+03      0.5172548378E+02      0.4278004692E+00
0.3420000000E+00      0.3467525328E+03      0.5272810573E+02      0.4315435827E+00
0.3440000000E+00      0.3490916302E+03      0.5374197615E+02      0.4352527561E+00
0.3460000000E+00      0.3514366548E+03      0.5476707274E+02      0.4389278075E+00
0.3480000000E+00      0.3537876371E+03      0.5580337232E+02      0.4425685848E+00
0.3500000000E+00      0.3561446073E+03      0.5685085091E+02      0.4461749646E+00
0.3520000000E+00      0.3585075950E+03      0.5790948376E+02      0.4497468508E+00
0.3540000000E+00      0.3608766292E+03      0.5897924539E+02      0.4532841741E+00
0.3560000000E+00      0.3632517386E+03      0.6006010967E+02      0.4567868901E+00
0.3580000000E+00      0.3656329514E+03      0.6115204985E+02      0.4602549791E+00
0.3600000000E+00      0.3680202953E+03      0.6225503860E+02      0.4636884439E+00
0.3620000000E+00      0.3704137975E+03      0.6336904807E+02      0.4670873097E+00
0.3640000000E+00      0.3728134848E+03      0.6449404991E+02      0.4704516226E+00
0.3660000000E+00      0.3752193835E+03      0.6563001533E+02      0.4737814487E+00
0.3680000000E+00      0.3776315195E+03      0.6677691513E+02      0.4770768729E+00
0.3700000000E+00      0.3800499183E+03      0.6793471973E+02      0.4803379981E+00
0.3720000000E+00      0.3824746050E+03      0.6910339924E+02      0.4835649442E+00
0.3740000000E+00      0.3849056039E+03      0.7028292345E+02      0.4867578473E+00
0.3760000000E+00      0.3873429394E+03      0.7147326188E+02      0.4899168584E+00
0.3780000000E+00      0.3897866352E+03      0.7267438383E+02      0.4930421429E+00
0.3800000000E+00      0.3922367145E+03      0.7388625842E+02      0.4961342093E+00
0.3820000000E+00      0.3946932004E+03      0.7510885451E+02      0.4991925878E+00
0.3840000000E+00      0.3971561152E+03      0.7634214090E+02      0.5022178131E+00
0.3860000000E+00      0.3996254812E+03      0.7758608623E+02      0.5052100994E+00
0.3880000000E+00      0.4021013200E+03      0.7884065905E+02      0.5081696711E+00
0.3900000000E+00      0.4045836529E+03      0.8010582786E+02      0.5110967622E+00
0.3920000000E+00      0.4070725010E+03      0.8138156107E+02      0.5139916154E+00
0.3940000000E+00      0.4095678849E+03      0.8266782711E+02      0.5168544818E+00
0.3960000000E+00      0.4120698246E+03      0.8396459436E+02      0.5196856199E+00
0.3980000000E+00      0.4145783401E+03      0.8527183126E+02      0.5224852952E+00
0.4000000000E+00      0.4170934508E+03      0.8658950624E+02      0.5252537795E+00
0.4020000000E+00      0.4196151760E+03      0.8791758781E+02      0.5279913503E+00
0.4040000000E+00      0.4221435343E+03      0.8925604453E+02      0.5306982905E+00
0.4060000000E+00      0.4246785442E+03      0.9060484505E+02      0.5333748876E+00
0.4080000000E+00      0.4272202239E+03      0.9196395812E+02      0.5360214333E+00
0.4100000000E+00      0.4297685911E+03      0.9333335259E+02      0.5386382233E+00
0.4120000000E+00      0.4323236633E+03      0.9471299745E+02      0.5412255562E+00
0.4140000000E+00      0.4348854571E+03      0.9610286193E+02      0.5437842206E+00
0.4160000000E+00      0.4374539903E+03      0.9750291507E+02      0.5463135967E+00
0.4180000000E+00      0.4400292790E+03      0.9891312641E+02      0.5488144272E+00
0.4200000000E+00      0.4426113393E+03      0.1003334655E+03      0.5512870201E+00
0.4220000000E+00      0.4452001871E+03      0.1017639022E+03      0.5537316850E+00
0.4240000000E+00      0.4477958382E+03      0.1032044065E+03      0.5561487322E+00
0.4260000000E+00      0.4503983077E+03      0.1046549484E+03      0.5585384731E+00
0.4280000000E+00      0.4530076108E+03      0.1061154983E+03      0.5609012204E+00
0.4300000000E+00      0.4556237622E+03      0.1075860269E+03      0.5632372836E+00
0.4320000000E+00      0.4582467764E+03      0.1090665049E+03      0.5655469757E+00
0.4340000000E+00      0.4608766677E+03      0.1105569032E+03      0.5678306083E+00
0.4360000000E+00      0.4635134499E+03      0.1120571932E+03      0.5700884921E+00
0.4380000000E+00      0.4661571368E+03      0.1135673463E+03      0.5723209374E+00
0.4400000000E+00      0.4688077418E+03      0.1150873343E+03      0.5745282534E+00
0.4420000000E+00      0.4714652782E+03      0.1166171289E+03      0.5767107480E+00
0.4440000000E+00      0.4741297588E+03      0.1181567025E+03      0.5788687280E+00
0.4460000000E+00      0.4768011965E+03      0.1197060275E+03      0.5810024985E+00
0.4480000000E+00      0.4794796035E+03      0.1212650766E+03      0.5831123631E+00
0.4500000000E+00      0.4821649923E+03      0.1228338226E+03      0.5851986235E+00
0.4520000000E+00      0.4848573747E+03      0.1244122389E+03      0.5872615795E+00
0.4540000000E+00      0.4875567627E+03      0.1260002988E+03      0.5893015289E+00
0.4560000000E+00      0.4902631676E+03      0.1275979760E+03      0.5913187674E+00
0.4580000000E+00      0.4929766010E+03      0.1292052446E+03      0.5933135881E+00
0.4600000000E+00      0.4956970739E+03      0.1308220788E+03      0.5952862821E+00
0.4620000000E+00      0.4984245973E+03      0.1324484530E+03      0.5972371378E+00
0.4640000000E+00      0.5011591818E+03      0.1340843421E+03      0.5991664413E+00
0.4660000000E+00      0.5039008380E+03      0.1357297210E+03      0.6010744760E+00
0.4680000000E+00      0.5066495763E+03      0.1373845650E+03      0.6029615224E+00
0.4700000000E+00      0.5094054067E+03      0.1390488497E+03      0.6048278586E+00
0.4720000000E+00      0.5121683392E+03      0.1407225509E+03      0.6066737598E+00
0.4740000000E+00      0.5149383835E+03      0.1424056446E+03      0.6084994982E+00
0.4760000000E+00      0.5177155493E+03      0.1440981072E+03      0.6103053434E+00
0.4780000000E+00      0.5204998459E+03      0.1457999153E+03      0.6120915620E+00
0.4800000000E+00      0.5232912826E+03      0.1475110457E+03      0.6138584174E+00
0.4820000000E+00      0.5260898683E+03      0.1492314756E+03      0.6156061704E+00
0.4840000000E+00      0.5288956120E+03      0.1509611822E+03      0.6173350787E+00
0.4860000000E+00      0.5317085232E+03      0.1527001429E+03      0.6190303692E+00
0.4880000000E+00      0.5345286088E+03      0.1544483363E+03      0.6207222778E+00
0.4900000000E+00      0.5373558780E+03      0.1562057401E+03      0.6223960971E+00
0.4920000000E+00      0.5401903390E+03      0.1579723328E+03      0.6240520727E+00
0.4940000000E+00      0.5430319999E+03      0.1597480930E+03      0.6256904472E+00
0.4960000000E+00      0.5458808687E+03      0.1615329996E+03      0.6273114599E+00
0.4980000000E+00      0.5487369530E+03      0.1633270316E+03      0.6289153471E+00
0.5000000000E+00      0.5516002606E+03      0.1651301685E+03      0.6305023423E+00
0.5020000000E+00      0.5544707989E+03      0.1669423899E+03      0.6320726756E+00
0.5040000000E+00      0.5573485753E+03      0.1687636757E+03      0.6336265744E+00
0.5060000000E+00      0.5602335970E+03      0.1705940059E+03      0.6351642629E+00
0.5080000000E+00      0.5631258710E+03      0.1724333610E+03      0.6366859623E+00
0.5100000000E+00      0.5660254042E+03      0.1742817213E+03      0.6381918908E+00
0.5120000000E+00      0.5689322036E+03      0.1761390679E+03      0.6396822638E+00
0.5140000000E+00      0.5718462757E+03      0.1780053817E+03      0.6411572935E+00
0.5160000000E+00      0.5747676272E+03      0.1798806439E+03      0.6426171894E+00
0.5180000000E+00      0.5776962645E+03      0.1817648361E+03      0.6440621579E+00
0.5200000000E+00      0.5806321938E+03      0.1836579400E+03      0.6454924026E+00
0.5220000000E+00      0.5835754214E+03      0.1855599375E+03      0.6469081242E+00
0.5240000000E+00      0.5865259533E+03      0.1874708107E+03      0.6483095206E+00
0.5260000000E+00      0.5894837956E+03      0.1893905421E+03      0.6496967868E+00
0.5280000000E+00      0.5924489540E+03      0.1913191141E+03      0.6510701152E+00
0.5300000000E+00      0.5954214344E+03      0.1932565097E+03      0.6524296950E+00
0.5320000000E+00      0.5984012423E+03      0.1952027118E+03      0.6537757133E+00
0.5340000000E+00      0.6013883832E+03      0.1971577037E+03      0.6551083539E+00
0.5360000000E+00      0.6043828627E+03      0.1991214686E+03      0.6564277983E+00
0.5380000000E+00      0.6073846860E+03      0.2010939904E+03      0.6577342251E+00
0.5400000000E+00      0.6103938583E+03      0.2030752527E+03      0.6590278105E+00
0.5420000000E+00      0.6134103848E+03      0.2050652396E+03      0.6603087281E+00
0.5440000000E+00      0.6164342705E+03      0.2070639354E+03      0.6615770671E+00
0.5460000000E+00      0.6194655203E+03      0.2090713243E+03      0.6628331595E+00
0.5480000000E+00      0.6225041390E+03      0.2110873911E+03      0.6640770892E+00
0.5500000000E+00      0.6255501315E+03      0.2131121205E+03      0.6653090197E+00
0.5520000000E+00      0.6286035024E+03      0.2151454974E+03      0.6665291121E+00
0.5540000000E+00      0.6316642562E+03      0.2171875071E+03      0.6677375250E+00
0.5560000000E+00      0.6347323975E+03      0.2192381349E+03      0.6689344147E+00
0.5580000000E+00      0.6378079306E+03      0.2212973662E+03      0.6701199349E+00
0.5600000000E+00      0.6408908598E+03      0.2233651868E+03      0.6712942374E+00
0.5620000000E+00      0.6439811895E+03      0.2254415826E+03      0.6724574714E+00
0.5640000000E+00      0.6470789236E+03      0.2275265395E+03      0.6736097840E+00
0.5660000000E+00      0.6501840664E+03      0.2296200438E+03      0.6747513201E+00
0.5680000000E+00      0.6532966218E+03      0.2317220819E+03      0.6758822223E+00
0.5700000000E+00      0.6564165938E+03      0.2338326404E+03      0.6770026312E+00
0.5720000000E+00      0.6595439862E+03      0.2359517058E+03      0.6781126851E+00
0.5740000000E+00      0.6626788027E+03      0.2380792651E+03      0.6792125204E+00
0.5760000000E+00      0.6658210471E+03      0.2402153054E+03      0.6803023473E+00
0.5780000000E+00      0.6689707230E+03      0.2423598138E+03      0.6813821457E+00
0.5800000000E+00      0.6721278340E+03      0.2445127776E+03      0.6824521222E+00
0.5820000000E+00      0.6752923836E+03      0.2466741844E+03      0.6835124049E+00
0.5840000000E+00      0.6784643751E+03      0.2488440218E+03      0.6845631201E+00
0.5860000000E+00      0.6816438120E+03      0.2510222776E+03      0.6856043923E+00
0.5880000000E+00      0.6848306976E+03      0.2532089398E+03      0.6866363440E+00
0.5900000000E+00      0.6880250351E+03      0.2554039963E+03      0.6876590957E+00
0.5920000000E+00      0.6912268277E+03      0.2576074356E+03      0.6886727664E+00
0.5940000000E+00      0.6944360785E+03      0.2598192459E+03      0.6896774729E+00
0.5960000000E+00      0.6976527905E+03      0.2620394157E+03      0.6906733307E+00
0.5980000000E+00      0.7008769668E+03      0.2642679338E+03      0.6916604532E+00
0.6000000000E+00      0.7041086102E+03      0.2665047888E+03      0.6926389521E+00
0.6020000000E+00      0.7073477237E+03      0.2687499698E+03      0.6936089377E+00
0.6040000000E+00      0.7105943101E+03      0.2710034658E+03      0.6945705183E+00
0.6060000000E+00      0.7138483721E+03      0.2732652659E+03      0.6955238007E+00
0.6080000000E+00      0.7171099126E+03      0.2755353595E+03      0.6964688902E+00
0.6100000000E+00      0.7203789340E+03      0.2778137360E+03      0.6974058904E+00
0.6120000000E+00      0.7236554391E+03      0.2801003851E+03      0.6983349032E+00
0.6140000000E+00      0.7269394305E+03      0.2823952963E+03      0.6992560293E+00
0.6160000000E+00      0.7302309105E+03      0.2846984595E+03      0.7001693676E+00
0.6180000000E+00      0.7335298817E+03      0.2870098646E+03      0.7010750156E+00
0.6200000000E+00      0.7368363466E+03      0.2893295018E+03      0.7019730695E+00
0.6220000000E+00      0.7401503073E+03      0.2916573611E+03      0.7028636238E+00
0.6240000000E+00      0.7434717664E+03      0.2939934328E+03      0.7037467718E+00
0.6260000000E+00      0.7468007260E+03      0.2963377074E+03      0.7046226052E+00
0.6280000000E+00      0.7501371884E+03      0.2986901754E+03      0.7054912144E+00
0.6300000000E+00      0.7534811558E+03      0.3010508273E+03      0.7063526887E+00
0.6320000000E+00      0.7568326303E+03      0.3034196539E+03      0.7072071158E+00
0.6340000000E+00      0.7601916140E+03      0.3057966461E+03      0.7080545821E+00
0.6360000000E+00      0.7635581090E+03      0.3081817949E+03      0.7088951727E+00
0.6380000000E+00      0.7669321172E+03      0.3105750911E+03      0.7097289717E+00
0.6400000000E+00      0.7703136407E+03      0.3129765262E+03      0.7105560617E+00
0.6420000000E+00      0.7737026814E+03      0.3153860911E+03      0.7113765242E+00
0.6440000000E+00      0.7770992412E+03      0.3178037775E+03      0.7121904394E+00
0.6460000000E+00      0.7805033219E+03      0.3202295766E+03      0.7129978863E+00
0.6480000000E+00      0.7839149254E+03      0.3226634801E+03      0.7137989430E+00
0.6500000000E+00      0.7873340534E+03      0.3251054797E+03      0.7145936861E+00
0.6520000000E+00      0.7907607077E+03      0.3275555670E+03      0.7153821912E+00
0.6540000000E+00      0.7941948900E+03      0.3300137340E+03      0.7161645330E+00
0.6560000000E+00      0.7976366020E+03      0.3324799725E+03      0.7169407849E+00
0.6580000000E+00      0.8010858453E+03      0.3349542746E+03      0.7177110192E+00
0.6600000000E+00      0.8045426215E+03      0.3374366324E+03      0.7184753073E+00
0.6620000000E+00      0.8080069322E+03      0.3399270382E+03      0.7192337193E+00
0.6640000000E+00      0.8114787789E+03      0.3424254842E+03      0.7199863247E+00
0.6660000000E+00      0.8149581632E+03      0.3449319629E+03      0.7207331917E+00
0.6680000000E+00      0.8184450864E+03      0.3474464667E+03      0.7214743874E+00
0.6700000000E+00      0.8219395502E+03      0.3499689881E+03      0.7222099784E+00
0.6720000000E+00      0.8254415558E+03      0.3524995198E+03      0.7229400297E+00
0.6740000000E+00      0.8289511047E+03      0.3550380546E+03      0.7236646060E+00
0.6760000000E+00      0.8324681981E+03      0.3575845853E+03      0.7243837706E+00
0.6780000000E+00      0.8359928376E+03      0.3601391047E+03      0.7250975862E+00
0.6800000000E+00      0.8395250242E+03      0.3627016058E+03      0.7258061144E+00
0.6820000000E+00      0.8430647593E+03      0.3652720817E+03      0.7265094160E+00
0.6840000000E+00      0.8466120442E+03      0.3678505254E+03      0.7272075509E+00
0.6860000000E+00      0.8501668800E+03      0.3704369303E+03      0.7279005783E+00
0.6880000000E+00      0.8537292680E+03      0.3730312895E+03      0.7285885564E+00
0.6900000000E+00      0.8572992092E+03      0.3756335964E+03      0.7292715427E+00
0.6920000000E+00      0.8608767049E+03      0.3782438445E+03      0.7299495936E+00
0.6940000000E+00      0.8644617561E+03      0.3808620273E+03      0.7306227651E+00
0.6960000000E+00      0.8680543640E+03      0.3834881382E+03      0.7312911121E+00
0.6980000000E+00      0.8716545295E+03      0.3861221711E+03      0.7319546890E+00
0.7000000000E+00      0.8752622537E+03      0.3887641195E+03      0.7326135492E+00
0.7020000000E+00      0.8788775377E+03      0.3914139773E+03      0.7332677455E+00
0.7040000000E+00      0.8825003823E+03      0.3940717383E+03      0.7339173299E+00
0.7060000000E+00      0.8861307887E+03      0.3967373964E+03      0.7345622897E+00
0.7080000000E+00      0.8897687576E+03      0.3994109456E+03      0.7352028036E+00
0.7100000000E+00      0.8934142901E+03      0.4020923800E+03      0.7358388573E+00
0.7120000000E+00      0.8970673871E+03      0.4047816936E+03      0.7364705001E+00
0.7140000000E+00      0.9007280493E+03      0.4074788807E+03      0.7370977804E+00
0.7160000000E+00      0.9043962777E+03      0.4101839355E+03      0.7377207461E+00
0.7180000000E+00      0.9080720731E+03      0.4128968523E+03      0.7383394444E+00
0.7200000000E+00      0.9117554363E+03      0.4156176255E+03      0.7389539219E+00
0.7220000000E+00      0.9154463682E+03      0.4183462494E+03      0.7395642243E+00
0.7240000000E+00      0.9191448694E+03      0.4210827187E+03      0.7401703971E+00
0.7260000000E+00      0.9228509407E+03      0.4238270277E+03      0.7407724849E+00
0.7280000000E+00      0.9265645830E+03      0.4265791712E+03      0.7413705317E+00
0.7300000000E+00      0.9302857968E+03      0.4293391438E+03      0.7419645810E+00
0.7320000000E+00      0.9340145829E+03      0.4321069401E+03      0.7425546756E+00
0.7340000000E+00      0.9377509419E+03      0.4348825551E+03      0.7431408579E+00
0.7360000000E+00      0.9414948746E+03      0.4376659835E+03      0.7437231696E+00
0.7380000000E+00      0.9452463816E+03      0.4404572201E+03      0.7443016519E+00
0.7400000000E+00      0.9490054635E+03      0.4432562601E+03      0.7448763453E+00
0.7420000000E+00      0.9527721208E+03      0.4460630982E+03      0.7454472900E+00
0.7440000000E+00      0.9565463543E+03      0.4488777297E+03      0.7460145254E+00
0.7460000000E+00      0.9603281645E+03      0.4517001496E+03      0.7465780906E+00
0.7480000000E+00      0.9641175519E+03      0.4545303530E+03      0.7471380241E+00
0.7500000000E+00      0.9679145171E+03      0.4573683351E+03      0.7476943639E+00
0.7520000000E+00      0.9717190606E+03      0.4602140912E+03      0.7482471474E+00
0.7540000000E+00      0.9755311830E+03      0.4630676167E+03      0.7487964116E+00
0.7560000000E+00      0.9793508847E+03      0.4659289068E+03      0.7493421930E+00
0.7580000000E+00      0.9831781662E+03      0.4687979570E+03      0.7498845278E+00
0.7600000000E+00      0.9870130280E+03      0.4716747627E+03      0.7504234513E+00
0.7620000000E+00      0.9908554705E+03      0.4745593194E+03      0.7509589987E+00
0.7640000000E+00      0.9947054942E+03      0.4774516227E+03      0.7514912046E+00
0.7660000000E+00      0.9985630988E+03      0.4803516689E+03      0.7520327383E+00
0.7680000000E+00      0.1002428286E+04      0.4832594521E+03      0.7525583876E+00
0.7700000000E+00      0.1006301056E+04      0.4861749688E+03      0.7530807966E+00
0.7720000000E+00      0.1010181408E+04      0.4890982147E+03      0.7535999983E+00
0.7740000000E+00      0.1014069344E+04      0.4920291857E+03      0.7541160250E+00
0.7760000000E+00      0.1017964864E+04      0.4949678774E+03      0.7546289089E+00
0.7780000000E+00      0.1021867967E+04      0.4979142857E+03      0.7551386815E+00
0.7800000000E+00      0.1025778654E+04      0.5008684067E+03      0.7556453740E+00
0.7820000000E+00      0.1029696926E+04      0.5038302361E+03      0.7561490173E+00
0.7840000000E+00      0.1033622783E+04      0.5067997701E+03      0.7566496417E+00
0.7860000000E+00      0.1037556225E+04      0.5097770045E+03      0.7571472774E+00
0.7880000000E+00      0.1041497252E+04      0.5127619356E+03      0.7576419540E+00
0.7900000000E+00      0.1045445866E+04      0.5157545594E+03      0.7581337007E+00
0.7920000000E+00      0.1049402065E+04      0.5187548720E+03      0.7586225465E+00
0.7940000000E+00      0.1053365850E+04      0.5217628697E+03      0.7591085199E+00
0.7960000000E+00      0.1057337222E+04      0.5247785487E+03      0.7595916490E+00
0.7980000000E+00      0.1061316181E+04      0.5278019052E+03      0.7600719619E+00
0.8000000000E+00      0.1065302726E+04      0.5308329356E+03      0.7605494858E+00
0.8020000000E+00      0.1069296859E+04      0.5338716361E+03      0.7610242480E+00
0.8040000000E+00      0.1073298579E+04      0.5369180033E+03      0.7614962753E+00
0.8060000000E+00      0.1077307887E+04      0.5399720335E+03      0.7619655942E+00
0.8080000000E+00      0.1081324782E+04      0.5430337231E+03      0.7624322307E+00
0.8100000000E+00      0.1085349266E+04      0.5461030686E+03      0.7628962108E+00
0.8120000000E+00      0.1089381337E+04      0.5491800666E+03      0.7633575599E+00
0.8140000000E+00      0.1093420997E+04      0.5522647137E+03      0.7638163032E+00
0.8160000000E+00      0.1097468245E+04      0.5553570064E+03      0.7642724656E+00
0.8180000000E+00      0.1101523082E+04      0.5584569413E+03      0.7647260717E+00
0.8200000000E+00      0.1105585507E+04      0.5615645152E+03      0.7651771458E+00
0.8220000000E+00      0.1109655521E+04      0.5646797247E+03      0.7656257118E+00
0.8240000000E+00      0.1113733124E+04      0.5678025666E+03      0.7660717935E+00
0.8260000000E+00      0.1117818315E+04      0.5709330376E+03      0.7665154142E+00
0.8280000000E+00      0.1121911096E+04      0.5740711345E+03      0.7669565970E+00
0.8300000000E+00      0.1126011466E+04      0.5772168542E+03      0.7673953648E+00
0.8320000000E+00      0.1130119426E+04      0.5803701935E+03      0.7678317403E+00
0.8340000000E+00      0.1134234974E+04      0.5835311494E+03      0.7682657455E+00
0.8360000000E+00      0.1138358112E+04      0.5866997186E+03      0.7686974027E+00
0.8380000000E+00      0.1142488839E+04      0.5898758983E+03      0.7691267335E+00
0.8400000000E+00      0.1146627156E+04      0.5930596853E+03      0.7695537595E+00
0.8420000000E+00      0.1150773062E+04      0.5962510768E+03      0.7699785018E+00
0.8440000000E+00      0.1154926558E+04      0.5994500697E+03      0.7704009816E+00
0.8460000000E+00      0.1159087644E+04      0.6026566611E+03      0.7708212195E+00
0.8480000000E+00      0.1163256319E+04      0.6058708481E+03      0.7712392361E+00
0.8500000000E+00      0.1167432583E+04      0.6090926280E+03      0.7716550515E+00
0.8520000000E+00      0.1171616437E+04      0.6123219977E+03      0.7720686859E+00
0.8540000000E+00      0.1175807881E+04      0.6155589546E+03      0.7724801591E+00
0.8560000000E+00      0.1180006914E+04      0.6188034959E+03      0.7728894905E+00
0.8580000000E+00      0.1184213537E+04      0.6220556187E+03      0.7732966994E+00
0.8600000000E+00      0.1188427749E+04      0.6253153204E+03      0.7737018051E+00
0.8620000000E+00      0.1192649551E+04      0.6285825983E+03      0.7741048264E+00
0.8640000000E+00      0.1196878943E+04      0.6318574497E+03      0.7745057819E+00
0.8660000000E+00      0.1201115923E+04      0.6351398720E+03      0.7749046900E+00
0.8680000000E+00      0.1205360494E+04      0.6384298625E+03      0.7753015691E+00
0.8700000000E+00      0.1209612653E+04      0.6417274187E+03      0.7756963611E+00
0.8720000000E+00      0.1213872402E+04      0.6450325380E+03      0.7760892360E+00
0.8740000000E+00      0.1218139740E+04      0.6483452178E+03      0.7764801351E+00
0.8760000000E+00      0.1222414667E+04      0.6516654556E+03      0.7768690761E+00
0.8780000000E+00      0.1226697183E+04      0.6549932490E+03      0.7772560760E+00
0.8800000000E+00      0.1230987289E+04      0.6583285955E+03      0.7776411518E+00
0.8820000000E+00      0.1235284983E+04      0.6616714927E+03      0.7780243204E+00
0.8840000000E+00      0.1239590266E+04      0.6650219381E+03      0.7784055984E+00
0.8860000000E+00      0.1243903138E+04      0.6683799293E+03      0.7787850022E+00
0.8880000000E+00      0.1248223598E+04      0.6717454640E+03      0.7791625481E+00
0.8900000000E+00      0.1252551647E+04      0.6751185398E+03      0.7795382522E+00
0.8920000000E+00      0.1256887284E+04      0.6784991545E+03      0.7799121303E+00
0.8940000000E+00      0.1261230510E+04      0.6818873056E+03      0.7802841982E+00
0.8960000000E+00      0.1265581324E+04      0.6852829910E+03      0.7806544713E+00
0.8980000000E+00      0.1269939725E+04      0.6886862084E+03      0.7810229651E+00
0.9000000000E+00      0.1274305715E+04      0.6920969555E+03      0.7813896947E+00
0.9020000000E+00      0.1278679293E+04      0.6955152302E+03      0.7817546751E+00
0.9040000000E+00      0.1283060458E+04      0.6989410303E+03      0.7821179212E+00
0.9060000000E+00      0.1287449211E+04      0.7023743536E+03      0.7824794477E+00
0.9080000000E+00      0.1291845551E+04      0.7058151979E+03      0.7828392690E+00
0.9100000000E+00      0.1296249478E+04      0.7092635611E+03      0.7831973997E+00
0.9120000000E+00      0.1300660993E+04      0.7127194412E+03      0.7835538538E+00
0.9140000000E+00      0.1305080094E+04      0.7161828361E+03      0.7839086454E+00
0.9160000000E+00      0.1309506783E+04      0.7196537436E+03      0.7842617884E+00
0.9180000000E+00      0.1313941057E+04      0.7231321618E+03      0.7846132966E+00
0.9200000000E+00      0.1318382919E+04      0.7266180887E+03      0.7849631835E+00
0.9220000000E+00      0.1322832366E+04      0.7301115222E+03      0.7853114626E+00
0.9240000000E+00      0.1327289400E+04      0.7336124604E+03      0.7856581472E+00
0.9260000000E+00      0.1331754019E+04      0.7371209013E+03      0.7860032504E+00
0.9280000000E+00      0.1336226224E+04      0.7406368429E+03      0.7863467852E+00
0.9300000000E+00      0.1340706015E+04      0.7441602834E+03      0.7866887646E+00
0.9320000000E+00      0.1345193391E+04      0.7476912209E+03      0.7870292012E+00
0.9340000000E+00      0.1349688352E+04      0.7512296535E+03      0.7873681077E+00
0.9360000000E+00      0.1354190898E+04      0.7547755792E+03      0.7877054965E+00
0.9380000000E+00      0.1358701029E+04      0.7583289963E+03      0.7880413799E+00
0.9400000000E+00      0.1363218745E+04      0.7618899030E+03      0.7883757701E+00
0.9420000000E+00      0.1367744045E+04      0.7654582974E+03      0.7887086792E+00
0.9440000000E+00      0.1372276929E+04      0.7690341777E+03      0.7890401191E+00
0.9460000000E+00      0.1376817397E+04      0.7726175422E+03      0.7893701016E+00
0.9480000000E+00      0.1381365449E+04      0.7762083892E+03      0.7896986385E+00
0.9500000000E+00      0.1385921084E+04      0.7798067168E+03      0.7900257412E+00
0.9520000000E+00      0.1390484303E+04      0.7834125233E+03      0.7903514212E+00
0.9540000000E+00      0.1395055104E+04      0.7870258072E+03      0.7906756899E+00
0.9560000000E+00      0.1399633489E+04      0.7906465666E+03      0.7909985584E+00
0.9580000000E+00      0.1404219456E+04      0.7942747999E+03      0.7913200377E+00
0.9600000000E+00      0.1408813005E+04      0.7979105055E+03      0.7916401390E+00
0.9620000000E+00      0.1413414137E+04      0.8015536817E+03      0.7919588729E+00
0.9640000000E+00      0.1418022851E+04      0.8052043268E+03      0.7922762503E+00
0.9660000000E+00      0.1422639146E+04      0.8088624394E+03      0.7925922818E+00
0.9680000000E+00      0.1427263023E+04      0.8125280179E+03      0.7929069778E+00
0.9700000000E+00      0.1431894481E+04      0.8162010605E+03      0.7932203489E+00
0.9720000000E+00      0.1436533520E+04      0.8198815659E+03      0.7935324052E+00
0.9740000000E+00      0.1441180140E+04      0.8235695323E+03      0.7938431570E+00
0.9760000000E+00      0.1445834340E+04      0.8272649585E+03      0.7941526144E+00
0.9780000000E+00      0.1450496120E+04      0.8309678427E+03      0.7944607873E+00
0.9800000000E+00      0.1455165481E+04      0.8346781836E+03      0.7947676857E+00
0.9820000000E+00      0.1459842421E+04      0.8383959796E+03      0.7950733192E+00
0.9840000000E+00      0.1464526940E+04      0.8421212293E+03      0.7953776977E+00
0.9860000000E+00      0.1469219039E+04      0.8458539312E+03      0.7956808306E+00
0.9880000000E+00      0.1473918717E+04      0.8495940840E+03      0.7959827274E+00
0.9900000000E+00      0.1478625974E+04      0.8533416861E+03      0.7962833976E+00
0.9920000000E+00      0.1483340809E+04      0.8570967362E+03      0.7965828503E+00
0.9940000000E+00      0.1488063222E+04      0.8608592329E+03      0.7968810949E+00
0.9960000000E+00      0.1492793213E+04      0.8646291748E+03      0.7971781404E+00
0.9980000000E+00      0.1497530781E+04      0.8684065605E+03      0.7974739959E+00
0.1000000000E+01      0.1502275927E+04      0.8721913888E+03      0.7977686702E+00
0.1002000000E+01      0.1507028651E+04      0.8759836582E+03      0.7980621721E+00
0.1004000000E+01      0.1511788951E+04      0.8797833674E+03      0.7983545105E+00
0.1006000000E+01      0.1516556827E+04      0.8835905152E+03      0.7986456939E+00
0.1008000000E+01      0.1521332280E+04      0.8874051003E+03      0.7989357310E+00
0.1010000000E+01      0.1526115309E+04      0.8912271213E+03      0.7992246302E+00
0.1012000000E+01      0.1530905913E+04      0.8950565770E+03      0.7995124000E+00
0.1014000000E+01      0.1535704093E+04      0.8988934661E+03      0.7997990485E+00
0.1016000000E+01      0.1540509848E+04      0.9027377874E+03      0.8000845842E+00
0.1018000000E+01      0.1545323178E+04      0.9065895397E+03      0.8003690150E+00
0.1020000000E+01      0.1550144083E+04      0.9104487217E+03      0.8006523492E+00
0.1022000000E+01      0.1554972562E+04      0.9143153323E+03      0.8009345946E+00
0.1024000000E+01      0.1559808615E+04      0.9181893702E+03      0.8012157592E+00
0.1026000000E+01      0.1564652241E+04      0.9220708343E+03      0.8014958509E+00
0.1028000000E+01      0.1569503441E+04      0.9259597234E+03      0.8017748773E+00
0.1030000000E+01      0.1574362214E+04      0.9298560364E+03      0.8020528462E+00
0.1032000000E+01      0.1579228561E+04      0.9337597720E+03      0.8023297652E+00
0.1034000000E+01      0.1584102479E+04      0.9376709293E+03      0.8026056418E+00
0.1036000000E+01      0.1588983970E+04      0.9415895069E+03      0.8028804834E+00
0.1038000000E+01      0.1593873033E+04      0.9455155039E+03      0.8031542975E+00
0.1040000000E+01      0.1598769668E+04      0.9494489192E+03      0.8034270914E+00
0.1042000000E+01      0.1603673874E+04      0.9533897516E+03      0.8036988722E+00
0.1044000000E+01      0.1608585651E+04      0.9573380001E+03      0.8039696473E+00
0.1046000000E+01      0.1613504999E+04      0.9612936636E+03      0.8042394236E+00
0.1048000000E+01      0.1618431917E+04      0.9652567411E+03      0.8045082083E+00
0.1050000000E+01      0.1623366406E+04      0.9692272316E+03      0.8047760082E+00
0.1052000000E+01      0.1628308464E+04      0.9732051339E+03      0.8050428304E+00
0.1054000000E+01      0.1633258092E+04      0.9771904471E+03      0.8053086816E+00
0.1056000000E+01      0.1638215290E+04      0.9811831701E+03      0.8055735685E+00
0.1058000000E+01      0.1643180056E+04      0.9851833021E+03      0.8058374980E+00
0.1060000000E+01      0.1648152391E+04      0.9891908419E+03      0.8061004767E+00
0.1062000000E+01      0.1653132295E+04      0.9932057887E+03      0.8063625111E+00
0.1064000000E+01      0.1658119766E+04      0.9972281414E+03      0.8066236077E+00
0.1066000000E+01      0.1663114805E+04      0.1001257899E+04      0.8068837730E+00
0.1068000000E+01      0.1668117412E+04      0.1005295061E+04      0.8071430134E+00
0.1070000000E+01      0.1673127586E+04      0.1009339626E+04      0.8074013353E+00
0.1072000000E+01      0.1678145327E+04      0.1013391593E+04      0.8076490606E+00
0.1074000000E+01      0.1683170634E+04      0.1017450961E+04      0.8079055322E+00
0.1076000000E+01      0.1688203508E+04      0.1021517729E+04      0.8081611037E+00
0.1078000000E+01      0.1693243947E+04      0.1025591897E+04      0.8084157813E+00
0.1080000000E+01      0.1698291952E+04      0.1029673464E+04      0.8086695711E+00
0.1082000000E+01      0.1703347523E+04      0.1033762428E+04      0.8089224790E+00
0.1084000000E+01      0.1708410658E+04      0.1037858790E+04      0.8091745110E+00
0.1086000000E+01      0.1713481358E+04      0.1041962547E+04      0.8094256729E+00
0.1088000000E+01      0.1718559623E+04      0.1046073699E+04      0.8096759706E+00
0.1090000000E+01      0.1723645451E+04      0.1050192245E+04      0.8099254098E+00
0.1092000000E+01      0.1728738844E+04      0.1054318185E+04      0.8101739963E+00
0.1094000000E+01      0.1733839799E+04      0.1058451518E+04      0.8104217356E+00
0.1096000000E+01      0.1738948318E+04      0.1062592242E+04      0.8106686335E+00
0.1098000000E+01      0.1744064400E+04      0.1066740358E+04      0.8109146954E+00
0.1100000000E+01      0.1749188044E+04      0.1070895864E+04      0.8111599269E+00
0.1102000000E+01      0.1754319250E+04      0.1075058759E+04      0.8114043334E+00
0.1104000000E+01      0.1759458018E+04      0.1079229042E+04      0.8116479203E+00
0.1106000000E+01      0.1764604348E+04      0.1083406714E+04      0.8118906930E+00
0.1108000000E+01      0.1769758239E+04      0.1087591773E+04      0.8121326568E+00
0.1110000000E+01      0.1774919691E+04      0.1091784218E+04      0.8123738170E+00
0.1112000000E+01      0.1780088704E+04      0.1095984048E+04      0.8126141787E+00
0.1114000000E+01      0.1785265276E+04      0.1100191264E+04      0.8128537471E+00
0.1116000000E+01      0.1790449409E+04      0.1104405864E+04      0.8130925273E+00
0.1118000000E+01      0.1795641102E+04      0.1108627847E+04      0.8133305245E+00
0.1120000000E+01      0.1800840353E+04      0.1112857213E+04      0.8135677436E+00
0.1122000000E+01      0.1806047164E+04      0.1117093961E+04      0.8138041895E+00
0.1124000000E+01      0.1811261534E+04      0.1121338090E+04      0.8140398674E+00
0.1126000000E+01      0.1816483462E+04      0.1125589600E+04      0.8142747819E+00
0.1128000000E+01      0.1821712948E+04      0.1129848490E+04      0.8145089380E+00
0.1130000000E+01      0.1826949992E+04      0.1134114759E+04      0.8147423405E+00
0.1132000000E+01      0.1832194593E+04      0.1138388407E+04      0.8149749941E+00
0.1134000000E+01      0.1837446751E+04      0.1142669432E+04      0.8152069036E+00
0.1136000000E+01      0.1842706466E+04      0.1146957835E+04      0.8154380736E+00
0.1138000000E+01      0.1847973738E+04      0.1151253615E+04      0.8156685087E+00
0.1140000000E+01      0.1853248566E+04      0.1155556771E+04      0.8158982136E+00
0.1142000000E+01      0.1858530950E+04      0.1159867302E+04      0.8161271928E+00
0.1144000000E+01      0.1863820889E+04      0.1164185208E+04      0.8163554507E+00
0.1146000000E+01      0.1869118384E+04      0.1168510488E+04      0.8165829920E+00
0.1148000000E+01      0.1874423433E+04      0.1172843142E+04      0.8168098210E+00
0.1150000000E+01      0.1879736037E+04      0.1177183169E+04      0.8170359420E+00
0.1152000000E+01      0.1885056195E+04      0.1181530568E+04      0.8172613595E+00
0.1154000000E+01      0.1890383908E+04      0.1185885339E+04      0.8174860778E+00
0.1156000000E+01      0.1895719174E+04      0.1190247481E+04      0.8177101011E+00
0.1158000000E+01      0.1901061993E+04      0.1194616994E+04      0.8179334337E+00
0.1160000000E+01      0.1906412365E+04      0.1198993877E+04      0.8181560798E+00
0.1162000000E+01      0.1911770290E+04      0.1203378129E+04      0.8183780435E+00
0.1164000000E+01      0.1917135767E+04      0.1207769751E+04      0.8185993289E+00
0.1166000000E+01      0.1922508797E+04      0.1212168741E+04      0.8188199403E+00
0.1168000000E+01      0.1927889378E+04      0.1216575099E+04      0.8190398816E+00
0.1170000000E+01      0.1933277511E+04      0.1220988824E+04      0.8192591568E+00
0.1172000000E+01      0.1938673195E+04      0.1225409916E+04      0.8194777700E+00
0.1174000000E+01      0.1944076429E+04      0.1229838374E+04      0.8196957250E+00
0.1176000000E+01      0.1949487214E+04      0.1234274198E+04      0.8199130259E+00
0.1178000000E+01      0.1954905550E+04      0.1238717388E+04      0.8201296764E+00
0.1180000000E+01      0.1960331435E+04      0.1243167942E+04      0.8203456805E+00
0.1182000000E+01      0.1965764869E+04      0.1247625861E+04      0.8205610419E+00
0.1184000000E+01      0.1971205853E+04      0.1252091143E+04      0.8207757645E+00
0.1186000000E+01      0.1976654386E+04      0.1256563789E+04      0.8209898520E+00
0.1188000000E+01      0.1982110468E+04      0.1261043797E+04      0.8212033081E+00
0.1190000000E+01      0.1987574097E+04      0.1265531169E+04      0.8214161364E+00
0.1192000000E+01      0.1993045275E+04      0.1270025902E+04      0.8216283408E+00
0.1194000000E+01      0.1998524001E+04      0.1274527996E+04      0.8218399248E+00
0.1196000000E+01      0.2004010273E+04      0.1279037452E+04      0.8220508919E+00
0.1198000000E+01      0.2009504093E+04      0.1283554268E+04      0.8222612458E+00
0.1200000000E+01      0.2015005460E+04      0.1288078444E+04      0.8224709899E+00
