      Rhob                Epsilon              Pressure               SoundV
0.4730000000E-14      0.4409040000E-11      0.6303830000E-24      0.2528270000E-09
0.4760000000E-14      0.4431480000E-11      0.6303830000E-23      0.3286900000E-09
0.4910000000E-14      0.4571720000E-11      0.6303830000E-22      0.3811090000E-09
0.6990000000E-14      0.6506980000E-11      0.7552120000E-21      0.1661210000E-08
0.9900000000E-14      0.9199530000E-11      0.8737990000E-20      0.4506330000E-08
0.2720000000E-13      0.2529870000E-10      0.1061040000E-18      0.2185710000E-07
0.1270000000E-12      0.1189210000E-09      0.3632510000E-17      0.1280710000E-06
0.6930000000E-12      0.6450890000E-09      0.1185870000E-15      0.6813760000E-06
0.6295000000E-11      0.5856290000E-08      0.6081640000E-14      0.1980100000E-05
0.1581000000E-10      0.1470800000E-07      0.3100740000E-13      0.4121830000E-05
0.3972000000E-10      0.3694960000E-07      0.1517290000E-12      0.7788630000E-05
0.9976000000E-10      0.9278060000E-07      0.7183870000E-12      0.1422460000E-04
0.2506000000E-09      0.2331300000E-06      0.3286730000E-11      0.2500930000E-04
0.6294000000E-09      0.5856290000E-06      0.1446760000E-10      0.4207890000E-04
0.1581000000E-08      0.1470800000E-05      0.6088500000E-10      0.6739699893E-04
0.3972000000E-08      0.3695520000E-05      0.2441020000E-09      0.8516180000E-04
0.5000000000E-08      0.4651930000E-05      0.3282360000E-09      0.1052360000E-03
0.9976000000E-08      0.9283670000E-05      0.8956430000E-09      0.1422520000E-03
0.1990000000E-07      0.1852250000E-04      0.2392340000E-08      0.1863930000E-03
0.3972000000E-07      0.3696080000E-04      0.6278870000E-08      0.2408930000E-03
0.7924000000E-07      0.7376450000E-04      0.1625270000E-07      0.3085620000E-03
0.1581000000E-06      0.1471920000E-03      0.4166770000E-07      0.3417580000E-03
0.1990000000E-06      0.1853370000E-03      0.5453750000E-07      0.3860480000E-03
0.3155000000E-06      0.2937680000E-03      0.1016730000E-06      0.4315500000E-03
0.5000000000E-06      0.4656420000E-03      0.1890530000E-06      0.4889620000E-03
0.6294000000E-06      0.5861890000E-03      0.2577080000E-06      0.5509610000E-03
0.7924000000E-06      0.7382060000E-03      0.3143180000E-06      0.6137740000E-03
0.9976000000E-06      0.9294890000E-03      0.4281610000E-06      0.6540150000E-03
0.1581000000E-05      0.1470000000E-02      0.7939080000E-06      0.7285460000E-03
0.2506000000E-05      0.2340000000E-02      0.1470480000E-05      0.8500470000E-03
0.3972000000E-05      0.3700000000E-02      0.2722510000E-05      0.8906300000E-03
0.5000000000E-05      0.4660000000E-02      0.3533890000E-05      0.9510480000E-03
0.6294000000E-05      0.5870000000E-02      0.4807140000E-05      0.1100000000E-02
0.7924000000E-05      0.7390000000E-02      0.6541010000E-05      0.1180000000E-02
0.9976000000E-05      0.9310000000E-02      0.8894020000E-05      0.1280000000E-02
0.1256000000E-04      0.1172000000E-01      0.1209590000E-04      0.1300000000E-02
0.1581000000E-04      0.1476000000E-01      0.1562230000E-04      0.1320000000E-02
0.1990000000E-04      0.1858000000E-01      0.2124580000E-04      0.1390000000E-02
0.2506000000E-04      0.2340000000E-01      0.2888530000E-04      0.1470000000E-02
0.3155000000E-04      0.2947000000E-01      0.3713020000E-04      0.1550000000E-02
0.3972000000E-04      0.3712000000E-01      0.5048680000E-04      0.1820000000E-02
0.5000000000E-04      0.4674000000E-01      0.6865560000E-04      0.1960000000E-02
0.6294000000E-04      0.5884000000E-01      0.9330920000E-04      0.2110000000E-02
0.7924000000E-04      0.7416000000E-01      0.1268880000E-03      0.2150000000E-02
0.9976000000E-04      0.9334000000E-01      0.1620900000E-03      0.2190000000E-02
0.1105000000E-03      0.1034400000E+00      0.1805020000E-03      0.2220000000E-02
0.1256000000E-03      0.1175700000E+00      0.2053430000E-03      0.2270000000E-02
0.1581000000E-03      0.1480900000E+00      0.2791790000E-03      0.2300000000E-02
0.1990000000E-03      0.1865100000E+00      0.3630010000E-03      0.2350000000E-02
0.2506000000E-03      0.2349200000E+00      0.4704780000E-03      0.2420000000E-02
0.2572000000E-03      0.2411500000E+00      0.4871430000E-03      0.1640000000E-02
0.2670000000E-03      0.2502100000E+00      0.4925360000E-03      0.6323770000E-03
0.3126000000E-03      0.2932300000E+00      0.5213460000E-03      0.6351150000E-03
0.3951000000E-03      0.3707800000E+00      0.5679160000E-03      0.6395500000E-03
0.4759000000E-03      0.4467600000E+00      0.6136960000E-03      0.6456670000E-03
0.5812000000E-03      0.5456200000E+00      0.6758550000E-03      0.6505920000E-03
0.7143000000E-03      0.6709200000E+00      0.7601150000E-03      0.7025890000E-03
0.8786000000E-03      0.8252300000E+00      0.8731850000E-03      0.7646840000E-03
0.1077000000E-02      0.1012500000E+01      0.1020000000E-02      0.8354260000E-03
0.1314000000E-02      0.1235290000E+01      0.1220000000E-02      0.9276850000E-03
0.1748000000E-02      0.1643560000E+01      0.1620000000E-02      0.1000000000E-02
0.2000000000E-02      0.1880850000E+01      0.2000000000E-02      0.1100000000E-02
0.4000000000E-02      0.3764610000E+01      0.4510000000E-02      0.1460000000E-02
0.6000000000E-02      0.5649800000E+01      0.7500000000E-02      0.1680000000E-02
0.8000000000E-02      0.7536070000E+01      0.1086000000E-01      0.1880000000E-02
0.1000000000E-01      0.9423230000E+01      0.1458000000E-01      0.2070000000E-02
0.1200000000E-01      0.1131116000E+02      0.1867000000E-01      0.2280000000E-02
0.1400000000E-01      0.1319982000E+02      0.2318000000E-01      0.2510000000E-02
0.1600000000E-01      0.1508915000E+02      0.2814000000E-01      0.2760000000E-02
0.1800000000E-01      0.1697914000E+02      0.3361000000E-01      0.3040000000E-02
0.2000000000E-01      0.1886976000E+02      0.3965000000E-01      0.3340000000E-02
0.2200000000E-01      0.2076101000E+02      0.4624000000E-01      0.3660000000E-02
0.2400000000E-01      0.2265290000E+02      0.5348000000E-01      0.3990000000E-02
0.2600000000E-01      0.2454541000E+02      0.6133000000E-01      0.4330000000E-02
0.2800000000E-01      0.2643855000E+02      0.6988000000E-01      0.4680000000E-02
0.3000000000E-01      0.2833233000E+02      0.7906000000E-01      0.5030000000E-02
0.3200000000E-01      0.3022674000E+02      0.8895000000E-01      0.5390000000E-02
0.3400000000E-01      0.3212179000E+02      0.9948000000E-01      0.5740000000E-02
0.3600000000E-01      0.3401748000E+02      0.1107200000E+00      0.6090000000E-02
0.3800000000E-01      0.3591381000E+02      0.1225900000E+00      0.6440000000E-02
0.4000000000E-01      0.3781078000E+02      0.1351400000E+00      0.6790000000E-02
0.4200000000E-01      0.3970840000E+02      0.1483400000E+00      0.7110000000E-02
0.4400000000E-01      0.4160666000E+02      0.1621100000E+00      0.7420000000E-02
0.4600000000E-01      0.4350556000E+02      0.1765200000E+00      0.7740000000E-02
0.4800000000E-01      0.4540510000E+02      0.1915000000E+00      0.8040000000E-02
0.5000000000E-01      0.4730528000E+02      0.2070600000E+00      0.8310000000E-02
0.5200000000E-01      0.4920608000E+02      0.2230900000E+00      0.8580000000E-02
0.5400000000E-01      0.5110752000E+02      0.2396900000E+00      0.8870000000E-02
0.5600000000E-01      0.5300958000E+02      0.2568200000E+00      0.9120000000E-02
0.5800000000E-01      0.5491227000E+02      0.2743700000E+00      0.9340000000E-02
0.6000000000E-01      0.5681556000E+02      0.2923800000E+00      0.9690000000E-02
0.6200000000E-01      0.5871946000E+02      0.3101200000E+00      0.1002000000E-01
0.6400000000E-01      0.6062394000E+02      0.3290400000E+00      0.1028000000E-01
0.6600000000E-01      0.6252904000E+02      0.3483400000E+00      0.1069000000E-01
0.6800000000E-01      0.6443473000E+02      0.3679800000E+00      0.1101000000E-01
0.7000000000E-01      0.6618731923E+02      0.4948275093E+00      0.2207976723E-01
0.7200000000E-01      0.6809312921E+02      0.5379974769E+00      0.2319739793E-01
0.7400000000E-01      0.7000016829E+02      0.5833346656E+00      0.2432313784E-01
0.7600000000E-01      0.7190846208E+02      0.6308572420E+00      0.2545629018E-01
0.7800000000E-01      0.7381803530E+02      0.6805822566E+00      0.2659628107E-01
0.8000000000E-01      0.7572891183E+02      0.7325258692E+00      0.2774265574E-01
0.8200000000E-01      0.7764111475E+02      0.7867035684E+00      0.2889507438E-01
0.8400000000E-01      0.7955466639E+02      0.8431303843E+00      0.3005330794E-01
0.8600000000E-01      0.8146958835E+02      0.9018210931E+00      0.3121723362E-01
0.8800000000E-01      0.8338590161E+02      0.9627904137E+00      0.3238683023E-01
0.9000000000E-01      0.8530362649E+02      0.1026053198E+01      0.3356217345E-01
0.9200000000E-01      0.8722278276E+02      0.1091624610E+01      0.3474343103E-01
0.9400000000E-01      0.8914338966E+02      0.1159520300E+01      0.3593085790E-01
0.9600000000E-01      0.9106546595E+02      0.1229756565E+01      0.3712479120E-01
0.9800000000E-01      0.9298902997E+02      0.1302350510E+01      0.3832564546E-01
0.1000000000E+00      0.9491409964E+02      0.1377320188E+01      0.3953390736E-01
0.1020000000E+00      0.9684069257E+02      0.1454684742E+01      0.4075013175E-01
0.1040000000E+00      0.9876882603E+02      0.1534464533E+01      0.4197493548E-01
0.1060000000E+00      0.1006985171E+03      0.1616681262E+01      0.4320899351E-01
0.1080000000E+00      0.1026297825E+03      0.1701358080E+01      0.4445303386E-01
0.1100000000E+00      0.1045626389E+03      0.1788519697E+01      0.4570783302E-01
0.1120000000E+00      0.1064971028E+03      0.1878192472E+01      0.4697421129E-01
0.1140000000E+00      0.1084331828E+03      0.1969076506E+01      0.4703245701E-01
0.1160000000E+00      0.1103708629E+03      0.2060875779E+01      0.4774446425E-01
0.1180000000E+00      0.1123101396E+03      0.2154316819E+01      0.4862024643E-01
0.1200000000E+00      0.1142510155E+03      0.2249625993E+01      0.4958138083E-01
0.1220000000E+00      0.1161934965E+03      0.2346942134E+01      0.5060122357E-01
0.1240000000E+00      0.1181375900E+03      0.2446369295E+01      0.5166742504E-01
0.1260000000E+00      0.1200833047E+03      0.2547994338E+01      0.5277341662E-01
0.1280000000E+00      0.1220306505E+03      0.2651894746E+01      0.5391546950E-01
0.1300000000E+00      0.1239796379E+03      0.2758142710E+01      0.5508974309E-01
0.1320000000E+00      0.1259302784E+03      0.2866807493E+01      0.5629844921E-01
0.1340000000E+00      0.1278825840E+03      0.2977956896E+01      0.5753925915E-01
0.1360000000E+00      0.1298365675E+03      0.3091658227E+01      0.5881197977E-01
0.1380000000E+00      0.1317922423E+03      0.3207978958E+01      0.6011669747E-01
0.1400000000E+00      0.1337496222E+03      0.3326987188E+01      0.6145369560E-01
0.1420000000E+00      0.1357087217E+03      0.3448751977E+01      0.6282339790E-01
0.1440000000E+00      0.1376695561E+03      0.3573343584E+01      0.6422632859E-01
0.1460000000E+00      0.1396321409E+03      0.3700833643E+01      0.6566308301E-01
0.1480000000E+00      0.1415964924E+03      0.3831295291E+01      0.6713430565E-01
0.1500000000E+00      0.1435626273E+03      0.3964803258E+01      0.6864067325E-01
0.1520000000E+00      0.1455305631E+03      0.4101433923E+01      0.7018288132E-01
0.1540000000E+00      0.1475003175E+03      0.4241265360E+01      0.7176163343E-01
0.1560000000E+00      0.1494719091E+03      0.4384377349E+01      0.7337763232E-01
0.1580000000E+00      0.1514453569E+03      0.4530851385E+01      0.7503157253E-01
0.1600000000E+00      0.1534206804E+03      0.4680770786E+01      0.7672673542E-01
0.1620000000E+00      0.1553978999E+03      0.4834220190E+01      0.7845857017E-01
0.1640000000E+00      0.1573770360E+03      0.4991286250E+01      0.8023032162E-01
0.1660000000E+00      0.1593581101E+03      0.5152057113E+01      0.8204259689E-01
0.1680000000E+00      0.1613411438E+03      0.5316622489E+01      0.8389597098E-01
0.1700000000E+00      0.1633261597E+03      0.5485073602E+01      0.8579098347E-01
0.1720000000E+00      0.1653131806E+03      0.5657503131E+01      0.8772813567E-01
0.1740000000E+00      0.1673022300E+03      0.5834005141E+01      0.8970788808E-01
0.1760000000E+00      0.1692933320E+03      0.6014675019E+01      0.9173065809E-01
0.1780000000E+00      0.1712865111E+03      0.6199609393E+01      0.9379681788E-01
0.1800000000E+00      0.1732817926E+03      0.6388906060E+01      0.9590669311E-01
0.1820000000E+00      0.1752792020E+03      0.6582663900E+01      0.9806056053E-01
0.1840000000E+00      0.1772787655E+03      0.6780982792E+01      0.1002586472E+00
0.1860000000E+00      0.1792805098E+03      0.6983963528E+01      0.1025011289E+00
0.1880000000E+00      0.1812844626E+03      0.7191708056E+01      0.1047941539E+00
0.1900000000E+00      0.1832906508E+03      0.7404318036E+01      0.1071256887E+00
0.1920000000E+00      0.1852991030E+03      0.7621896778E+01      0.1095018297E+00
0.1940000000E+00      0.1873098479E+03      0.7844547786E+01      0.1119225400E+00
0.1960000000E+00      0.1893229147E+03      0.8072375003E+01      0.1143877282E+00
0.1980000000E+00      0.1913383331E+03      0.8305482706E+01      0.1168972482E+00
0.2000000000E+00      0.1933561332E+03      0.8543975414E+01      0.1194508992E+00
0.2020000000E+00      0.1953763455E+03      0.8787957777E+01      0.1220484258E+00
0.2040000000E+00      0.1973990011E+03      0.9037534483E+01      0.1246895183E+00
0.2060000000E+00      0.1994241312E+03      0.9292810152E+01      0.1273738129E+00
0.2080000000E+00      0.2014517679E+03      0.9553889237E+01      0.1301008926E+00
0.2100000000E+00      0.2034819431E+03      0.9820875920E+01      0.1328702876E+00
0.2120000000E+00      0.2055146896E+03      0.1009387402E+02      0.1356814764E+00
0.2140000000E+00      0.2075500402E+03      0.1037298688E+02      0.1385338864E+00
0.2160000000E+00      0.2095880283E+03      0.1065831728E+02      0.1414268953E+00
0.2180000000E+00      0.2116286875E+03      0.1094996734E+02      0.1443598323E+00
0.2200000000E+00      0.2136720517E+03      0.1124803842E+02      0.1473319794E+00
0.2220000000E+00      0.2157181550E+03      0.1155263069E+02      0.1503361670E+00
0.2240000000E+00      0.2177670322E+03      0.1186384439E+02      0.1533844510E+00
0.2260000000E+00      0.2198187180E+03      0.1218177773E+02      0.1564695230E+00
0.2280000000E+00      0.2218732474E+03      0.1250652812E+02      0.1595904915E+00
0.2300000000E+00      0.2239306557E+03      0.1283819178E+02      0.1627464262E+00
0.2320000000E+00      0.2259909784E+03      0.1317686364E+02      0.1659363595E+00
0.2340000000E+00      0.2280542511E+03      0.1352263727E+02      0.1691592891E+00
0.2360000000E+00      0.2301205098E+03      0.1387560482E+02      0.1724141795E+00
0.2380000000E+00      0.2321897905E+03      0.1423585691E+02      0.1756999646E+00
0.2400000000E+00      0.2342621294E+03      0.1460348260E+02      0.1790155494E+00
0.2420000000E+00      0.2363375628E+03      0.1497856930E+02      0.1823598126E+00
0.2440000000E+00      0.2384161272E+03      0.1536120273E+02      0.1857315127E+00
0.2460000000E+00      0.2404978591E+03      0.1575146685E+02      0.1891297384E+00
0.2480000000E+00      0.2425827951E+03      0.1614944380E+02      0.1925531430E+00
0.2500000000E+00      0.2446709720E+03      0.1655521385E+02      0.1960005223E+00
0.2520000000E+00      0.2467624263E+03      0.1696885538E+02      0.1994706572E+00
0.2540000000E+00      0.2488571950E+03      0.1739044481E+02      0.2029623159E+00
0.2560000000E+00      0.2509553148E+03      0.1782005656E+02      0.2064742563E+00
0.2580000000E+00      0.2530568225E+03      0.1825776306E+02      0.2100052283E+00
0.2600000000E+00      0.2551617547E+03      0.1870363465E+02      0.2135539759E+00
0.2620000000E+00      0.2572701484E+03      0.1915773961E+02      0.2171192396E+00
0.2640000000E+00      0.2593820400E+03      0.1962014411E+02      0.2206997584E+00
0.2660000000E+00      0.2614974664E+03      0.2009091220E+02      0.2242942721E+00
0.2680000000E+00      0.2636164639E+03      0.2057010579E+02      0.2279015234E+00
0.2700000000E+00      0.2657390691E+03      0.2105778467E+02      0.2315202595E+00
0.2720000000E+00      0.2678653183E+03      0.2155400644E+02      0.2351494433E+00
0.2740000000E+00      0.2699952477E+03      0.2205882654E+02      0.2387874195E+00
0.2760000000E+00      0.2721288934E+03      0.2257229828E+02      0.2424331710E+00
0.2780000000E+00      0.2742662914E+03      0.2309447279E+02      0.2460854831E+00
0.2800000000E+00      0.2764074774E+03      0.2362539907E+02      0.2497431551E+00
0.2820000000E+00      0.2785524872E+03      0.2416512395E+02      0.2534050020E+00
0.2840000000E+00      0.2807013560E+03      0.2471369217E+02      0.2570698552E+00
0.2860000000E+00      0.2828541193E+03      0.2527114631E+02      0.2607365647E+00
0.2880000000E+00      0.2850108120E+03      0.2583752689E+02      0.2644040003E+00
0.2900000000E+00      0.2871714689E+03      0.2641287234E+02      0.2680710523E+00
0.2920000000E+00      0.2893361247E+03      0.2699721903E+02      0.2717366331E+00
0.2940000000E+00      0.2915048138E+03      0.2759060133E+02      0.2753996782E+00
0.2960000000E+00      0.2936775703E+03      0.2819305158E+02      0.2790591471E+00
0.2980000000E+00      0.2958544280E+03      0.2880460016E+02      0.2827140239E+00
0.3000000000E+00      0.2980354207E+03      0.2942527553E+02      0.2863633185E+00
0.3020000000E+00      0.3002205817E+03      0.3005510420E+02      0.2900060672E+00
0.3040000000E+00      0.3024099441E+03      0.3069411087E+02      0.2936413330E+00
0.3060000000E+00      0.3046035407E+03      0.3134231835E+02      0.2972682063E+00
0.3080000000E+00      0.3068014040E+03      0.3199974768E+02      0.3008858057E+00
0.3100000000E+00      0.3090035663E+03      0.3266641814E+02      0.3044932776E+00
0.3120000000E+00      0.3112100596E+03      0.3334234730E+02      0.3080897972E+00
0.3140000000E+00      0.3134209154E+03      0.3402755104E+02      0.3116745683E+00
0.3160000000E+00      0.3156361651E+03      0.3472204360E+02      0.3152468235E+00
0.3180000000E+00      0.3178558397E+03      0.3542583765E+02      0.3188058245E+00
0.3200000000E+00      0.3200799699E+03      0.3613894428E+02      0.3223508616E+00
0.3220000000E+00      0.3223085862E+03      0.3686137311E+02      0.3258812544E+00
0.3240000000E+00      0.3245417185E+03      0.3759313228E+02      0.3293966194E+00
0.3260000000E+00      0.3267793967E+03      0.3833422847E+02      0.3328957950E+00
0.3280000000E+00      0.3290216500E+03      0.3908466706E+02      0.3363784564E+00
0.3300000000E+00      0.3312685077E+03      0.3984445204E+02      0.3398440365E+00
0.3320000000E+00      0.3335199985E+03      0.4061358615E+02      0.3432919963E+00
0.3340000000E+00      0.3357761507E+03      0.4139207088E+02      0.3467218242E+00
0.3360000000E+00      0.3380369925E+03      0.4217990650E+02      0.3501330356E+00
0.3380000000E+00      0.3403025515E+03      0.4297709215E+02      0.3535251725E+00
0.3400000000E+00      0.3425728553E+03      0.4378362583E+02      0.3568978032E+00
0.3420000000E+00      0.3448479309E+03      0.4459950451E+02      0.3602505214E+00
0.3440000000E+00      0.3471278049E+03      0.4542472409E+02      0.3635829460E+00
0.3460000000E+00      0.3494125039E+03      0.4625927952E+02      0.3668947206E+00
0.3480000000E+00      0.3517020538E+03      0.4710316476E+02      0.3701855127E+00
0.3500000000E+00      0.3539964804E+03      0.4795637292E+02      0.3734550135E+00
0.3520000000E+00      0.3562958091E+03      0.4881889620E+02      0.3767029366E+00
0.3540000000E+00      0.3586000649E+03      0.4969072599E+02      0.3799290183E+00
0.3560000000E+00      0.3609092726E+03      0.5057185290E+02      0.3831330164E+00
0.3580000000E+00      0.3632234564E+03      0.5146226677E+02      0.3863147097E+00
0.3600000000E+00      0.3655426405E+03      0.5236195673E+02      0.3894738973E+00
0.3620000000E+00      0.3678668487E+03      0.5327091124E+02      0.3926103981E+00
0.3640000000E+00      0.3701961042E+03      0.5418911812E+02      0.3957240503E+00
0.3660000000E+00      0.3725304302E+03      0.5511656455E+02      0.3988147102E+00
0.3680000000E+00      0.3748698494E+03      0.5605323716E+02      0.4018822524E+00
0.3700000000E+00      0.3772143842E+03      0.5699912204E+02      0.4049265684E+00
0.3720000000E+00      0.3795640567E+03      0.5795420472E+02      0.4079475664E+00
0.3740000000E+00      0.3819188888E+03      0.5891847031E+02      0.4109451705E+00
0.3760000000E+00      0.3842789019E+03      0.5989190341E+02      0.4139193201E+00
0.3780000000E+00      0.3866441172E+03      0.6087448823E+02      0.4168699695E+00
0.3800000000E+00      0.3890145554E+03      0.6186620856E+02      0.4197970870E+00
0.3820000000E+00      0.3913902373E+03      0.6286704783E+02      0.4227006545E+00
0.3840000000E+00      0.3937711829E+03      0.6387698913E+02      0.4255810069E+00
0.3860000000E+00      0.3961574123E+03      0.6489601518E+02      0.4284374694E+00
0.3880000000E+00      0.3985489451E+03      0.6592410847E+02      0.4312704033E+00
0.3900000000E+00      0.4009458007E+03      0.6696125118E+02      0.4340798386E+00
0.3920000000E+00      0.4033479981E+03      0.6800742524E+02      0.4368658165E+00
0.3940000000E+00      0.4057555561E+03      0.6906261236E+02      0.4396283883E+00
0.3960000000E+00      0.4081684932E+03      0.7012679403E+02      0.4423676149E+00
0.3980000000E+00      0.4105868277E+03      0.7119995155E+02      0.4450835666E+00
0.4000000000E+00      0.4130105774E+03      0.7228206606E+02      0.4477763226E+00
0.4020000000E+00      0.4154397600E+03      0.7337311854E+02      0.4504459699E+00
0.4040000000E+00      0.4178743928E+03      0.7447308982E+02      0.4530926037E+00
0.4060000000E+00      0.4203144932E+03      0.7558196064E+02      0.4557163265E+00
0.4080000000E+00      0.4227600778E+03      0.7669971161E+02      0.4583172476E+00
0.4100000000E+00      0.4252111633E+03      0.7782632329E+02      0.4608954831E+00
0.4120000000E+00      0.4276677660E+03      0.7896177611E+02      0.4634511549E+00
0.4140000000E+00      0.4301299020E+03      0.8010605050E+02      0.4659843911E+00
0.4160000000E+00      0.4325975872E+03      0.8125912682E+02      0.4684953247E+00
0.4180000000E+00      0.4350708371E+03      0.8242098538E+02      0.4709840940E+00
0.4200000000E+00      0.4375496667E+03      0.8359160659E+02      0.4734511885E+00
0.4220000000E+00      0.4400340919E+03      0.8477097056E+02      0.4758961067E+00
0.4240000000E+00      0.4425241272E+03      0.8595905769E+02      0.4783193017E+00
0.4260000000E+00      0.4450197872E+03      0.8715584828E+02      0.4807209284E+00
0.4280000000E+00      0.4475210863E+03      0.8836132267E+02      0.4831011453E+00
0.4300000000E+00      0.4500280387E+03      0.8957546122E+02      0.4854601139E+00
0.4320000000E+00      0.4525406584E+03      0.9079824435E+02      0.4877979999E+00
0.4340000000E+00      0.4550589590E+03      0.9202965250E+02      0.4901149682E+00
0.4360000000E+00      0.4575829542E+03      0.9326966618E+02      0.4924111895E+00
0.4380000000E+00      0.4601126572E+03      0.9451826598E+02      0.4946868352E+00
0.4400000000E+00      0.4626480811E+03      0.9577543253E+02      0.4969420790E+00
0.4420000000E+00      0.4651892388E+03      0.9704114657E+02      0.4991770959E+00
0.4440000000E+00      0.4677361431E+03      0.9831538889E+02      0.5013920628E+00
0.4460000000E+00      0.4702888063E+03      0.9959814040E+02      0.5035871576E+00
0.4480000000E+00      0.4728472408E+03      0.1008893821E+03      0.5057625593E+00
0.4500000000E+00      0.4754114587E+03      0.1021890950E+03      0.5079184481E+00
0.4520000000E+00      0.4779814719E+03      0.1034972604E+03      0.5100550045E+00
0.4540000000E+00      0.4805572921E+03      0.1048138596E+03      0.5121724101E+00
0.4560000000E+00      0.4831389308E+03      0.1061388740E+03      0.5142708467E+00
0.4580000000E+00      0.4857263994E+03      0.1074722851E+03      0.5163504963E+00
0.4600000000E+00      0.4883197090E+03      0.1088140746E+03      0.5184115412E+00
0.4620000000E+00      0.4909188707E+03      0.1101642242E+03      0.5204541637E+00
0.4640000000E+00      0.4935238953E+03      0.1115227159E+03      0.5224785461E+00
0.4660000000E+00      0.4961347933E+03      0.1128895318E+03      0.5244848703E+00
0.4680000000E+00      0.4987515753E+03      0.1142646539E+03      0.5264733182E+00
0.4700000000E+00      0.5013742517E+03      0.1156480645E+03      0.5284440710E+00
0.4720000000E+00      0.5040028324E+03      0.1170397462E+03      0.5303973095E+00
0.4740000000E+00      0.5066373277E+03      0.1184396815E+03      0.5323332139E+00
0.4760000000E+00      0.5092777472E+03      0.1198478531E+03      0.5342519637E+00
0.4780000000E+00      0.5119241006E+03      0.1212642439E+03      0.5361537377E+00
0.4800000000E+00      0.5145763975E+03      0.1226888368E+03      0.5380387138E+00
0.4820000000E+00      0.5172346473E+03      0.1241216151E+03      0.5399070690E+00
0.4840000000E+00      0.5198988592E+03      0.1255625620E+03      0.5417589795E+00
0.4860000000E+00      0.5225690423E+03      0.1270116610E+03      0.5435946201E+00
0.4880000000E+00      0.5252452054E+03      0.1284688956E+03      0.5454141648E+00
0.4900000000E+00      0.5279273575E+03      0.1299342495E+03      0.5472177864E+00
0.4920000000E+00      0.5306155071E+03      0.1314077067E+03      0.5490056603E+00
0.4940000000E+00      0.5333096628E+03      0.1328892512E+03      0.5507779494E+00
0.4960000000E+00      0.5360098331E+03      0.1343788671E+03      0.5525348264E+00
0.4980000000E+00      0.5387160261E+03      0.1358765388E+03      0.5542764593E+00
0.5000000000E+00      0.5414282499E+03      0.1373822507E+03      0.5560030144E+00
0.5020000000E+00      0.5441465127E+03      0.1388959875E+03      0.5577146568E+00
0.5040000000E+00      0.5468708223E+03      0.1404177339E+03      0.5594115502E+00
0.5060000000E+00      0.5496011864E+03      0.1419474749E+03      0.5610938570E+00
0.5080000000E+00      0.5523376126E+03      0.1434851954E+03      0.5627617377E+00
0.5100000000E+00      0.5550801086E+03      0.1450308808E+03      0.5644153518E+00
0.5120000000E+00      0.5578286817E+03      0.1465845163E+03      0.5660548572E+00
0.5140000000E+00      0.5605833391E+03      0.1481460874E+03      0.5676804101E+00
0.5160000000E+00      0.5633440881E+03      0.1497155799E+03      0.5692921653E+00
0.5180000000E+00      0.5661109358E+03      0.1512929794E+03      0.5708902762E+00
0.5200000000E+00      0.5688838890E+03      0.1528782720E+03      0.5724748944E+00
0.5220000000E+00      0.5716629547E+03      0.1544714437E+03      0.5740461702E+00
0.5240000000E+00      0.5744481395E+03      0.1560724806E+03      0.5756042521E+00
0.5260000000E+00      0.5772394501E+03      0.1576813692E+03      0.5771492873E+00
0.5280000000E+00      0.5800368931E+03      0.1592980960E+03      0.5786814212E+00
0.5300000000E+00      0.5828404749E+03      0.1609226476E+03      0.5802007978E+00
0.5320000000E+00      0.5856502018E+03      0.1625550107E+03      0.5817075594E+00
0.5340000000E+00      0.5884660801E+03      0.1641951724E+03      0.5832018468E+00
0.5360000000E+00      0.5912881158E+03      0.1658431195E+03      0.5846837993E+00
0.5380000000E+00      0.5941163152E+03      0.1674988394E+03      0.5861535544E+00
0.5400000000E+00      0.5969506840E+03      0.1691623192E+03      0.5876112484E+00
0.5420000000E+00      0.5997912282E+03      0.1708335466E+03      0.5890570158E+00
0.5440000000E+00      0.6026379536E+03      0.1725125090E+03      0.5904909895E+00
0.5460000000E+00      0.6054908659E+03      0.1741991941E+03      0.5919133010E+00
0.5480000000E+00      0.6083499706E+03      0.1758935898E+03      0.5933240802E+00
0.5500000000E+00      0.6112152733E+03      0.1775956841E+03      0.5947234556E+00
0.5520000000E+00      0.6140867793E+03      0.1793054650E+03      0.5961115539E+00
0.5540000000E+00      0.6169644942E+03      0.1810229209E+03      0.5974885006E+00
0.5560000000E+00      0.6198484231E+03      0.1827480399E+03      0.5988544195E+00
0.5580000000E+00      0.6227385712E+03      0.1844808106E+03      0.6002094329E+00
0.5600000000E+00      0.6256349436E+03      0.1862212215E+03      0.6015536618E+00
0.5620000000E+00      0.6285375455E+03      0.1879692614E+03      0.6028872255E+00
0.5640000000E+00      0.6314463816E+03      0.1897249191E+03      0.6042102420E+00
0.5660000000E+00      0.6343614570E+03      0.1914881836E+03      0.6055228278E+00
0.5680000000E+00      0.6372827764E+03      0.1932590438E+03      0.6068250981E+00
0.5700000000E+00      0.6402103446E+03      0.1950374891E+03      0.6081171664E+00
0.5720000000E+00      0.6431441663E+03      0.1968235086E+03      0.6093991450E+00
0.5740000000E+00      0.6460842460E+03      0.1986170918E+03      0.6106711447E+00
0.5760000000E+00      0.6490305883E+03      0.2004182281E+03      0.6119332751E+00
0.5780000000E+00      0.6519831976E+03      0.2022269073E+03      0.6131856442E+00
0.5800000000E+00      0.6549420783E+03      0.2040431190E+03      0.6144283589E+00
0.5820000000E+00      0.6579072356E+03      0.2058668526E+03      0.6156563264E+00
0.5840000000E+00      0.6608786722E+03      0.2076980990E+03      0.6168800287E+00
0.5860000000E+00      0.6638563930E+03      0.2095368479E+03      0.6180943889E+00
0.5880000000E+00      0.6668404021E+03      0.2113830893E+03      0.6192995086E+00
0.5900000000E+00      0.6698307038E+03      0.2132368135E+03      0.6204954879E+00
0.5920000000E+00      0.6728273019E+03      0.2150980109E+03      0.6216824257E+00
0.5940000000E+00      0.6758302004E+03      0.2169666720E+03      0.6228604197E+00
0.5960000000E+00      0.6788394033E+03      0.2188427873E+03      0.6240295665E+00
0.5980000000E+00      0.6818549144E+03      0.2207263475E+03      0.6251899611E+00
0.6000000000E+00      0.6848767374E+03      0.2226173433E+03      0.6263416975E+00
0.6020000000E+00      0.6879048762E+03      0.2245157656E+03      0.6274848687E+00
0.6040000000E+00      0.6909393343E+03      0.2264216053E+03      0.6286195661E+00
0.6060000000E+00      0.6939801154E+03      0.2283348536E+03      0.6297458803E+00
0.6080000000E+00      0.6970272231E+03      0.2302555015E+03      0.6308639005E+00
0.6100000000E+00      0.7000806608E+03      0.2321835402E+03      0.6319737150E+00
0.6120000000E+00      0.7031404321E+03      0.2341189612E+03      0.6330754107E+00
0.6140000000E+00      0.7062065403E+03      0.2360617557E+03      0.6341690737E+00
0.6160000000E+00      0.7092789889E+03      0.2380119153E+03      0.6352547887E+00
0.6180000000E+00      0.7123577810E+03      0.2399694316E+03      0.6363326395E+00
0.6200000000E+00      0.7154429201E+03      0.2419342963E+03      0.6374027088E+00
0.6220000000E+00      0.7185344093E+03      0.2439065010E+03      0.6384650783E+00
0.6240000000E+00      0.7216322518E+03      0.2458860378E+03      0.6395198285E+00
0.6260000000E+00      0.7247364507E+03      0.2478728983E+03      0.6405670390E+00
0.6280000000E+00      0.7278470090E+03      0.2498670748E+03      0.6416067884E+00
0.6300000000E+00      0.7309639299E+03      0.2518685592E+03      0.6426391542E+00
0.6320000000E+00      0.7340872163E+03      0.2538773437E+03      0.6436642131E+00
0.6340000000E+00      0.7372168711E+03      0.2558934206E+03      0.6446820406E+00
0.6360000000E+00      0.7403528973E+03      0.2579167823E+03      0.6456927114E+00
0.6380000000E+00      0.7434952977E+03      0.2599474210E+03      0.6466962992E+00
0.6400000000E+00      0.7466440752E+03      0.2619853292E+03      0.6476928768E+00
0.6420000000E+00      0.7497992324E+03      0.2640304996E+03      0.6486825160E+00
0.6440000000E+00      0.7529607722E+03      0.2660829248E+03      0.6496652878E+00
0.6460000000E+00      0.7561286973E+03      0.2681425974E+03      0.6506412622E+00
0.6480000000E+00      0.7593030102E+03      0.2702095102E+03      0.6516105083E+00
0.6500000000E+00      0.7624837137E+03      0.2722836561E+03      0.6525730946E+00
0.6520000000E+00      0.7656708103E+03      0.2743650280E+03      0.6535290884E+00
0.6540000000E+00      0.7688643025E+03      0.2764536188E+03      0.6544785563E+00
0.6560000000E+00      0.7720641929E+03      0.2785494217E+03      0.6554215641E+00
0.6580000000E+00      0.7752704839E+03      0.2806524297E+03      0.6563581767E+00
0.6600000000E+00      0.7784831780E+03      0.2827626360E+03      0.6572884582E+00
0.6620000000E+00      0.7817022775E+03      0.2848800339E+03      0.6582124720E+00
0.6640000000E+00      0.7849277849E+03      0.2870046167E+03      0.6591302806E+00
0.6660000000E+00      0.7881597024E+03      0.2891363778E+03      0.6600419458E+00
0.6680000000E+00      0.7913980324E+03      0.2912753106E+03      0.6609475285E+00
0.6700000000E+00      0.7946427771E+03      0.2934214086E+03      0.6618470890E+00
0.6720000000E+00      0.7978939387E+03      0.2955746655E+03      0.6627406868E+00
0.6740000000E+00      0.8011515195E+03      0.2977350749E+03      0.6636283805E+00
0.6760000000E+00      0.8044155216E+03      0.2999026304E+03      0.6645102284E+00
0.6780000000E+00      0.8076859471E+03      0.3020773258E+03      0.6653862876E+00
0.6800000000E+00      0.8109627982E+03      0.3042591550E+03      0.6662566147E+00
0.6820000000E+00      0.8142460770E+03      0.3064481118E+03      0.6671212658E+00
0.6840000000E+00      0.8175357854E+03      0.3086441901E+03      0.6679802960E+00
0.6860000000E+00      0.8208319254E+03      0.3108473840E+03      0.6688337599E+00
0.6880000000E+00      0.8241344992E+03      0.3130576874E+03      0.6696817113E+00
0.6900000000E+00      0.8274435086E+03      0.3152750946E+03      0.6705242035E+00
0.6920000000E+00      0.8307589555E+03      0.3174995996E+03      0.6713612891E+00
0.6940000000E+00      0.8340808419E+03      0.3197311966E+03      0.6721930200E+00
0.6960000000E+00      0.8374091696E+03      0.3219698801E+03      0.6730194476E+00
0.6980000000E+00      0.8407439405E+03      0.3242156441E+03      0.6738406225E+00
0.7000000000E+00      0.8440851564E+03      0.3264684833E+03      0.6746565949E+00
0.7020000000E+00      0.8474328190E+03      0.3287283918E+03      0.6754674142E+00
0.7040000000E+00      0.8507869302E+03      0.3309953644E+03      0.6762731293E+00
0.7060000000E+00      0.8541474917E+03      0.3332693954E+03      0.6770737885E+00
0.7080000000E+00      0.8575145052E+03      0.3355504795E+03      0.6778694396E+00
0.7100000000E+00      0.8608879724E+03      0.3378386112E+03      0.6786601297E+00
0.7120000000E+00      0.8642678950E+03      0.3401337853E+03      0.6794459054E+00
0.7140000000E+00      0.8676542746E+03      0.3424359966E+03      0.6802268127E+00
0.7160000000E+00      0.8710471127E+03      0.3447452397E+03      0.6810027761E+00
0.7180000000E+00      0.8744464111E+03      0.3470615095E+03      0.6817740829E+00
0.7200000000E+00      0.8778521713E+03      0.3493848009E+03      0.6825406563E+00
0.7220000000E+00      0.8812643948E+03      0.3517151087E+03      0.6833025400E+00
0.7240000000E+00      0.8846830832E+03      0.3540524281E+03      0.6840597777E+00
0.7260000000E+00      0.8881082379E+03      0.3563967539E+03      0.6848124120E+00
0.7280000000E+00      0.8915398605E+03      0.3587480812E+03      0.6855604854E+00
0.7300000000E+00      0.8949779524E+03      0.3611064051E+03      0.6863040397E+00
0.7320000000E+00      0.8984225150E+03      0.3634717208E+03      0.6870431164E+00
0.7340000000E+00      0.9018735498E+03      0.3658440234E+03      0.6877777564E+00
0.7360000000E+00      0.9053310581E+03      0.3682233083E+03      0.6885080002E+00
0.7380000000E+00      0.9087950414E+03      0.3706095705E+03      0.6892338876E+00
0.7400000000E+00      0.9122655009E+03      0.3730028055E+03      0.6899554582E+00
0.7420000000E+00      0.9157424380E+03      0.3754030087E+03      0.6906727510E+00
0.7440000000E+00      0.9192258541E+03      0.3778101753E+03      0.6913858048E+00
0.7460000000E+00      0.9227157505E+03      0.3802243009E+03      0.6920946575E+00
0.7480000000E+00      0.9262121283E+03      0.3826453810E+03      0.6927993470E+00
0.7500000000E+00      0.9297149889E+03      0.3850734109E+03      0.6934999105E+00
0.7520000000E+00      0.9332243335E+03      0.3875083864E+03      0.6941963850E+00
0.7540000000E+00      0.9367401634E+03      0.3899503029E+03      0.6948888069E+00
0.7560000000E+00      0.9402624796E+03      0.3923991562E+03      0.6955772121E+00
0.7580000000E+00      0.9437912835E+03      0.3948549419E+03      0.6962488701E+00
0.7600000000E+00      0.9473265762E+03      0.3973176557E+03      0.6969293098E+00
0.7620000000E+00      0.9508683588E+03      0.3997872933E+03      0.6976058385E+00
0.7640000000E+00      0.9544166325E+03      0.4022638506E+03      0.6982784905E+00
0.7660000000E+00      0.9579713984E+03      0.4047473233E+03      0.6989473000E+00
0.7680000000E+00      0.9615326575E+03      0.4072377073E+03      0.6996123007E+00
0.7700000000E+00      0.9651004110E+03      0.4097349985E+03      0.7002735257E+00
0.7720000000E+00      0.9686746600E+03      0.4122391928E+03      0.7009310081E+00
0.7740000000E+00      0.9722554054E+03      0.4147502862E+03      0.7015847805E+00
0.7760000000E+00      0.9758426484E+03      0.4172682747E+03      0.7022348750E+00
0.7780000000E+00      0.9794363899E+03      0.4197931543E+03      0.7028813235E+00
0.7800000000E+00      0.9830366310E+03      0.4223249211E+03      0.7035241575E+00
0.7820000000E+00      0.9866433726E+03      0.4248635711E+03      0.7041634080E+00
0.7840000000E+00      0.9902566157E+03      0.4274091005E+03      0.7047991061E+00
0.7860000000E+00      0.9938763612E+03      0.4299615055E+03      0.7054312820E+00
0.7880000000E+00      0.9975026102E+03      0.4325207822E+03      0.7060599660E+00
0.7900000000E+00      0.1001135364E+04      0.4350869269E+03      0.7066851879E+00
0.7920000000E+00      0.1004774622E+04      0.4376599358E+03      0.7073069771E+00
0.7940000000E+00      0.1008420387E+04      0.4402398053E+03      0.7079253628E+00
0.7960000000E+00      0.1012072659E+04      0.4428265316E+03      0.7085403738E+00
0.7980000000E+00      0.1015731438E+04      0.4454201111E+03      0.7091520388E+00
0.8000000000E+00      0.1019396727E+04      0.4480205402E+03      0.7097603859E+00
0.8020000000E+00      0.1023068525E+04      0.4506278153E+03      0.7103654431E+00
0.8040000000E+00      0.1026746834E+04      0.4532419328E+03      0.7109672380E+00
0.8060000000E+00      0.1030431653E+04      0.4558628892E+03      0.7115657978E+00
0.8080000000E+00      0.1034122985E+04      0.4584906810E+03      0.7121611498E+00
0.8100000000E+00      0.1037820830E+04      0.4611253048E+03      0.7127533205E+00
0.8120000000E+00      0.1041525189E+04      0.4637667570E+03      0.7133423366E+00
0.8140000000E+00      0.1045236062E+04      0.4664150343E+03      0.7139282241E+00
0.8160000000E+00      0.1048953450E+04      0.4690701334E+03      0.7145110091E+00
0.8180000000E+00      0.1052677354E+04      0.4717320507E+03      0.7150907170E+00
0.8200000000E+00      0.1056407775E+04      0.4744007831E+03      0.7156673734E+00
0.8220000000E+00      0.1060144713E+04      0.4770763272E+03      0.7162410032E+00
0.8240000000E+00      0.1063888170E+04      0.4797586797E+03      0.7168116314E+00
0.8260000000E+00      0.1067638145E+04      0.4824478374E+03      0.7173792825E+00
0.8280000000E+00      0.1071394639E+04      0.4851437971E+03      0.7179439809E+00
0.8300000000E+00      0.1075157654E+04      0.4878465555E+03      0.7185057505E+00
0.8320000000E+00      0.1078927190E+04      0.4905561095E+03      0.7190646153E+00
0.8340000000E+00      0.1082703247E+04      0.4932724560E+03      0.7196205989E+00
0.8360000000E+00      0.1086485827E+04      0.4959955918E+03      0.7201737244E+00
0.8380000000E+00      0.1090274929E+04      0.4987255138E+03      0.7207240151E+00
0.8400000000E+00      0.1094070555E+04      0.5014622191E+03      0.7212714937E+00
0.8420000000E+00      0.1097872704E+04      0.5042057044E+03      0.7218161829E+00
0.8440000000E+00      0.1101681379E+04      0.5069559669E+03      0.7223581051E+00
0.8460000000E+00      0.1105496578E+04      0.5097130034E+03      0.7228972825E+00
0.8480000000E+00      0.1109318304E+04      0.5124768112E+03      0.7234337369E+00
0.8500000000E+00      0.1113146555E+04      0.5152473871E+03      0.7239674900E+00
0.8520000000E+00      0.1116981334E+04      0.5180247283E+03      0.7244985634E+00
0.8540000000E+00      0.1120822640E+04      0.5208088319E+03      0.7250269784E+00
0.8560000000E+00      0.1124670475E+04      0.5235996950E+03      0.7255527559E+00
0.8580000000E+00      0.1128524838E+04      0.5263973147E+03      0.7260759168E+00
0.8600000000E+00      0.1132385730E+04      0.5292016882E+03      0.7265964817E+00
0.8620000000E+00      0.1136253151E+04      0.5320128128E+03      0.7271144712E+00
0.8640000000E+00      0.1140127103E+04      0.5348306856E+03      0.7276299053E+00
0.8660000000E+00      0.1144007586E+04      0.5376553039E+03      0.7281428041E+00
0.8680000000E+00      0.1147894599E+04      0.5404866648E+03      0.7286531875E+00
0.8700000000E+00      0.1151788145E+04      0.5433247658E+03      0.7291610750E+00
0.8720000000E+00      0.1155688222E+04      0.5461696041E+03      0.7296664860E+00
0.8740000000E+00      0.1159594832E+04      0.5490211770E+03      0.7301694399E+00
0.8760000000E+00      0.1163507975E+04      0.5518794819E+03      0.7306699556E+00
0.8780000000E+00      0.1167427652E+04      0.5547445161E+03      0.7311680520E+00
0.8800000000E+00      0.1171353862E+04      0.5576162771E+03      0.7316637477E+00
0.8820000000E+00      0.1175286607E+04      0.5604947622E+03      0.7321570613E+00
0.8840000000E+00      0.1179225887E+04      0.5633799689E+03      0.7326480110E+00
0.8860000000E+00      0.1183171702E+04      0.5662718945E+03      0.7331365402E+00
0.8880000000E+00      0.1187124052E+04      0.5691705367E+03      0.7336228166E+00
0.8900000000E+00      0.1191082939E+04      0.5720758928E+03      0.7341067829E+00
0.8920000000E+00      0.1195048362E+04      0.5749879604E+03      0.7345884568E+00
0.8940000000E+00      0.1199020321E+04      0.5779067370E+03      0.7350678557E+00
0.8960000000E+00      0.1202998818E+04      0.5808322202E+03      0.7355449968E+00
0.8980000000E+00      0.1206983853E+04      0.5837644075E+03      0.7360198974E+00
0.9000000000E+00      0.1210975425E+04      0.5867032965E+03      0.7364925742E+00
0.9020000000E+00      0.1214973536E+04      0.5896488848E+03      0.7369630440E+00
0.9040000000E+00      0.1218978186E+04      0.5926011700E+03      0.7374313235E+00
0.9060000000E+00      0.1222989374E+04      0.5955601498E+03      0.7378974291E+00
0.9080000000E+00      0.1227007102E+04      0.5985258219E+03      0.7383613771E+00
0.9100000000E+00      0.1231031370E+04      0.6014981838E+03      0.7388231836E+00
0.9120000000E+00      0.1235062177E+04      0.6044772334E+03      0.7392828646E+00
0.9140000000E+00      0.1239099525E+04      0.6074629683E+03      0.7397404359E+00
0.9160000000E+00      0.1243143413E+04      0.6104553862E+03      0.7401959131E+00
0.9180000000E+00      0.1247193843E+04      0.6134544850E+03      0.7406493119E+00
0.9200000000E+00      0.1251250814E+04      0.6164602623E+03      0.7411006476E+00
0.9220000000E+00      0.1255314326E+04      0.6194727161E+03      0.7415499354E+00
0.9240000000E+00      0.1259384380E+04      0.6224918439E+03      0.7419971904E+00
0.9260000000E+00      0.1263460976E+04      0.6255176438E+03      0.7424424275E+00
0.9280000000E+00      0.1267544115E+04      0.6285501135E+03      0.7428856616E+00
0.9300000000E+00      0.1271633796E+04      0.6315892508E+03      0.7433269074E+00
0.9320000000E+00      0.1275730021E+04      0.6346350537E+03      0.7437661793E+00
0.9340000000E+00      0.1279832788E+04      0.6376875201E+03      0.7442034917E+00
0.9360000000E+00      0.1283942099E+04      0.6407466478E+03      0.7446388590E+00
0.9380000000E+00      0.1288057954E+04      0.6438124347E+03      0.7450722953E+00
0.9400000000E+00      0.1292180353E+04      0.6468848788E+03      0.7455038145E+00
0.9420000000E+00      0.1296309295E+04      0.6499639781E+03      0.7459334305E+00
0.9440000000E+00      0.1300444783E+04      0.6530497305E+03      0.7463611571E+00
0.9460000000E+00      0.1304586815E+04      0.6561421339E+03      0.7467870078E+00
0.9480000000E+00      0.1308735392E+04      0.6592411865E+03      0.7472109962E+00
0.9500000000E+00      0.1312890513E+04      0.6623468862E+03      0.7476331357E+00
0.9520000000E+00      0.1317052181E+04      0.6654592310E+03      0.7480534394E+00
0.9540000000E+00      0.1321220393E+04      0.6685782190E+03      0.7484719205E+00
0.9560000000E+00      0.1325395152E+04      0.6717038483E+03      0.7488885920E+00
0.9580000000E+00      0.1329576456E+04      0.6748361168E+03      0.7493034667E+00
0.9600000000E+00      0.1333764307E+04      0.6779750228E+03      0.7497165575E+00
0.9620000000E+00      0.1337958703E+04      0.6811205652E+03      0.7501414211E+00
0.9640000000E+00      0.1342159646E+04      0.6842727403E+03      0.7505510085E+00
0.9660000000E+00      0.1346367136E+04      0.6874315472E+03      0.7509588497E+00
0.9680000000E+00      0.1350581173E+04      0.6905969840E+03      0.7513649568E+00
0.9700000000E+00      0.1354801756E+04      0.6937690489E+03      0.7517693421E+00
0.9720000000E+00      0.1359028887E+04      0.6969477401E+03      0.7521720176E+00
0.9740000000E+00      0.1363262566E+04      0.7001330557E+03      0.7525729954E+00
0.9760000000E+00      0.1367502791E+04      0.7033249940E+03      0.7529722873E+00
0.9780000000E+00      0.1371749565E+04      0.7065235531E+03      0.7533699051E+00
0.9800000000E+00      0.1376002886E+04      0.7097287314E+03      0.7537658605E+00
0.9820000000E+00      0.1380262755E+04      0.7129405270E+03      0.7541601649E+00
0.9840000000E+00      0.1384529172E+04      0.7161589383E+03      0.7545528298E+00
0.9860000000E+00      0.1388802138E+04      0.7193839634E+03      0.7549438667E+00
0.9880000000E+00      0.1393081652E+04      0.7226156007E+03      0.7553332867E+00
0.9900000000E+00      0.1397367714E+04      0.7258538485E+03      0.7557211010E+00
0.9920000000E+00      0.1401660325E+04      0.7290987051E+03      0.7561073207E+00
0.9940000000E+00      0.1405959484E+04      0.7323501688E+03      0.7564919567E+00
0.9960000000E+00      0.1410265192E+04      0.7356082379E+03      0.7568750198E+00
0.9980000000E+00      0.1414577450E+04      0.7388729109E+03      0.7572565209E+00
0.1000000000E+01      0.1418896256E+04      0.7421441861E+03      0.7576364706E+00
0.1002000000E+01      0.1423221611E+04      0.7454220618E+03      0.7580148794E+00
0.1004000000E+01      0.1427553516E+04      0.7487065364E+03      0.7583917579E+00
0.1006000000E+01      0.1431891970E+04      0.7519976085E+03      0.7587671164E+00
0.1008000000E+01      0.1436236974E+04      0.7552952762E+03      0.7591409653E+00
0.1010000000E+01      0.1440588527E+04      0.7585995382E+03      0.7595133147E+00
0.1012000000E+01      0.1444946630E+04      0.7619103928E+03      0.7598841748E+00
0.1014000000E+01      0.1449311282E+04      0.7652278385E+03      0.7602535556E+00
0.1016000000E+01      0.1453682484E+04      0.7685518737E+03      0.7606214671E+00
0.1018000000E+01      0.1458060236E+04      0.7718824970E+03      0.7609879190E+00
0.1020000000E+01      0.1462444538E+04      0.7752197068E+03      0.7613529213E+00
0.1022000000E+01      0.1466835390E+04      0.7785635016E+03      0.7617164836E+00
0.1024000000E+01      0.1471232792E+04      0.7819138799E+03      0.7620786154E+00
0.1026000000E+01      0.1475636744E+04      0.7852708403E+03      0.7624393263E+00
0.1028000000E+01      0.1480047247E+04      0.7886343813E+03      0.7627986258E+00
0.1030000000E+01      0.1484464299E+04      0.7920045014E+03      0.7631565232E+00
0.1032000000E+01      0.1488887902E+04      0.7953811992E+03      0.7635130278E+00
0.1034000000E+01      0.1493318055E+04      0.7987644732E+03      0.7638681489E+00
0.1036000000E+01      0.1497754759E+04      0.8021543221E+03      0.7642218954E+00
0.1038000000E+01      0.1502198013E+04      0.8055507444E+03      0.7645742766E+00
0.1040000000E+01      0.1506647818E+04      0.8089537387E+03      0.7649253012E+00
0.1042000000E+01      0.1511104173E+04      0.8123633037E+03      0.7652749784E+00
0.1044000000E+01      0.1515567079E+04      0.8157794379E+03      0.7656233167E+00
0.1046000000E+01      0.1520036535E+04      0.8192021401E+03      0.7659703251E+00
0.1048000000E+01      0.1524512542E+04      0.8226314088E+03      0.7663160122E+00
0.1050000000E+01      0.1528995100E+04      0.8260672426E+03      0.7666603865E+00
0.1052000000E+01      0.1533484208E+04      0.8295096404E+03      0.7670034566E+00
0.1054000000E+01      0.1537979868E+04      0.8329586007E+03      0.7673452310E+00
0.1056000000E+01      0.1542482077E+04      0.8364141222E+03      0.7676857181E+00
0.1058000000E+01      0.1546990838E+04      0.8398762037E+03      0.7680249260E+00
0.1060000000E+01      0.1551506149E+04      0.8433448438E+03      0.7683628632E+00
0.1062000000E+01      0.1556028012E+04      0.8468200413E+03      0.7686995377E+00
0.1064000000E+01      0.1560556425E+04      0.8503017948E+03      0.7690349577E+00
0.1066000000E+01      0.1565091388E+04      0.8537901032E+03      0.7693691312E+00
0.1068000000E+01      0.1569632903E+04      0.8572849651E+03      0.7697020662E+00
0.1070000000E+01      0.1574180968E+04      0.8607863793E+03      0.7700337706E+00
0.1072000000E+01      0.1578735585E+04      0.8642943447E+03      0.7703642522E+00
0.1074000000E+01      0.1583296752E+04      0.8678088599E+03      0.7706935188E+00
0.1076000000E+01      0.1587864470E+04      0.8713299238E+03      0.7710215781E+00
0.1078000000E+01      0.1592438738E+04      0.8748575351E+03      0.7713484378E+00
0.1080000000E+01      0.1597019558E+04      0.8783916927E+03      0.7716741054E+00
0.1082000000E+01      0.1601606928E+04      0.8819323953E+03      0.7719985885E+00
0.1084000000E+01      0.1606200849E+04      0.8854796419E+03      0.7723218946E+00
0.1086000000E+01      0.1610801321E+04      0.8890334312E+03      0.7726440309E+00
0.1088000000E+01      0.1615408344E+04      0.8925937621E+03      0.7729650050E+00
0.1090000000E+01      0.1620021917E+04      0.8961606334E+03      0.7732848239E+00
0.1092000000E+01      0.1624642041E+04      0.8997340440E+03      0.7736034086E+00
0.1094000000E+01      0.1629268716E+04      0.9033139928E+03      0.7739209392E+00
0.1096000000E+01      0.1633901941E+04      0.9069004786E+03      0.7742373363E+00
0.1098000000E+01      0.1638541717E+04      0.9104935003E+03      0.7745526068E+00
0.1100000000E+01      0.1643188044E+04      0.9140930569E+03      0.7748667578E+00
0.1102000000E+01      0.1647840921E+04      0.9176991472E+03      0.7751797962E+00
0.1104000000E+01      0.1652500349E+04      0.9213117702E+03      0.7754917288E+00
0.1106000000E+01      0.1657166328E+04      0.9249309247E+03      0.7758025626E+00
0.1108000000E+01      0.1661838857E+04      0.9285566098E+03      0.7761123041E+00
0.1110000000E+01      0.1666517936E+04      0.9321888243E+03      0.7764209603E+00
0.1112000000E+01      0.1671203566E+04      0.9358275672E+03      0.7767285377E+00
0.1114000000E+01      0.1675895746E+04      0.9394728374E+03      0.7770350429E+00
0.1116000000E+01      0.1680594476E+04      0.9431246340E+03      0.7773404824E+00
0.1118000000E+01      0.1685299757E+04      0.9467829559E+03      0.7776448628E+00
0.1120000000E+01      0.1690011588E+04      0.9504478021E+03      0.7779481905E+00
0.1122000000E+01      0.1694729969E+04      0.9541191715E+03      0.7782504720E+00
0.1124000000E+01      0.1699454900E+04      0.9577970632E+03      0.7785517135E+00
0.1126000000E+01      0.1704186382E+04      0.9614814762E+03      0.7788519213E+00
0.1128000000E+01      0.1708924413E+04      0.9651724095E+03      0.7791511017E+00
0.1130000000E+01      0.1713668994E+04      0.9688698621E+03      0.7794492609E+00
0.1132000000E+01      0.1718420126E+04      0.9725738330E+03      0.7797464050E+00
0.1134000000E+01      0.1723177807E+04      0.9762843214E+03      0.7800425400E+00
0.1136000000E+01      0.1727942038E+04      0.9800013262E+03      0.7803376722E+00
0.1138000000E+01      0.1732712819E+04      0.9837248465E+03      0.7806318074E+00
0.1140000000E+01      0.1737490149E+04      0.9874548813E+03      0.7809249517E+00
0.1142000000E+01      0.1742274029E+04      0.9911914298E+03      0.7812171108E+00
0.1144000000E+01      0.1747064459E+04      0.9949344909E+03      0.7815082907E+00
0.1146000000E+01      0.1751861438E+04      0.9986840639E+03      0.7817984972E+00
0.1148000000E+01      0.1756664967E+04      0.1002440148E+04      0.7820877361E+00
0.1150000000E+01      0.1761475045E+04      0.1006202742E+04      0.7823672171E+00
0.1152000000E+01      0.1766291672E+04      0.1009971844E+04      0.7826545075E+00
0.1154000000E+01      0.1771114849E+04      0.1013747456E+04      0.7829408472E+00
0.1156000000E+01      0.1775944574E+04      0.1017529574E+04      0.7832262418E+00
0.1158000000E+01      0.1780780849E+04      0.1021318199E+04      0.7835106968E+00
0.1160000000E+01      0.1785623673E+04      0.1025113329E+04      0.7837942178E+00
0.1162000000E+01      0.1790473046E+04      0.1028914965E+04      0.7840768102E+00
0.1164000000E+01      0.1795328967E+04      0.1032723104E+04      0.7843584795E+00
0.1166000000E+01      0.1800191438E+04      0.1036537746E+04      0.7846392309E+00
0.1168000000E+01      0.1805060457E+04      0.1040358890E+04      0.7849190699E+00
0.1170000000E+01      0.1809936025E+04      0.1044186536E+04      0.7851980016E+00
0.1172000000E+01      0.1814818141E+04      0.1048020683E+04      0.7854760315E+00
0.1174000000E+01      0.1819706806E+04      0.1051861329E+04      0.7857531646E+00
0.1176000000E+01      0.1824602019E+04      0.1055708474E+04      0.7860294062E+00
0.1178000000E+01      0.1829503780E+04      0.1059562117E+04      0.7863047614E+00
0.1180000000E+01      0.1834412090E+04      0.1063422257E+04      0.7865792353E+00
0.1182000000E+01      0.1839326947E+04      0.1067288894E+04      0.7868528329E+00
0.1184000000E+01      0.1844248353E+04      0.1071162027E+04      0.7871255592E+00
0.1186000000E+01      0.1849176307E+04      0.1075041655E+04      0.7873974192E+00
0.1188000000E+01      0.1854110808E+04      0.1078927777E+04      0.7876684179E+00
0.1190000000E+01      0.1859051857E+04      0.1082820393E+04      0.7879385601E+00
0.1192000000E+01      0.1863999454E+04      0.1086719501E+04      0.7882078508E+00
0.1194000000E+01      0.1868953599E+04      0.1090625102E+04      0.7884762947E+00
0.1196000000E+01      0.1873914291E+04      0.1094537193E+04      0.7887438966E+00
0.1198000000E+01      0.1878881530E+04      0.1098455775E+04      0.7890106613E+00
0.1200000000E+01      0.1883855317E+04      0.1102380847E+04      0.7892765936E+00
