      Rhob                Epsilon              Pressure               SoundV
0.4730000000E-14      0.4409040000E-11      0.6303830000E-24      0.2528270000E-09
0.4760000000E-14      0.4431480000E-11      0.6303830000E-23      0.3286900000E-09
0.4910000000E-14      0.4571720000E-11      0.6303830000E-22      0.3811090000E-09
0.6990000000E-14      0.6506980000E-11      0.7552120000E-21      0.1661210000E-08
0.9900000000E-14      0.9199530000E-11      0.8737990000E-20      0.4506330000E-08
0.2720000000E-13      0.2529870000E-10      0.1061040000E-18      0.2185710000E-07
0.1270000000E-12      0.1189210000E-09      0.3632510000E-17      0.1280710000E-06
0.6930000000E-12      0.6450890000E-09      0.1185870000E-15      0.6813760000E-06
0.6295000000E-11      0.5856290000E-08      0.6081640000E-14      0.1980100000E-05
0.1581000000E-10      0.1470800000E-07      0.3100740000E-13      0.4121830000E-05
0.3972000000E-10      0.3694960000E-07      0.1517290000E-12      0.7788630000E-05
0.9976000000E-10      0.9278060000E-07      0.7183870000E-12      0.1422460000E-04
0.2506000000E-09      0.2331300000E-06      0.3286730000E-11      0.2500930000E-04
0.6294000000E-09      0.5856290000E-06      0.1446760000E-10      0.4207890000E-04
0.1581000000E-08      0.1470800000E-05      0.6088500000E-10      0.6739699893E-04
0.3972000000E-08      0.3695520000E-05      0.2441020000E-09      0.8516180000E-04
0.5000000000E-08      0.4651930000E-05      0.3282360000E-09      0.1052360000E-03
0.9976000000E-08      0.9283670000E-05      0.8956430000E-09      0.1422520000E-03
0.1990000000E-07      0.1852250000E-04      0.2392340000E-08      0.1863930000E-03
0.3972000000E-07      0.3696080000E-04      0.6278870000E-08      0.2408930000E-03
0.7924000000E-07      0.7376450000E-04      0.1625270000E-07      0.3085620000E-03
0.1581000000E-06      0.1471920000E-03      0.4166770000E-07      0.3417580000E-03
0.1990000000E-06      0.1853370000E-03      0.5453750000E-07      0.3860480000E-03
0.3155000000E-06      0.2937680000E-03      0.1016730000E-06      0.4315500000E-03
0.5000000000E-06      0.4656420000E-03      0.1890530000E-06      0.4889620000E-03
0.6294000000E-06      0.5861890000E-03      0.2577080000E-06      0.5509610000E-03
0.7924000000E-06      0.7382060000E-03      0.3143180000E-06      0.6137740000E-03
0.9976000000E-06      0.9294890000E-03      0.4281610000E-06      0.6540150000E-03
0.1581000000E-05      0.1470000000E-02      0.7939080000E-06      0.7285460000E-03
0.2506000000E-05      0.2340000000E-02      0.1470480000E-05      0.8500470000E-03
0.3972000000E-05      0.3700000000E-02      0.2722510000E-05      0.8906300000E-03
0.5000000000E-05      0.4660000000E-02      0.3533890000E-05      0.9510480000E-03
0.6294000000E-05      0.5870000000E-02      0.4807140000E-05      0.1100000000E-02
0.7924000000E-05      0.7390000000E-02      0.6541010000E-05      0.1180000000E-02
0.9976000000E-05      0.9310000000E-02      0.8894020000E-05      0.1280000000E-02
0.1256000000E-04      0.1172000000E-01      0.1209590000E-04      0.1300000000E-02
0.1581000000E-04      0.1476000000E-01      0.1562230000E-04      0.1320000000E-02
0.1990000000E-04      0.1858000000E-01      0.2124580000E-04      0.1390000000E-02
0.2506000000E-04      0.2340000000E-01      0.2888530000E-04      0.1470000000E-02
0.3155000000E-04      0.2947000000E-01      0.3713020000E-04      0.1550000000E-02
0.3972000000E-04      0.3712000000E-01      0.5048680000E-04      0.1820000000E-02
0.5000000000E-04      0.4674000000E-01      0.6865560000E-04      0.1960000000E-02
0.6294000000E-04      0.5884000000E-01      0.9330920000E-04      0.2110000000E-02
0.7924000000E-04      0.7416000000E-01      0.1268880000E-03      0.2150000000E-02
0.9976000000E-04      0.9334000000E-01      0.1620900000E-03      0.2190000000E-02
0.1105000000E-03      0.1034400000E+00      0.1805020000E-03      0.2220000000E-02
0.1256000000E-03      0.1175700000E+00      0.2053430000E-03      0.2270000000E-02
0.1581000000E-03      0.1480900000E+00      0.2791790000E-03      0.2300000000E-02
0.1990000000E-03      0.1865100000E+00      0.3630010000E-03      0.2350000000E-02
0.2506000000E-03      0.2349200000E+00      0.4704780000E-03      0.2420000000E-02
0.2572000000E-03      0.2411500000E+00      0.4871430000E-03      0.1640000000E-02
0.2670000000E-03      0.2502100000E+00      0.4925360000E-03      0.6323770000E-03
0.3126000000E-03      0.2932300000E+00      0.5213460000E-03      0.6351150000E-03
0.3951000000E-03      0.3707800000E+00      0.5679160000E-03      0.6395500000E-03
0.4759000000E-03      0.4467600000E+00      0.6136960000E-03      0.6456670000E-03
0.5812000000E-03      0.5456200000E+00      0.6758550000E-03      0.6505920000E-03
0.7143000000E-03      0.6709200000E+00      0.7601150000E-03      0.7025890000E-03
0.8786000000E-03      0.8252300000E+00      0.8731850000E-03      0.7646840000E-03
0.1077000000E-02      0.1012500000E+01      0.1020000000E-02      0.8354260000E-03
0.1314000000E-02      0.1235290000E+01      0.1220000000E-02      0.9276850000E-03
0.1748000000E-02      0.1643560000E+01      0.1620000000E-02      0.1000000000E-02
0.2000000000E-02      0.1880850000E+01      0.2000000000E-02      0.1100000000E-02
0.4000000000E-02      0.3764610000E+01      0.4510000000E-02      0.1460000000E-02
0.6000000000E-02      0.5649800000E+01      0.7500000000E-02      0.1680000000E-02
0.8000000000E-02      0.7536070000E+01      0.1086000000E-01      0.1880000000E-02
0.1000000000E-01      0.9423230000E+01      0.1458000000E-01      0.2070000000E-02
0.1200000000E-01      0.1131116000E+02      0.1867000000E-01      0.2280000000E-02
0.1400000000E-01      0.1319982000E+02      0.2318000000E-01      0.2510000000E-02
0.1600000000E-01      0.1508915000E+02      0.2814000000E-01      0.2760000000E-02
0.1800000000E-01      0.1697914000E+02      0.3361000000E-01      0.3040000000E-02
0.2000000000E-01      0.1886976000E+02      0.3965000000E-01      0.3340000000E-02
0.2200000000E-01      0.2076101000E+02      0.4624000000E-01      0.3660000000E-02
0.2400000000E-01      0.2265290000E+02      0.5348000000E-01      0.3990000000E-02
0.2600000000E-01      0.2454541000E+02      0.6133000000E-01      0.4330000000E-02
0.2800000000E-01      0.2643855000E+02      0.6988000000E-01      0.4680000000E-02
0.3000000000E-01      0.2833233000E+02      0.7906000000E-01      0.5030000000E-02
0.3200000000E-01      0.3022674000E+02      0.8895000000E-01      0.5390000000E-02
0.3400000000E-01      0.3212179000E+02      0.9948000000E-01      0.5740000000E-02
0.3600000000E-01      0.3401748000E+02      0.1107200000E+00      0.6090000000E-02
0.3800000000E-01      0.3591381000E+02      0.1225900000E+00      0.6440000000E-02
0.4000000000E-01      0.3781078000E+02      0.1351400000E+00      0.6790000000E-02
0.4200000000E-01      0.3970840000E+02      0.1483400000E+00      0.7110000000E-02
0.4400000000E-01      0.4160666000E+02      0.1621100000E+00      0.7420000000E-02
0.4600000000E-01      0.4350556000E+02      0.1765200000E+00      0.7740000000E-02
0.4800000000E-01      0.4540510000E+02      0.1915000000E+00      0.8040000000E-02
0.5000000000E-01      0.4730528000E+02      0.2070600000E+00      0.8310000000E-02
0.5200000000E-01      0.4920608000E+02      0.2230900000E+00      0.8580000000E-02
0.5400000000E-01      0.5110752000E+02      0.2396900000E+00      0.8870000000E-02
0.5600000000E-01      0.5300958000E+02      0.2568200000E+00      0.9120000000E-02
0.5800000000E-01      0.5491227000E+02      0.2743700000E+00      0.9340000000E-02
0.6000000000E-01      0.5681556000E+02      0.2923800000E+00      0.9690000000E-02
0.6200000000E-01      0.5871946000E+02      0.3101200000E+00      0.1002000000E-01
0.6400000000E-01      0.6062394000E+02      0.3290400000E+00      0.1028000000E-01
0.6600000000E-01      0.6252904000E+02      0.3483400000E+00      0.1069000000E-01
0.6800000000E-01      0.6443473000E+02      0.3679800000E+00      0.1101000000E-01
0.7000000000E-01      0.6634095000E+02      0.3861300000E+00      0.1136000000E-01
0.7200000000E-01      0.6824779000E+02      0.4067700000E+00      0.1168000000E-01
0.7400000000E-01      0.7010640122E+02      0.4380421649E+00      0.1472671352E-01
0.7600000000E-01      0.7201338895E+02      0.4666866284E+00      0.1530161790E-01
0.7800000000E-01      0.7392114509E+02      0.4964475347E+00      0.1588494501E-01
0.8000000000E-01      0.7582967880E+02      0.5273428988E+00      0.1647763245E-01
0.8200000000E-01      0.7773899924E+02      0.5593926634E+00      0.1708071955E-01
0.8400000000E-01      0.7964911565E+02      0.5926188913E+00      0.1769534017E-01
0.8600000000E-01      0.8156003736E+02      0.6270459434E+00      0.1832271538E-01
0.8800000000E-01      0.8347177388E+02      0.6627006444E+00      0.1896414623E-01
0.9000000000E-01      0.8538433493E+02      0.6996124339E+00      0.1962100639E-01
0.9200000000E-01      0.8729773047E+02      0.7378135062E+00      0.2029473498E-01
0.9400000000E-01      0.8921197075E+02      0.7773389351E+00      0.2098682942E-01
0.9600000000E-01      0.9112706639E+02      0.8182267862E+00      0.2169883840E-01
0.9800000000E-01      0.9304302836E+02      0.8605182171E+00      0.2243235499E-01
0.1000000000E+00      0.9495986809E+02      0.9042575643E+00      0.2318900987E-01
0.1020000000E+00      0.9687759743E+02      0.9494924182E+00      0.2397046477E-01
0.1040000000E+00      0.9879622876E+02      0.9962736866E+00      0.2477840608E-01
0.1060000000E+00      0.1007157750E+03      0.1044655646E+01      0.2561453858E-01
0.1080000000E+00      0.1026362496E+03      0.1094695980E+01      0.2648057939E-01
0.1100000000E+00      0.1045576667E+03      0.1146455813E+01      0.2737825219E-01
0.1120000000E+00      0.1064800409E+03      0.1199999725E+01      0.2830928142E-01
0.1140000000E+00      0.1084033870E+03      0.1255174437E+01      0.2886726357E-01
0.1160000000E+00      0.1103277093E+03      0.1311346274E+01      0.2953996161E-01
0.1180000000E+00      0.1122530126E+03      0.1369021672E+01      0.3037148899E-01
0.1200000000E+00      0.1141793078E+03      0.1428419415E+01      0.3129014854E-01
0.1220000000E+00      0.1161066084E+03      0.1489688182E+01      0.3227736223E-01
0.1240000000E+00      0.1180349295E+03      0.1552954268E+01      0.3332571046E-01
0.1260000000E+00      0.1199642878E+03      0.1618334485E+01      0.3443179640E-01
0.1280000000E+00      0.1218947014E+03      0.1685941406E+01      0.3559407088E-01
0.1300000000E+00      0.1238261895E+03      0.1755885954E+01      0.3681195779E-01
0.1320000000E+00      0.1257587722E+03      0.1828278830E+01      0.3808543833E-01
0.1340000000E+00      0.1276924711E+03      0.1903231357E+01      0.3941482925E-01
0.1360000000E+00      0.1296273083E+03      0.1980856004E+01      0.4080065421E-01
0.1380000000E+00      0.1315633074E+03      0.2061266717E+01      0.4224011507E-01
0.1400000000E+00      0.1335004927E+03      0.2144579122E+01      0.4374075969E-01
0.1420000000E+00      0.1354388895E+03      0.2230910648E+01      0.4529997996E-01
0.1440000000E+00      0.1373785241E+03      0.2320380599E+01      0.4691855255E-01
0.1460000000E+00      0.1393194238E+03      0.2413110167E+01      0.4859724838E-01
0.1480000000E+00      0.1412616168E+03      0.2509222437E+01      0.5033681832E-01
0.1500000000E+00      0.1432051321E+03      0.2608842348E+01      0.5213798194E-01
0.1520000000E+00      0.1451499996E+03      0.2712096644E+01      0.5400141883E-01
0.1540000000E+00      0.1470962502E+03      0.2819113944E+01      0.5593233519E-01
0.1560000000E+00      0.1490439158E+03      0.2930024144E+01      0.5792223337E-01
0.1580000000E+00      0.1509930289E+03      0.3044959101E+01      0.5997613642E-01
0.1600000000E+00      0.1529436230E+03      0.3164052028E+01      0.6209450371E-01
0.1620000000E+00      0.1548957324E+03      0.3287437518E+01      0.6427772916E-01
0.1640000000E+00      0.1568493921E+03      0.3415251432E+01      0.6652613840E-01
0.1660000000E+00      0.1588046382E+03      0.3547630790E+01      0.6883998637E-01
0.1680000000E+00      0.1607615074E+03      0.3684713651E+01      0.7121945531E-01
0.1700000000E+00      0.1627200371E+03      0.3826638988E+01      0.7366465326E-01
0.1720000000E+00      0.1646802655E+03      0.3973546483E+01      0.7617395664E-01
0.1740000000E+00      0.1666422318E+03      0.4125576733E+01      0.7875059563E-01
0.1760000000E+00      0.1686059756E+03      0.4282870618E+01      0.8139283051E-01
0.1780000000E+00      0.1705715374E+03      0.4445569505E+01      0.8410046252E-01
0.1800000000E+00      0.1725389581E+03      0.4613815030E+01      0.8687321515E-01
0.1820000000E+00      0.1745082797E+03      0.4787748968E+01      0.8971073422E-01
0.1840000000E+00      0.1764795444E+03      0.4967513096E+01      0.9261258824E-01
0.1860000000E+00      0.1784527954E+03      0.5153249063E+01      0.9557826887E-01
0.1880000000E+00      0.1804280762E+03      0.5345098253E+01      0.9860719176E-01
0.1900000000E+00      0.1824054309E+03      0.5543201657E+01      0.1016986973E+00
0.1920000000E+00      0.1843849045E+03      0.5747699739E+01      0.1048520522E+00
0.1940000000E+00      0.1863665420E+03      0.5958732305E+01      0.1080664504E+00
0.1960000000E+00      0.1883503894E+03      0.6176438377E+01      0.1113410146E+00
0.1980000000E+00      0.1903364928E+03      0.6400956065E+01      0.1146747984E+00
0.2000000000E+00      0.1923248990E+03      0.6632422445E+01      0.1180667878E+00
0.2020000000E+00      0.1943156550E+03      0.6870973436E+01      0.1215159682E+00
0.2040000000E+00      0.1963088085E+03      0.7116743674E+01      0.1250210676E+00
0.2060000000E+00      0.1983044074E+03      0.7369866411E+01      0.1285809469E+00
0.2080000000E+00      0.2003024999E+03      0.7630473390E+01      0.1321943442E+00
0.2100000000E+00      0.2023031347E+03      0.7898694744E+01      0.1358599417E+00
0.2120000000E+00      0.2043063606E+03      0.8174658885E+01      0.1395763686E+00
0.2140000000E+00      0.2063122270E+03      0.8458492403E+01      0.1433422037E+00
0.2160000000E+00      0.2083207832E+03      0.8750319973E+01      0.1471559786E+00
0.2180000000E+00      0.2103320788E+03      0.9050264259E+01      0.1510161805E+00
0.2200000000E+00      0.2123461639E+03      0.9358445824E+01      0.1549212553E+00
0.2220000000E+00      0.2143630885E+03      0.9674983049E+01      0.1588696109E+00
0.2240000000E+00      0.2163829027E+03      0.9999992052E+01      0.1628596204E+00
0.2260000000E+00      0.2184056570E+03      0.1033358661E+02      0.1668896251E+00
0.2280000000E+00      0.2204314017E+03      0.1067587811E+02      0.1709579380E+00
0.2300000000E+00      0.2224601875E+03      0.1102697544E+02      0.1750628470E+00
0.2320000000E+00      0.2244920649E+03      0.1138698499E+02      0.1792026182E+00
0.2340000000E+00      0.2265270846E+03      0.1175601052E+02      0.1833754992E+00
0.2360000000E+00      0.2285652971E+03      0.1213415321E+02      0.1875797224E+00
0.2380000000E+00      0.2306067532E+03      0.1252151152E+02      0.1918135082E+00
0.2400000000E+00      0.2326515033E+03      0.1291818120E+02      0.1960750683E+00
0.2420000000E+00      0.2346995981E+03      0.1332425525E+02      0.2003626086E+00
0.2440000000E+00      0.2367510880E+03      0.1373982390E+02      0.2046743327E+00
0.2460000000E+00      0.2388060233E+03      0.1416497455E+02      0.2090084448E+00
0.2480000000E+00      0.2408644543E+03      0.1459979181E+02      0.2133632226E+00
0.2500000000E+00      0.2429264310E+03      0.1504435740E+02      0.2177323252E+00
0.2520000000E+00      0.2449920035E+03      0.1549875024E+02      0.2221227360E+00
0.2540000000E+00      0.2470612215E+03      0.1596304636E+02      0.2265284110E+00
0.2560000000E+00      0.2491341345E+03      0.1643731895E+02      0.2309476000E+00
0.2580000000E+00      0.2512107918E+03      0.1692163835E+02      0.2353785693E+00
0.2600000000E+00      0.2532912427E+03      0.1741607204E+02      0.2398196050E+00
0.2620000000E+00      0.2553755360E+03      0.1792068469E+02      0.2442690147E+00
0.2640000000E+00      0.2574637203E+03      0.1843553817E+02      0.2487224678E+00
0.2660000000E+00      0.2595558439E+03      0.1896069148E+02      0.2531835677E+00
0.2680000000E+00      0.2616519549E+03      0.1949620090E+02      0.2576481142E+00
0.2700000000E+00      0.2637521009E+03      0.2004211997E+02      0.2621145215E+00
0.2720000000E+00      0.2658563294E+03      0.2059849949E+02      0.2665812351E+00
0.2740000000E+00      0.2679646876E+03      0.2116538760E+02      0.2710467330E+00
0.2760000000E+00      0.2700772220E+03      0.2174282976E+02      0.2755095272E+00
0.2780000000E+00      0.2721939791E+03      0.2233086885E+02      0.2799681649E+00
0.2800000000E+00      0.2743150049E+03      0.2292954516E+02      0.2844212298E+00
0.2820000000E+00      0.2764403450E+03      0.2353889647E+02      0.2888673429E+00
0.2840000000E+00      0.2785700446E+03      0.2415895805E+02      0.2933051633E+00
0.2860000000E+00      0.2807041482E+03      0.2478976293E+02      0.2977383599E+00
0.2880000000E+00      0.2828427011E+03      0.2543134127E+02      0.3021558532E+00
0.2900000000E+00      0.2849857468E+03      0.2608372137E+02      0.3065612693E+00
0.2920000000E+00      0.2871333289E+03      0.2674692908E+02      0.3109534267E+00
0.2940000000E+00      0.2892854907E+03      0.2742098802E+02      0.3153311848E+00
0.2960000000E+00      0.2914422748E+03      0.2810591964E+02      0.3196934442E+00
0.2980000000E+00      0.2936037235E+03      0.2880174329E+02      0.3240391469E+00
0.3000000000E+00      0.2957698788E+03      0.2950847624E+02      0.3283672756E+00
0.3020000000E+00      0.2979407820E+03      0.3022613373E+02      0.3326768548E+00
0.3040000000E+00      0.3001164741E+03      0.3095472909E+02      0.3369669497E+00
0.3060000000E+00      0.3022969955E+03      0.3169427373E+02      0.3412366661E+00
0.3080000000E+00      0.3044823863E+03      0.3244477724E+02      0.3454851506E+00
0.3100000000E+00      0.3066726860E+03      0.3320624743E+02      0.3497115897E+00
0.3120000000E+00      0.3088679339E+03      0.3397869036E+02      0.3539152097E+00
0.3140000000E+00      0.3110681684E+03      0.3476211048E+02      0.3580952757E+00
0.3160000000E+00      0.3132734278E+03      0.3555651058E+02      0.3622510921E+00
0.3180000000E+00      0.3154837497E+03      0.3636189194E+02      0.3663820000E+00
0.3200000000E+00      0.3176991715E+03      0.3717825432E+02      0.3704873788E+00
0.3220000000E+00      0.3199197297E+03      0.3800559606E+02      0.3745666444E+00
0.3240000000E+00      0.3221454611E+03      0.3884391392E+02      0.3786157483E+00
0.3260000000E+00      0.3243764008E+03      0.3969320387E+02      0.3826410936E+00
0.3280000000E+00      0.3266125845E+03      0.4055346008E+02      0.3866387837E+00
0.3300000000E+00      0.3288540471E+03      0.4142467567E+02      0.3906083733E+00
0.3320000000E+00      0.3311008229E+03      0.4230684257E+02      0.3945494494E+00
0.3340000000E+00      0.3333529458E+03      0.4319995163E+02      0.3984616307E+00
0.3360000000E+00      0.3356104495E+03      0.4410399258E+02      0.4023445669E+00
0.3380000000E+00      0.3378733668E+03      0.4501895416E+02      0.4061979377E+00
0.3400000000E+00      0.3401417303E+03      0.4594482412E+02      0.4100214517E+00
0.3420000000E+00      0.3424155722E+03      0.4688158929E+02      0.4138148458E+00
0.3440000000E+00      0.3446949240E+03      0.4782923561E+02      0.4175778841E+00
0.3460000000E+00      0.3469798169E+03      0.4878774818E+02      0.4213103569E+00
0.3480000000E+00      0.3492702818E+03      0.4975711131E+02      0.4250120801E+00
0.3500000000E+00      0.3515663487E+03      0.5073730856E+02      0.4286828939E+00
0.3520000000E+00      0.3538680477E+03      0.5172832276E+02      0.4323226624E+00
0.3540000000E+00      0.3561754081E+03      0.5273013608E+02      0.4359312721E+00
0.3560000000E+00      0.3584884585E+03      0.5374273031E+02      0.4395163318E+00
0.3580000000E+00      0.3608072283E+03      0.5476608587E+02      0.4430624733E+00
0.3600000000E+00      0.3631317451E+03      0.5580018338E+02      0.4465772429E+00
0.3620000000E+00      0.3654620366E+03      0.5684500270E+02      0.4500606095E+00
0.3640000000E+00      0.3677981302E+03      0.5790052317E+02      0.4535125603E+00
0.3660000000E+00      0.3701400527E+03      0.5896672368E+02      0.4569330999E+00
0.3680000000E+00      0.3724878305E+03      0.6004358270E+02      0.4603222499E+00
0.3700000000E+00      0.3748414897E+03      0.6113107828E+02      0.4636800480E+00
0.3720000000E+00      0.3772010560E+03      0.6222918813E+02      0.4670065470E+00
0.3740000000E+00      0.3795665545E+03      0.6333788960E+02      0.4703018142E+00
0.3760000000E+00      0.3819380101E+03      0.6445715973E+02      0.4735659308E+00
0.3780000000E+00      0.3843154474E+03      0.6558697526E+02      0.4767989910E+00
0.3800000000E+00      0.3866988903E+03      0.6672731268E+02      0.4800011015E+00
0.3820000000E+00      0.3890883626E+03      0.6787814826E+02      0.4831723805E+00
0.3840000000E+00      0.3914838877E+03      0.6903945801E+02      0.4863129575E+00
0.3860000000E+00      0.3938854884E+03      0.7021121778E+02      0.4894229723E+00
0.3880000000E+00      0.3962931874E+03      0.7139340324E+02      0.4925025747E+00
0.3900000000E+00      0.3987070070E+03      0.7258598990E+02      0.4955519104E+00
0.3920000000E+00      0.4011269690E+03      0.7378895315E+02      0.4985711736E+00
0.3940000000E+00      0.4035530950E+03      0.7500226825E+02      0.5015605266E+00
0.3960000000E+00      0.4059854061E+03      0.7622591037E+02      0.5045201530E+00
0.3980000000E+00      0.4084239232E+03      0.7745985461E+02      0.5074502432E+00
0.4000000000E+00      0.4108686669E+03      0.7870407599E+02      0.5103509943E+00
0.4020000000E+00      0.4133196574E+03      0.7995854950E+02      0.5132226095E+00
0.4040000000E+00      0.4157769144E+03      0.8122325008E+02      0.5160652979E+00
0.4060000000E+00      0.4182404575E+03      0.8249815265E+02      0.5188792735E+00
0.4080000000E+00      0.4207103061E+03      0.8378323213E+02      0.5216647555E+00
0.4100000000E+00      0.4231864789E+03      0.8507846345E+02      0.5244219673E+00
0.4120000000E+00      0.4256689946E+03      0.8638382155E+02      0.5271511364E+00
0.4140000000E+00      0.4281578715E+03      0.8769928141E+02      0.5298524941E+00
0.4160000000E+00      0.4306531276E+03      0.8902481802E+02      0.5325262749E+00
0.4180000000E+00      0.4331547807E+03      0.9036040645E+02      0.5351727164E+00
0.4200000000E+00      0.4356628481E+03      0.9170602183E+02      0.5377920588E+00
0.4220000000E+00      0.4381773470E+03      0.9306163933E+02      0.5403845449E+00
0.4240000000E+00      0.4406982943E+03      0.9442723421E+02      0.5429504193E+00
0.4260000000E+00      0.4432257065E+03      0.9580278184E+02      0.5454899286E+00
0.4280000000E+00      0.4457596001E+03      0.9718825764E+02      0.5480033209E+00
0.4300000000E+00      0.4482999909E+03      0.9858363715E+02      0.5504908456E+00
0.4320000000E+00      0.4508468948E+03      0.9998889602E+02      0.5529527533E+00
0.4340000000E+00      0.4534003274E+03      0.1014040100E+03      0.5553892951E+00
0.4360000000E+00      0.4559603039E+03      0.1028289550E+03      0.5578007232E+00
0.4380000000E+00      0.4585268394E+03      0.1042637069E+03      0.5601872899E+00
0.4400000000E+00      0.4610999485E+03      0.1057082420E+03      0.5625492477E+00
0.4420000000E+00      0.4636796459E+03      0.1071625364E+03      0.5648868495E+00
0.4440000000E+00      0.4662659458E+03      0.1086265665E+03      0.5672003477E+00
0.4460000000E+00      0.4688588624E+03      0.1101003090E+03      0.5694899947E+00
0.4480000000E+00      0.4714584094E+03      0.1115837404E+03      0.5717560424E+00
0.4500000000E+00      0.4740646004E+03      0.1130768376E+03      0.5739987419E+00
0.4520000000E+00      0.4766774488E+03      0.1145795776E+03      0.5762183440E+00
0.4540000000E+00      0.4792969678E+03      0.1160919375E+03      0.5784150984E+00
0.4560000000E+00      0.4819231703E+03      0.1176138945E+03      0.5805892538E+00
0.4580000000E+00      0.4845560691E+03      0.1191454262E+03      0.5827410582E+00
0.4600000000E+00      0.4871956766E+03      0.1206865102E+03      0.5848707580E+00
0.4620000000E+00      0.4898420052E+03      0.1222371242E+03      0.5869785986E+00
0.4640000000E+00      0.4924950670E+03      0.1237972461E+03      0.5890648240E+00
0.4660000000E+00      0.4951548739E+03      0.1253668541E+03      0.5911296767E+00
0.4680000000E+00      0.4978214376E+03      0.1269459265E+03      0.5931733978E+00
0.4700000000E+00      0.5004947697E+03      0.1285344416E+03      0.5951962267E+00
0.4720000000E+00      0.5031748815E+03      0.1301323782E+03      0.5971984014E+00
0.4740000000E+00      0.5058617841E+03      0.1317397149E+03      0.5991801508E+00
0.4760000000E+00      0.5085554885E+03      0.1333564307E+03      0.6011417234E+00
0.4780000000E+00      0.5112560055E+03      0.1349825048E+03      0.6030833445E+00
0.4800000000E+00      0.5139633456E+03      0.1366179165E+03      0.6050052449E+00
0.4820000000E+00      0.5166775194E+03      0.1382626452E+03      0.6069076533E+00
0.4840000000E+00      0.5193985371E+03      0.1399166706E+03      0.6087907964E+00
0.4860000000E+00      0.5221264088E+03      0.1415799725E+03      0.6106548990E+00
0.4880000000E+00      0.5248611444E+03      0.1432525309E+03      0.6125001839E+00
0.4900000000E+00      0.5276027536E+03      0.1449343260E+03      0.6143268718E+00
0.4920000000E+00      0.5303512462E+03      0.1466253380E+03      0.6161351814E+00
0.4940000000E+00      0.5331066314E+03      0.1483255477E+03      0.6179253292E+00
0.4960000000E+00      0.5358689187E+03      0.1500349355E+03      0.6196975297E+00
0.4980000000E+00      0.5386381171E+03      0.1517534824E+03      0.6214519952E+00
0.5000000000E+00      0.5414142357E+03      0.1534811694E+03      0.6231889358E+00
0.5020000000E+00      0.5441972833E+03      0.1552179777E+03      0.6249085596E+00
0.5040000000E+00      0.5469872686E+03      0.1569638886E+03      0.6266110724E+00
0.5060000000E+00      0.5497842001E+03      0.1587188838E+03      0.6282966779E+00
0.5080000000E+00      0.5525880862E+03      0.1604829449E+03      0.6299655776E+00
0.5100000000E+00      0.5553989354E+03      0.1622560538E+03      0.6316179708E+00
0.5120000000E+00      0.5582167555E+03      0.1640381926E+03      0.6332540546E+00
0.5140000000E+00      0.5610415548E+03      0.1658293434E+03      0.6348740240E+00
0.5160000000E+00      0.5638733410E+03      0.1676294887E+03      0.6364780717E+00
0.5180000000E+00      0.5667121219E+03      0.1694386110E+03      0.6380663884E+00
0.5200000000E+00      0.5695579052E+03      0.1712566929E+03      0.6396391625E+00
0.5220000000E+00      0.5724106982E+03      0.1730837174E+03      0.6411965803E+00
0.5240000000E+00      0.5752705085E+03      0.1749196674E+03      0.6427388258E+00
0.5260000000E+00      0.5781373432E+03      0.1767645262E+03      0.6442660810E+00
0.5280000000E+00      0.5810112095E+03      0.1786182771E+03      0.6457785258E+00
0.5300000000E+00      0.5838921144E+03      0.1804809037E+03      0.6472763378E+00
0.5320000000E+00      0.5867800647E+03      0.1823523895E+03      0.6487596927E+00
0.5340000000E+00      0.5896750674E+03      0.1842327184E+03      0.6502287638E+00
0.5360000000E+00      0.5925771290E+03      0.1861218743E+03      0.6516837226E+00
0.5380000000E+00      0.5954862562E+03      0.1880198414E+03      0.6531247384E+00
0.5400000000E+00      0.5984024553E+03      0.1899266040E+03      0.6545519784E+00
0.5420000000E+00      0.6013257328E+03      0.1918421465E+03      0.6559656078E+00
0.5440000000E+00      0.6042560948E+03      0.1937664534E+03      0.6573657899E+00
0.5460000000E+00      0.6071935477E+03      0.1956995095E+03      0.6587526856E+00
0.5480000000E+00      0.6101380973E+03      0.1976412996E+03      0.6601264543E+00
0.5500000000E+00      0.6130897496E+03      0.1995918087E+03      0.6614872531E+00
0.5520000000E+00      0.6160485105E+03      0.2015510221E+03      0.6628352372E+00
0.5540000000E+00      0.6190143858E+03      0.2035189250E+03      0.6641705599E+00
0.5560000000E+00      0.6219873811E+03      0.2054955028E+03      0.6654933725E+00
0.5580000000E+00      0.6249675019E+03      0.2074807411E+03      0.6668038244E+00
0.5600000000E+00      0.6279547538E+03      0.2094746257E+03      0.6681020633E+00
0.5620000000E+00      0.6309491421E+03      0.2114771424E+03      0.6693882347E+00
0.5640000000E+00      0.6339506722E+03      0.2134882772E+03      0.6706624826E+00
0.5660000000E+00      0.6369593492E+03      0.2155080162E+03      0.6719249489E+00
0.5680000000E+00      0.6399751782E+03      0.2175363456E+03      0.6731757738E+00
0.5700000000E+00      0.6429981644E+03      0.2195732520E+03      0.6744150957E+00
0.5720000000E+00      0.6460283126E+03      0.2216187217E+03      0.6756430512E+00
0.5740000000E+00      0.6490656278E+03      0.2236727416E+03      0.6768597752E+00
0.5760000000E+00      0.6521101147E+03      0.2257352982E+03      0.6780654008E+00
0.5780000000E+00      0.6551617781E+03      0.2278063786E+03      0.6792600595E+00
0.5800000000E+00      0.6582206225E+03      0.2298859698E+03      0.6804438810E+00
0.5820000000E+00      0.6612866526E+03      0.2319740589E+03      0.6816169933E+00
0.5840000000E+00      0.6643598729E+03      0.2340706332E+03      0.6827795228E+00
0.5860000000E+00      0.6674402877E+03      0.2361756802E+03      0.6839315944E+00
0.5880000000E+00      0.6705279014E+03      0.2382891873E+03      0.6850733312E+00
0.5900000000E+00      0.6736227183E+03      0.2404111423E+03      0.6862048546E+00
0.5920000000E+00      0.6767247425E+03      0.2425415328E+03      0.6873262849E+00
0.5940000000E+00      0.6798339783E+03      0.2446803468E+03      0.6884377383E+00
0.5960000000E+00      0.6829504296E+03      0.2468275723E+03      0.6895393358E+00
0.5980000000E+00      0.6860741004E+03      0.2489831973E+03      0.6906311907E+00
0.6000000000E+00      0.6892049947E+03      0.2511472101E+03      0.6917029734E+00
0.6020000000E+00      0.6923431164E+03      0.2533195991E+03      0.6927756642E+00
0.6040000000E+00      0.6954884692E+03      0.2555003526E+03      0.6938389499E+00
0.6060000000E+00      0.6986410568E+03      0.2576894594E+03      0.6948929402E+00
0.6080000000E+00      0.7018008830E+03      0.2598869079E+03      0.6959377431E+00
0.6100000000E+00      0.7049679514E+03      0.2620926871E+03      0.6969734652E+00
0.6120000000E+00      0.7081422654E+03      0.2643067858E+03      0.6980002118E+00
0.6140000000E+00      0.7113238287E+03      0.2665291930E+03      0.6990180869E+00
0.6160000000E+00      0.7145126446E+03      0.2687598978E+03      0.7000271930E+00
0.6180000000E+00      0.7177087165E+03      0.2709988894E+03      0.7010276314E+00
0.6200000000E+00      0.7209120477E+03      0.2732461571E+03      0.7020195020E+00
0.6220000000E+00      0.7241226414E+03      0.2755016903E+03      0.7030029034E+00
0.6240000000E+00      0.7273405010E+03      0.2777654785E+03      0.7039779329E+00
0.6260000000E+00      0.7305656295E+03      0.2800375114E+03      0.7049446867E+00
0.6280000000E+00      0.7337980301E+03      0.2823177787E+03      0.7059032595E+00
0.6300000000E+00      0.7370377058E+03      0.2846062700E+03      0.7068537450E+00
0.6320000000E+00      0.7402846595E+03      0.2869029755E+03      0.7077962356E+00
0.6340000000E+00      0.7435388943E+03      0.2892078849E+03      0.7087308225E+00
0.6360000000E+00      0.7468004130E+03      0.2915209885E+03      0.7096575956E+00
0.6380000000E+00      0.7500692185E+03      0.2938422765E+03      0.7105766439E+00
0.6400000000E+00      0.7533453136E+03      0.2961717390E+03      0.7114880550E+00
0.6420000000E+00      0.7566287010E+03      0.2985093665E+03      0.7123919155E+00
0.6440000000E+00      0.7599193835E+03      0.3008551495E+03      0.7132883109E+00
0.6460000000E+00      0.7632173636E+03      0.3032090784E+03      0.7141773256E+00
0.6480000000E+00      0.7665226440E+03      0.3055711440E+03      0.7150590427E+00
0.6500000000E+00      0.7698352273E+03      0.3079413369E+03      0.7159335446E+00
0.6520000000E+00      0.7731551160E+03      0.3103196480E+03      0.7168009122E+00
0.6540000000E+00      0.7764823126E+03      0.3127060681E+03      0.7176612258E+00
0.6560000000E+00      0.7798168195E+03      0.3151005884E+03      0.7185145644E+00
0.6580000000E+00      0.7831586390E+03      0.3175031997E+03      0.7193610060E+00
0.6600000000E+00      0.7865077737E+03      0.3199138933E+03      0.7202006277E+00
0.6620000000E+00      0.7898642257E+03      0.3223326605E+03      0.7210335055E+00
0.6640000000E+00      0.7932279973E+03      0.3247594925E+03      0.7218597146E+00
0.6660000000E+00      0.7965990908E+03      0.3271943808E+03      0.7226793290E+00
0.6680000000E+00      0.7999775084E+03      0.3296373167E+03      0.7234924220E+00
0.6700000000E+00      0.8033632521E+03      0.3320882920E+03      0.7242990657E+00
0.6720000000E+00      0.8067563243E+03      0.3345472982E+03      0.7250993316E+00
0.6740000000E+00      0.8101567268E+03      0.3370143271E+03      0.7258932900E+00
0.6760000000E+00      0.8135644618E+03      0.3394893704E+03      0.7266810105E+00
0.6780000000E+00      0.8169795312E+03      0.3419724200E+03      0.7274625617E+00
0.6800000000E+00      0.8204019370E+03      0.3444634679E+03      0.7282380113E+00
0.6820000000E+00      0.8238316813E+03      0.3469625061E+03      0.7290074263E+00
0.6840000000E+00      0.8272687658E+03      0.3494695266E+03      0.7297708727E+00
0.6860000000E+00      0.8307131924E+03      0.3519845218E+03      0.7305284158E+00
0.6880000000E+00      0.8341649629E+03      0.3545074837E+03      0.7312801199E+00
0.6900000000E+00      0.8376240793E+03      0.3570384047E+03      0.7320260487E+00
0.6920000000E+00      0.8410905431E+03      0.3595772772E+03      0.7327662649E+00
0.6940000000E+00      0.8445643563E+03      0.3621240937E+03      0.7335008304E+00
0.6960000000E+00      0.8480455204E+03      0.3646788467E+03      0.7342298066E+00
0.6980000000E+00      0.8515340371E+03      0.3672415287E+03      0.7349532538E+00
0.7000000000E+00      0.8550299081E+03      0.3698121325E+03      0.7356712318E+00
0.7020000000E+00      0.8585331350E+03      0.3723906507E+03      0.7363837994E+00
0.7040000000E+00      0.8620437194E+03      0.3749770762E+03      0.7370910149E+00
0.7060000000E+00      0.8655616628E+03      0.3775714019E+03      0.7377929357E+00
0.7080000000E+00      0.8690869667E+03      0.3801736206E+03      0.7384896186E+00
0.7100000000E+00      0.8726196327E+03      0.3827837254E+03      0.7391811196E+00
0.7120000000E+00      0.8761596622E+03      0.3854017092E+03      0.7398674941E+00
0.7140000000E+00      0.8797070566E+03      0.3880275654E+03      0.7405487967E+00
0.7160000000E+00      0.8832618174E+03      0.3906612869E+03      0.7412250813E+00
0.7180000000E+00      0.8868239459E+03      0.3933028672E+03      0.7418964014E+00
0.7200000000E+00      0.8903934435E+03      0.3959522994E+03      0.7425628094E+00
0.7220000000E+00      0.8939703116E+03      0.3986095770E+03      0.7432243575E+00
0.7240000000E+00      0.8975545514E+03      0.4012746934E+03      0.7438810968E+00
0.7260000000E+00      0.9011461642E+03      0.4039476420E+03      0.7445330783E+00
0.7280000000E+00      0.9047451513E+03      0.4066284165E+03      0.7451803518E+00
0.7300000000E+00      0.9083515139E+03      0.4093170105E+03      0.7458229669E+00
0.7320000000E+00      0.9119652532E+03      0.4120134176E+03      0.7464609725E+00
0.7340000000E+00      0.9155863704E+03      0.4147176315E+03      0.7470944168E+00
0.7360000000E+00      0.9192148667E+03      0.4174296461E+03      0.7477233474E+00
0.7380000000E+00      0.9228507431E+03      0.4201494551E+03      0.7483478114E+00
0.7400000000E+00      0.9264940009E+03      0.4228770526E+03      0.7489678554E+00
0.7420000000E+00      0.9301446411E+03      0.4256124323E+03      0.7495835251E+00
0.7440000000E+00      0.9338026647E+03      0.4283555884E+03      0.7501948661E+00
0.7460000000E+00      0.9374680729E+03      0.4311065149E+03      0.7508019231E+00
0.7480000000E+00      0.9411408666E+03      0.4338652059E+03      0.7514047403E+00
0.7500000000E+00      0.9448210469E+03      0.4366316556E+03      0.7520033616E+00
0.7520000000E+00      0.9485086147E+03      0.4394058582E+03      0.7525978300E+00
0.7540000000E+00      0.9522035710E+03      0.4421878080E+03      0.7531881883E+00
0.7560000000E+00      0.9559059167E+03      0.4449774993E+03      0.7537744786E+00
0.7580000000E+00      0.9596156529E+03      0.4477749265E+03      0.7543567425E+00
0.7600000000E+00      0.9633327803E+03      0.4505800840E+03      0.7549350211E+00
0.7620000000E+00      0.9670572998E+03      0.4533929663E+03      0.7555093552E+00
0.7640000000E+00      0.9707892124E+03      0.4562135680E+03      0.7560797847E+00
0.7660000000E+00      0.9745285188E+03      0.4590418835E+03      0.7566463495E+00
0.7680000000E+00      0.9782752200E+03      0.4618779076E+03      0.7572090886E+00
0.7700000000E+00      0.9820293166E+03      0.4647216349E+03      0.7577680408E+00
0.7720000000E+00      0.9857908096E+03      0.4675730602E+03      0.7583232446E+00
0.7740000000E+00      0.9895596996E+03      0.4704321782E+03      0.7588747372E+00
0.7760000000E+00      0.9933359875E+03      0.4732989837E+03      0.7594225562E+00
0.7780000000E+00      0.9971196740E+03      0.4761734716E+03      0.7599667386E+00
0.7800000000E+00      0.1000910760E+04      0.4790556368E+03      0.7605073207E+00
0.7820000000E+00      0.1004709245E+04      0.4819454743E+03      0.7610443385E+00
0.7840000000E+00      0.1008515132E+04      0.4848429790E+03      0.7615778276E+00
0.7860000000E+00      0.1012328420E+04      0.4877481461E+03      0.7621078232E+00
0.7880000000E+00      0.1016149110E+04      0.4906609706E+03      0.7626343601E+00
0.7900000000E+00      0.1019977202E+04      0.4935814476E+03      0.7631574724E+00
0.7920000000E+00      0.1023812698E+04      0.4965095723E+03      0.7636771942E+00
0.7940000000E+00      0.1027655598E+04      0.4994453400E+03      0.7641935589E+00
0.7960000000E+00      0.1031505902E+04      0.5023887460E+03      0.7647065996E+00
0.7980000000E+00      0.1035363611E+04      0.5053397854E+03      0.7652163492E+00
0.8000000000E+00      0.1039228726E+04      0.5082984538E+03      0.7657228398E+00
0.8020000000E+00      0.1043101247E+04      0.5112647463E+03      0.7662261034E+00
0.8040000000E+00      0.1046981175E+04      0.5142386586E+03      0.7667261717E+00
0.8060000000E+00      0.1050868510E+04      0.5172201861E+03      0.7672230758E+00
0.8080000000E+00      0.1054763253E+04      0.5202093243E+03      0.7677168465E+00
0.8100000000E+00      0.1058665404E+04      0.5232060687E+03      0.7682075144E+00
0.8120000000E+00      0.1062574964E+04      0.5262104149E+03      0.7686951095E+00
0.8140000000E+00      0.1066491933E+04      0.5292223586E+03      0.7691796616E+00
0.8160000000E+00      0.1070416312E+04      0.5322418954E+03      0.7696612001E+00
0.8180000000E+00      0.1074348101E+04      0.5352690211E+03      0.7701397541E+00
0.8200000000E+00      0.1078287301E+04      0.5383037314E+03      0.7706153523E+00
0.8220000000E+00      0.1082233911E+04      0.5413460221E+03      0.7710880231E+00
0.8240000000E+00      0.1086187933E+04      0.5443958890E+03      0.7715577946E+00
0.8260000000E+00      0.1090149367E+04      0.5474533279E+03      0.7720246945E+00
0.8280000000E+00      0.1094118213E+04      0.5505183348E+03      0.7724887502E+00
0.8300000000E+00      0.1098094471E+04      0.5535909056E+03      0.7729499887E+00
0.8320000000E+00      0.1102078142E+04      0.5566710363E+03      0.7734084370E+00
0.8340000000E+00      0.1106069227E+04      0.5597587228E+03      0.7738641215E+00
0.8360000000E+00      0.1110067725E+04      0.5628539612E+03      0.7743170683E+00
0.8380000000E+00      0.1114073637E+04      0.5659567476E+03      0.7747673032E+00
0.8400000000E+00      0.1118086963E+04      0.5690670782E+03      0.7752148520E+00
0.8420000000E+00      0.1122107704E+04      0.5721849489E+03      0.7756597397E+00
0.8440000000E+00      0.1126135860E+04      0.5753103561E+03      0.7761019914E+00
0.8460000000E+00      0.1130171430E+04      0.5784432959E+03      0.7765416319E+00
0.8480000000E+00      0.1134214416E+04      0.5815837645E+03      0.7769786855E+00
0.8500000000E+00      0.1138264818E+04      0.5847317583E+03      0.7774131763E+00
0.8520000000E+00      0.1142322635E+04      0.5878872736E+03      0.7778451282E+00
0.8540000000E+00      0.1146387869E+04      0.5910503066E+03      0.7782745647E+00
0.8560000000E+00      0.1150460519E+04      0.5942208538E+03      0.7787015092E+00
0.8580000000E+00      0.1154540586E+04      0.5973989116E+03      0.7791259848E+00
0.8600000000E+00      0.1158628069E+04      0.6005844764E+03      0.7795480142E+00
0.8620000000E+00      0.1162722970E+04      0.6037775448E+03      0.7799676198E+00
0.8640000000E+00      0.1166825288E+04      0.6069781130E+03      0.7803848241E+00
0.8660000000E+00      0.1170935023E+04      0.6101861778E+03      0.7807996490E+00
0.8680000000E+00      0.1175052176E+04      0.6134017357E+03      0.7812121163E+00
0.8700000000E+00      0.1179176746E+04      0.6166247833E+03      0.7816222474E+00
0.8720000000E+00      0.1183308734E+04      0.6198553171E+03      0.7820300637E+00
0.8740000000E+00      0.1187448141E+04      0.6230933339E+03      0.7824355862E+00
0.8760000000E+00      0.1191594965E+04      0.6263388302E+03      0.7828388357E+00
0.8780000000E+00      0.1195749208E+04      0.6295918029E+03      0.7832398328E+00
0.8800000000E+00      0.1199910870E+04      0.6328522487E+03      0.7836385977E+00
0.8820000000E+00      0.1204079950E+04      0.6361201642E+03      0.7840351507E+00
0.8840000000E+00      0.1208256449E+04      0.6393955464E+03      0.7844295115E+00
0.8860000000E+00      0.1212440366E+04      0.6426783920E+03      0.7848216998E+00
0.8880000000E+00      0.1216631703E+04      0.6459686979E+03      0.7852117352E+00
0.8900000000E+00      0.1220830458E+04      0.6492664610E+03      0.7855996366E+00
0.8920000000E+00      0.1225036633E+04      0.6525716781E+03      0.7859854233E+00
0.8940000000E+00      0.1229250226E+04      0.6558843462E+03      0.7863691139E+00
0.8960000000E+00      0.1233471239E+04      0.6592044622E+03      0.7867507271E+00
0.8980000000E+00      0.1237699671E+04      0.6625320231E+03      0.7871302812E+00
0.9000000000E+00      0.1241935523E+04      0.6658670260E+03      0.7875077943E+00
0.9020000000E+00      0.1246178794E+04      0.6692094678E+03      0.7878832846E+00
0.9040000000E+00      0.1250429484E+04      0.6725593457E+03      0.7882567697E+00
0.9060000000E+00      0.1254687594E+04      0.6759166566E+03      0.7886282672E+00
0.9080000000E+00      0.1258953123E+04      0.6792813977E+03      0.7889977944E+00
0.9100000000E+00      0.1263226072E+04      0.6826535662E+03      0.7893653687E+00
0.9120000000E+00      0.1267506440E+04      0.6860331592E+03      0.7897310069E+00
0.9140000000E+00      0.1271794228E+04      0.6894201739E+03      0.7900947259E+00
0.9160000000E+00      0.1276089436E+04      0.6928146074E+03      0.7904565423E+00
0.9180000000E+00      0.1280392062E+04      0.6962164571E+03      0.7908164725E+00
0.9200000000E+00      0.1284702109E+04      0.6996257201E+03      0.7911745328E+00
0.9220000000E+00      0.1289019575E+04      0.7030423938E+03      0.7915307394E+00
0.9240000000E+00      0.1293344460E+04      0.7064664754E+03      0.7918851080E+00
0.9260000000E+00      0.1297676765E+04      0.7098979623E+03      0.7922376545E+00
0.9280000000E+00      0.1302016489E+04      0.7133368518E+03      0.7925883944E+00
0.9300000000E+00      0.1306363633E+04      0.7167831413E+03      0.7929373431E+00
0.9320000000E+00      0.1310718196E+04      0.7202368281E+03      0.7932845158E+00
0.9340000000E+00      0.1315080178E+04      0.7236979097E+03      0.7936299275E+00
0.9360000000E+00      0.1319449579E+04      0.7271663836E+03      0.7939735933E+00
0.9380000000E+00      0.1323826400E+04      0.7306422471E+03      0.7943155278E+00
0.9400000000E+00      0.1328210640E+04      0.7341254977E+03      0.7946557455E+00
0.9420000000E+00      0.1332602298E+04      0.7376161330E+03      0.7949942610E+00
0.9440000000E+00      0.1337001376E+04      0.7411141504E+03      0.7953310884E+00
0.9460000000E+00      0.1341407873E+04      0.7446195476E+03      0.7956662420E+00
0.9480000000E+00      0.1345821788E+04      0.7481323220E+03      0.7959997355E+00
0.9500000000E+00      0.1350243122E+04      0.7516524713E+03      0.7963315829E+00
0.9520000000E+00      0.1354671875E+04      0.7551799929E+03      0.7966617978E+00
0.9540000000E+00      0.1359108046E+04      0.7587148847E+03      0.7969903938E+00
0.9560000000E+00      0.1363551635E+04      0.7622571442E+03      0.7973173841E+00
0.9580000000E+00      0.1368002643E+04      0.7658067690E+03      0.7976427821E+00
0.9600000000E+00      0.1372461069E+04      0.7693637568E+03      0.7979666007E+00
0.9620000000E+00      0.1376926913E+04      0.7729281054E+03      0.7982888530E+00
0.9640000000E+00      0.1381400175E+04      0.7764998125E+03      0.7986095518E+00
0.9660000000E+00      0.1385880855E+04      0.7800788758E+03      0.7989287096E+00
0.9680000000E+00      0.1390368953E+04      0.7836652930E+03      0.7992463391E+00
0.9700000000E+00      0.1394864468E+04      0.7872590619E+03      0.7995624527E+00
0.9720000000E+00      0.1399367400E+04      0.7908601804E+03      0.7998770626E+00
0.9740000000E+00      0.1403877750E+04      0.7944686462E+03      0.8001901810E+00
0.9760000000E+00      0.1408395517E+04      0.7980844571E+03      0.8005018199E+00
0.9780000000E+00      0.1412920700E+04      0.8017076111E+03      0.8008119912E+00
0.9800000000E+00      0.1417453301E+04      0.8053381059E+03      0.8011207066E+00
0.9820000000E+00      0.1421993318E+04      0.8089759395E+03      0.8014279778E+00
0.9840000000E+00      0.1426540752E+04      0.8126211097E+03      0.8017338162E+00
0.9860000000E+00      0.1431095602E+04      0.8162736145E+03      0.8020382334E+00
0.9880000000E+00      0.1435657869E+04      0.8199334517E+03      0.8023412406E+00
0.9900000000E+00      0.1440227551E+04      0.8236006195E+03      0.8026428489E+00
0.9920000000E+00      0.1444804649E+04      0.8272751156E+03      0.8029430693E+00
0.9940000000E+00      0.1449389163E+04      0.8309569381E+03      0.8032419129E+00
0.9960000000E+00      0.1453981092E+04      0.8346460850E+03      0.8035393903E+00
0.9980000000E+00      0.1458580437E+04      0.8383425544E+03      0.8038355124E+00
0.1000000000E+01      0.1463187196E+04      0.8420463442E+03      0.8041302897E+00
0.1002000000E+01      0.1467801371E+04      0.8457574524E+03      0.8044237327E+00
0.1004000000E+01      0.1472422960E+04      0.8494758772E+03      0.8047158518E+00
0.1006000000E+01      0.1477051964E+04      0.8532016167E+03      0.8050066571E+00
0.1008000000E+01      0.1481688382E+04      0.8569346689E+03      0.8052961590E+00
0.1010000000E+01      0.1486332214E+04      0.8606750319E+03      0.8055843674E+00
0.1012000000E+01      0.1490983460E+04      0.8644227038E+03      0.8058712923E+00
0.1014000000E+01      0.1495642119E+04      0.8681776829E+03      0.8061569436E+00
0.1016000000E+01      0.1500308193E+04      0.8719399672E+03      0.8064413313E+00
0.1018000000E+01      0.1504981679E+04      0.8757095549E+03      0.8067244644E+00
0.1020000000E+01      0.1509662579E+04      0.8794864443E+03      0.8070063528E+00
0.1022000000E+01      0.1514350891E+04      0.8832706334E+03      0.8072870059E+00
0.1024000000E+01      0.1519046616E+04      0.8870621205E+03      0.8075664331E+00
0.1026000000E+01      0.1523749753E+04      0.8908609039E+03      0.8078446437E+00
0.1028000000E+01      0.1528460302E+04      0.8946669818E+03      0.8081216468E+00
0.1030000000E+01      0.1533178264E+04      0.8984803524E+03      0.8083974515E+00
0.1032000000E+01      0.1537903637E+04      0.9023010139E+03      0.8086720669E+00
0.1034000000E+01      0.1542636421E+04      0.9061289648E+03      0.8089455017E+00
0.1036000000E+01      0.1547376617E+04      0.9099642033E+03      0.8092177648E+00
0.1038000000E+01      0.1552124224E+04      0.9138067276E+03      0.8094888648E+00
0.1040000000E+01      0.1556879241E+04      0.9176565361E+03      0.8097588105E+00
0.1042000000E+01      0.1561641669E+04      0.9215136272E+03      0.8100276104E+00
0.1044000000E+01      0.1566411507E+04      0.9253779992E+03      0.8102952729E+00
0.1046000000E+01      0.1571188755E+04      0.9292496504E+03      0.8105618064E+00
0.1048000000E+01      0.1575973413E+04      0.9331285792E+03      0.8108272191E+00
0.1050000000E+01      0.1580765480E+04      0.9370147840E+03      0.8110915193E+00
0.1052000000E+01      0.1585564957E+04      0.9409082632E+03      0.8113547151E+00
0.1054000000E+01      0.1590371842E+04      0.9448090153E+03      0.8116168146E+00
0.1056000000E+01      0.1595186136E+04      0.9487170386E+03      0.8118778256E+00
0.1058000000E+01      0.1600007839E+04      0.9526323315E+03      0.8121377562E+00
0.1060000000E+01      0.1604836950E+04      0.9565548925E+03      0.8123966140E+00
0.1062000000E+01      0.1609673468E+04      0.9604847202E+03      0.8126544068E+00
0.1064000000E+01      0.1614517395E+04      0.9644218128E+03      0.8129111423E+00
0.1066000000E+01      0.1619368728E+04      0.9683661690E+03      0.8131668280E+00
0.1068000000E+01      0.1624227469E+04      0.9723177872E+03      0.8134214714E+00
0.1070000000E+01      0.1629093617E+04      0.9762766660E+03      0.8136750800E+00
0.1072000000E+01      0.1633967171E+04      0.9802428037E+03      0.8139276612E+00
0.1074000000E+01      0.1638848132E+04      0.9842161991E+03      0.8141792221E+00
0.1076000000E+01      0.1643736498E+04      0.9881968505E+03      0.8144297701E+00
0.1078000000E+01      0.1648632270E+04      0.9921847566E+03      0.8146793121E+00
0.1080000000E+01      0.1653535448E+04      0.9961799158E+03      0.8149278555E+00
0.1082000000E+01      0.1658446031E+04      0.1000182327E+04      0.8151754070E+00
0.1084000000E+01      0.1663364019E+04      0.1004191988E+04      0.8154219737E+00
0.1086000000E+01      0.1668289411E+04      0.1008208899E+04      0.8156675625E+00
0.1088000000E+01      0.1673222207E+04      0.1012233057E+04      0.8159121800E+00
0.1090000000E+01      0.1678162408E+04      0.1016264461E+04      0.8161558332E+00
0.1092000000E+01      0.1683110012E+04      0.1020303110E+04      0.8163985285E+00
0.1094000000E+01      0.1688065020E+04      0.1024349002E+04      0.8166402728E+00
0.1096000000E+01      0.1693027431E+04      0.1028402136E+04      0.8168810724E+00
0.1098000000E+01      0.1697997245E+04      0.1032462512E+04      0.8171209338E+00
0.1100000000E+01      0.1702974461E+04      0.1036530126E+04      0.8173598636E+00
0.1102000000E+01      0.1707959080E+04      0.1040604979E+04      0.8175978680E+00
0.1104000000E+01      0.1712951100E+04      0.1044687068E+04      0.8178349534E+00
0.1106000000E+01      0.1717950522E+04      0.1048776393E+04      0.8180711259E+00
0.1108000000E+01      0.1722957345E+04      0.1052872951E+04      0.8183063918E+00
0.1110000000E+01      0.1727971570E+04      0.1056976743E+04      0.8185407572E+00
0.1112000000E+01      0.1732993195E+04      0.1061087766E+04      0.8187742281E+00
0.1114000000E+01      0.1738022221E+04      0.1065206020E+04      0.8190068106E+00
0.1116000000E+01      0.1743058647E+04      0.1069331502E+04      0.8192385105E+00
0.1118000000E+01      0.1748102472E+04      0.1073464213E+04      0.8194693339E+00
0.1120000000E+01      0.1753153697E+04      0.1077604150E+04      0.8196992864E+00
0.1122000000E+01      0.1758212321E+04      0.1081751312E+04      0.8199283740E+00
0.1124000000E+01      0.1763278345E+04      0.1085905698E+04      0.8201566023E+00
0.1126000000E+01      0.1768351766E+04      0.1090067307E+04      0.8203839770E+00
0.1128000000E+01      0.1773432586E+04      0.1094236138E+04      0.8206105037E+00
0.1130000000E+01      0.1778520804E+04      0.1098412189E+04      0.8208361880E+00
0.1132000000E+01      0.1783616420E+04      0.1102595460E+04      0.8210610355E+00
0.1134000000E+01      0.1788719433E+04      0.1106785948E+04      0.8212850515E+00
0.1136000000E+01      0.1793829843E+04      0.1110983654E+04      0.8215082415E+00
0.1138000000E+01      0.1798947649E+04      0.1115188575E+04      0.8217306109E+00
0.1140000000E+01      0.1804072852E+04      0.1119400711E+04      0.8219521649E+00
0.1142000000E+01      0.1809205451E+04      0.1123620060E+04      0.8221729089E+00
0.1144000000E+01      0.1814345446E+04      0.1127846621E+04      0.8223928481E+00
0.1146000000E+01      0.1819492836E+04      0.1132080394E+04      0.8226119876E+00
0.1148000000E+01      0.1824647621E+04      0.1136321376E+04      0.8228303325E+00
0.1150000000E+01      0.1829809801E+04      0.1140569568E+04      0.8230478880E+00
0.1152000000E+01      0.1834979375E+04      0.1144824967E+04      0.8232646590E+00
0.1154000000E+01      0.1840156344E+04      0.1149087573E+04      0.8234806507E+00
0.1156000000E+01      0.1845340706E+04      0.1153357385E+04      0.8236958678E+00
0.1158000000E+01      0.1850532461E+04      0.1157634401E+04      0.8239103152E+00
0.1160000000E+01      0.1855731610E+04      0.1161918620E+04      0.8241239980E+00
0.1162000000E+01      0.1860938152E+04      0.1166210042E+04      0.8243369207E+00
0.1164000000E+01      0.1866152086E+04      0.1170508665E+04      0.8245490883E+00
0.1166000000E+01      0.1871373412E+04      0.1174814488E+04      0.8247605054E+00
0.1168000000E+01      0.1876602130E+04      0.1179127511E+04      0.8249711768E+00
0.1170000000E+01      0.1881838239E+04      0.1183447731E+04      0.8251811069E+00
0.1172000000E+01      0.1887081740E+04      0.1187775149E+04      0.8253903005E+00
0.1174000000E+01      0.1892332631E+04      0.1192109763E+04      0.8255987621E+00
0.1176000000E+01      0.1897590913E+04      0.1196451571E+04      0.8258064963E+00
0.1178000000E+01      0.1902856585E+04      0.1200800574E+04      0.8260135074E+00
0.1180000000E+01      0.1908129647E+04      0.1205156770E+04      0.8262197999E+00
0.1182000000E+01      0.1913410098E+04      0.1209520157E+04      0.8264253782E+00
0.1184000000E+01      0.1918697939E+04      0.1213890736E+04      0.8266302467E+00
0.1186000000E+01      0.1923993168E+04      0.1218268505E+04      0.8268344098E+00
0.1188000000E+01      0.1929295786E+04      0.1222653462E+04      0.8270378715E+00
0.1190000000E+01      0.1934605792E+04      0.1227045608E+04      0.8272406363E+00
0.1192000000E+01      0.1939923186E+04      0.1231444941E+04      0.8274427083E+00
0.1194000000E+01      0.1945247967E+04      0.1235851460E+04      0.8276440917E+00
0.1196000000E+01      0.1950580135E+04      0.1240265164E+04      0.8278447906E+00
0.1198000000E+01      0.1955919690E+04      0.1244686052E+04      0.8280448091E+00
0.1200000000E+01      0.1961266631E+04      0.1249114123E+04      0.8282441513E+00
