      Rhob                Epsilon              Pressure               SoundV
0.4730000000E-14      0.4409040000E-11      0.6303830000E-24      0.2528270000E-09
0.4760000000E-14      0.4431480000E-11      0.6303830000E-23      0.3286900000E-09
0.4910000000E-14      0.4571720000E-11      0.6303830000E-22      0.3811090000E-09
0.6990000000E-14      0.6506980000E-11      0.7552120000E-21      0.1661210000E-08
0.9900000000E-14      0.9199530000E-11      0.8737990000E-20      0.4506330000E-08
0.2720000000E-13      0.2529870000E-10      0.1061040000E-18      0.2185710000E-07
0.1270000000E-12      0.1189210000E-09      0.3632510000E-17      0.1280710000E-06
0.6930000000E-12      0.6450890000E-09      0.1185870000E-15      0.6813760000E-06
0.6295000000E-11      0.5856290000E-08      0.6081640000E-14      0.1980100000E-05
0.1581000000E-10      0.1470800000E-07      0.3100740000E-13      0.4121830000E-05
0.3972000000E-10      0.3694960000E-07      0.1517290000E-12      0.7788630000E-05
0.9976000000E-10      0.9278060000E-07      0.7183870000E-12      0.1422460000E-04
0.2506000000E-09      0.2331300000E-06      0.3286730000E-11      0.2500930000E-04
0.6294000000E-09      0.5856290000E-06      0.1446760000E-10      0.4207890000E-04
0.1581000000E-08      0.1470800000E-05      0.6088500000E-10      0.6739699893E-04
0.3972000000E-08      0.3695520000E-05      0.2441020000E-09      0.8516180000E-04
0.5000000000E-08      0.4651930000E-05      0.3282360000E-09      0.1052360000E-03
0.9976000000E-08      0.9283670000E-05      0.8956430000E-09      0.1422520000E-03
0.1990000000E-07      0.1852250000E-04      0.2392340000E-08      0.1863930000E-03
0.3972000000E-07      0.3696080000E-04      0.6278870000E-08      0.2408930000E-03
0.7924000000E-07      0.7376450000E-04      0.1625270000E-07      0.3085620000E-03
0.1581000000E-06      0.1471920000E-03      0.4166770000E-07      0.3417580000E-03
0.1990000000E-06      0.1853370000E-03      0.5453750000E-07      0.3860480000E-03
0.3155000000E-06      0.2937680000E-03      0.1016730000E-06      0.4315500000E-03
0.5000000000E-06      0.4656420000E-03      0.1890530000E-06      0.4889620000E-03
0.6294000000E-06      0.5861890000E-03      0.2577080000E-06      0.5509610000E-03
0.7924000000E-06      0.7382060000E-03      0.3143180000E-06      0.6137740000E-03
0.9976000000E-06      0.9294890000E-03      0.4281610000E-06      0.6540150000E-03
0.1581000000E-05      0.1470000000E-02      0.7939080000E-06      0.7285460000E-03
0.2506000000E-05      0.2340000000E-02      0.1470480000E-05      0.8500470000E-03
0.3972000000E-05      0.3700000000E-02      0.2722510000E-05      0.8906300000E-03
0.5000000000E-05      0.4660000000E-02      0.3533890000E-05      0.9510480000E-03
0.6294000000E-05      0.5870000000E-02      0.4807140000E-05      0.1100000000E-02
0.7924000000E-05      0.7390000000E-02      0.6541010000E-05      0.1180000000E-02
0.9976000000E-05      0.9310000000E-02      0.8894020000E-05      0.1280000000E-02
0.1256000000E-04      0.1172000000E-01      0.1209590000E-04      0.1300000000E-02
0.1581000000E-04      0.1476000000E-01      0.1562230000E-04      0.1320000000E-02
0.1990000000E-04      0.1858000000E-01      0.2124580000E-04      0.1390000000E-02
0.2506000000E-04      0.2340000000E-01      0.2888530000E-04      0.1470000000E-02
0.3155000000E-04      0.2947000000E-01      0.3713020000E-04      0.1550000000E-02
0.3972000000E-04      0.3712000000E-01      0.5048680000E-04      0.1820000000E-02
0.5000000000E-04      0.4674000000E-01      0.6865560000E-04      0.1960000000E-02
0.6294000000E-04      0.5884000000E-01      0.9330920000E-04      0.2110000000E-02
0.7924000000E-04      0.7416000000E-01      0.1268880000E-03      0.2150000000E-02
0.9976000000E-04      0.9334000000E-01      0.1620900000E-03      0.2190000000E-02
0.1105000000E-03      0.1034400000E+00      0.1805020000E-03      0.2220000000E-02
0.1256000000E-03      0.1175700000E+00      0.2053430000E-03      0.2270000000E-02
0.1581000000E-03      0.1480900000E+00      0.2791790000E-03      0.2300000000E-02
0.1990000000E-03      0.1865100000E+00      0.3630010000E-03      0.2350000000E-02
0.2506000000E-03      0.2349200000E+00      0.4704780000E-03      0.2420000000E-02
0.2572000000E-03      0.2411500000E+00      0.4871430000E-03      0.1640000000E-02
0.2670000000E-03      0.2502100000E+00      0.4925360000E-03      0.6323770000E-03
0.3126000000E-03      0.2932300000E+00      0.5213460000E-03      0.6351150000E-03
0.3951000000E-03      0.3707800000E+00      0.5679160000E-03      0.6395500000E-03
0.4759000000E-03      0.4467600000E+00      0.6136960000E-03      0.6456670000E-03
0.5812000000E-03      0.5456200000E+00      0.6758550000E-03      0.6505920000E-03
0.7143000000E-03      0.6709200000E+00      0.7601150000E-03      0.7025890000E-03
0.8786000000E-03      0.8252300000E+00      0.8731850000E-03      0.7646840000E-03
0.1077000000E-02      0.1012500000E+01      0.1020000000E-02      0.8354260000E-03
0.1314000000E-02      0.1235290000E+01      0.1220000000E-02      0.9276850000E-03
0.1748000000E-02      0.1643560000E+01      0.1620000000E-02      0.1000000000E-02
0.2000000000E-02      0.1880850000E+01      0.2000000000E-02      0.1100000000E-02
0.4000000000E-02      0.3764610000E+01      0.4510000000E-02      0.1460000000E-02
0.6000000000E-02      0.5649800000E+01      0.7500000000E-02      0.1680000000E-02
0.8000000000E-02      0.7536070000E+01      0.1086000000E-01      0.1880000000E-02
0.1000000000E-01      0.9423230000E+01      0.1458000000E-01      0.2070000000E-02
0.1200000000E-01      0.1131116000E+02      0.1867000000E-01      0.2280000000E-02
0.1400000000E-01      0.1319982000E+02      0.2318000000E-01      0.2510000000E-02
0.1600000000E-01      0.1508915000E+02      0.2814000000E-01      0.2760000000E-02
0.1800000000E-01      0.1697914000E+02      0.3361000000E-01      0.3040000000E-02
0.2000000000E-01      0.1886976000E+02      0.3965000000E-01      0.3340000000E-02
0.2200000000E-01      0.2076101000E+02      0.4624000000E-01      0.3660000000E-02
0.2400000000E-01      0.2265290000E+02      0.5348000000E-01      0.3990000000E-02
0.2600000000E-01      0.2454541000E+02      0.6133000000E-01      0.4330000000E-02
0.2800000000E-01      0.2643855000E+02      0.6988000000E-01      0.4680000000E-02
0.3000000000E-01      0.2833233000E+02      0.7906000000E-01      0.5030000000E-02
0.3200000000E-01      0.3022674000E+02      0.8895000000E-01      0.5390000000E-02
0.3400000000E-01      0.3212179000E+02      0.9948000000E-01      0.5740000000E-02
0.3600000000E-01      0.3401748000E+02      0.1107200000E+00      0.6090000000E-02
0.3800000000E-01      0.3591381000E+02      0.1225900000E+00      0.6440000000E-02
0.4000000000E-01      0.3781078000E+02      0.1351400000E+00      0.6790000000E-02
0.4200000000E-01      0.3970840000E+02      0.1483400000E+00      0.7110000000E-02
0.4400000000E-01      0.4160666000E+02      0.1621100000E+00      0.7420000000E-02
0.4600000000E-01      0.4350556000E+02      0.1765200000E+00      0.7740000000E-02
0.4800000000E-01      0.4540510000E+02      0.1915000000E+00      0.8040000000E-02
0.5000000000E-01      0.4730528000E+02      0.2070600000E+00      0.8310000000E-02
0.5200000000E-01      0.4920608000E+02      0.2230900000E+00      0.8580000000E-02
0.5400000000E-01      0.5110752000E+02      0.2396900000E+00      0.8870000000E-02
0.5600000000E-01      0.5300958000E+02      0.2568200000E+00      0.9120000000E-02
0.5800000000E-01      0.5491227000E+02      0.2743700000E+00      0.9340000000E-02
0.6000000000E-01      0.5681556000E+02      0.2923800000E+00      0.9690000000E-02
0.6200000000E-01      0.5871946000E+02      0.3101200000E+00      0.1002000000E-01
0.6400000000E-01      0.6062394000E+02      0.3290400000E+00      0.1028000000E-01
0.6600000000E-01      0.6252904000E+02      0.3483400000E+00      0.1069000000E-01
0.6800000000E-01      0.6443473000E+02      0.3679800000E+00      0.1101000000E-01
0.7000000000E-01      0.6634095000E+02      0.3861300000E+00      0.1136000000E-01
0.7200000000E-01      0.6819009996E+02      0.4081844882E+00      0.1577302185E-01
0.7400000000E-01      0.7009602888E+02      0.4390417127E+00      0.1658948543E-01
0.7600000000E-01      0.7200281306E+02      0.4714850288E+00      0.1742163196E-01
0.7800000000E-01      0.7391047213E+02      0.5055455805E+00      0.1826891957E-01
0.8000000000E-01      0.7581902553E+02      0.5412536034E+00      0.1913084755E-01
0.8200000000E-01      0.7772849245E+02      0.5786385037E+00      0.2000695755E-01
0.8400000000E-01      0.7963889186E+02      0.6177289389E+00      0.2089683449E-01
0.8600000000E-01      0.8155024251E+02      0.6585529004E+00      0.2180010709E-01
0.8800000000E-01      0.8346256290E+02      0.7011377973E+00      0.2271644826E-01
0.9000000000E-01      0.8537587132E+02      0.7455105391E+00      0.2364557514E-01
0.9200000000E-01      0.8729018586E+02      0.7916976217E+00      0.2458724894E-01
0.9400000000E-01      0.8920552435E+02      0.8397252097E+00      0.2554127457E-01
0.9600000000E-01      0.9112190445E+02      0.8896192199E+00      0.2650750005E-01
0.9800000000E-01      0.9303934362E+02      0.9414054033E+00      0.2748581576E-01
0.1000000000E+00      0.9495785911E+02      0.9951094257E+00      0.2847615349E-01
0.1020000000E+00      0.9687746803E+02      0.1050756947E+01      0.2947848536E-01
0.1040000000E+00      0.9879818728E+02      0.1108373696E+01      0.3049282259E-01
0.1060000000E+00      0.1007200336E+03      0.1167985549E+01      0.3151921414E-01
0.1080000000E+00      0.1026430237E+03      0.1229618599E+01      0.3255774525E-01
0.1100000000E+00      0.1045671740E+03      0.1293299224E+01      0.3360853585E-01
0.1120000000E+00      0.1064925009E+03      0.1359054161E+01      0.3467173891E-01
0.1140000000E+00      0.1084190187E+03      0.1426430761E+01      0.3511892967E-01
0.1160000000E+00      0.1103467259E+03      0.1494783911E+01      0.3581746530E-01
0.1180000000E+00      0.1122756246E+03      0.1564687332E+01      0.3665578494E-01
0.1200000000E+00      0.1142057225E+03      0.1636324504E+01      0.3756169417E-01
0.1220000000E+00      0.1161370297E+03      0.1709803700E+01      0.3851337464E-01
0.1240000000E+00      0.1180695570E+03      0.1785205129E+01      0.3950087929E-01
0.1260000000E+00      0.1200033164E+03      0.1862595047E+01      0.4051936454E-01
0.1280000000E+00      0.1219383203E+03      0.1942031774E+01      0.4156442641E-01
0.1300000000E+00      0.1238745818E+03      0.2023568775E+01      0.4263455994E-01
0.1320000000E+00      0.1258121141E+03      0.2107256426E+01      0.4372841026E-01
0.1340000000E+00      0.1277509309E+03      0.2193143114E+01      0.4484508272E-01
0.1360000000E+00      0.1296910464E+03      0.2281275970E+01      0.4598399445E-01
0.1380000000E+00      0.1316324746E+03      0.2371701373E+01      0.4714478234E-01
0.1400000000E+00      0.1335752303E+03      0.2464465309E+01      0.4832724290E-01
0.1420000000E+00      0.1355193280E+03      0.2559613644E+01      0.4953129128E-01
0.1440000000E+00      0.1374647829E+03      0.2657192323E+01      0.5075693233E-01
0.1460000000E+00      0.1394116102E+03      0.2757247526E+01      0.5200423936E-01
0.1480000000E+00      0.1413598253E+03      0.2859825788E+01      0.5327333815E-01
0.1500000000E+00      0.1433094439E+03      0.2964974090E+01      0.5456439479E-01
0.1520000000E+00      0.1452604818E+03      0.3072739935E+01      0.5587760572E-01
0.1540000000E+00      0.1472129550E+03      0.3183171530E+01      0.5721598096E-01
0.1560000000E+00      0.1491668801E+03      0.3296317309E+01      0.5857422197E-01
0.1580000000E+00      0.1511222733E+03      0.3412226743E+01      0.5995531721E-01
0.1600000000E+00      0.1530791515E+03      0.3530949840E+01      0.6135951842E-01
0.1620000000E+00      0.1550375315E+03      0.3652537293E+01      0.6278707940E-01
0.1640000000E+00      0.1569974305E+03      0.3777040476E+01      0.6423825238E-01
0.1660000000E+00      0.1589588659E+03      0.3904511453E+01      0.6571328504E-01
0.1680000000E+00      0.1609218552E+03      0.4035002964E+01      0.6721241767E-01
0.1700000000E+00      0.1628864161E+03      0.4168568416E+01      0.6873588077E-01
0.1720000000E+00      0.1648525667E+03      0.4305261868E+01      0.7028389287E-01
0.1740000000E+00      0.1668203252E+03      0.4445138010E+01      0.7185665854E-01
0.1760000000E+00      0.1687897099E+03      0.4588252030E+01      0.7345228307E-01
0.1780000000E+00      0.1707607396E+03      0.4734660017E+01      0.7507508519E-01
0.1800000000E+00      0.1727334331E+03      0.4884418289E+01      0.7672131507E-01
0.1820000000E+00      0.1747078094E+03      0.5037583787E+01      0.7839472023E-01
0.1840000000E+00      0.1766838877E+03      0.5194213933E+01      0.8009363474E-01
0.1860000000E+00      0.1786616877E+03      0.5354366589E+01      0.8181814784E-01
0.1880000000E+00      0.1806412288E+03      0.5518100021E+01      0.8356832572E-01
0.1900000000E+00      0.1826225311E+03      0.5685472855E+01      0.8534421062E-01
0.1920000000E+00      0.1846056146E+03      0.5856544036E+01      0.8714582031E-01
0.1940000000E+00      0.1865904995E+03      0.6031372778E+01      0.8897314739E-01
0.1960000000E+00      0.1885772064E+03      0.6210018523E+01      0.9082615893E-01
0.1980000000E+00      0.1905657560E+03      0.6392540893E+01      0.9270479609E-01
0.2000000000E+00      0.1925561689E+03      0.6578999639E+01      0.9460897386E-01
0.2020000000E+00      0.1945484664E+03      0.6769454595E+01      0.9653858093E-01
0.2040000000E+00      0.1965426695E+03      0.6963965633E+01      0.9849355311E-01
0.2060000000E+00      0.1985387997E+03      0.7162592597E+01      0.1004735794E+00
0.2080000000E+00      0.2005368785E+03      0.7365395275E+01      0.1024785429E+00
0.2100000000E+00      0.2025369276E+03      0.7572433337E+01      0.1045082271E+00
0.2120000000E+00      0.2045389689E+03      0.7783766287E+01      0.1065623900E+00
0.2140000000E+00      0.2065430243E+03      0.7999453414E+01      0.1086407638E+00
0.2160000000E+00      0.2085491161E+03      0.8219553743E+01      0.1107430559E+00
0.2180000000E+00      0.2105572664E+03      0.8444125989E+01      0.1128689491E+00
0.2200000000E+00      0.2125674977E+03      0.8673228504E+01      0.1150181022E+00
0.2220000000E+00      0.2145798326E+03      0.8906919235E+01      0.1171901505E+00
0.2240000000E+00      0.2165942936E+03      0.9145255676E+01      0.1193847068E+00
0.2260000000E+00      0.2186109036E+03      0.9388294822E+01      0.1216013617E+00
0.2280000000E+00      0.2206296853E+03      0.9636093128E+01      0.1238396848E+00
0.2300000000E+00      0.2226506618E+03      0.9888706462E+01      0.1260992253E+00
0.2320000000E+00      0.2246738559E+03      0.1014619007E+02      0.1283795128E+00
0.2340000000E+00      0.2266992910E+03      0.1040859852E+02      0.1306800582E+00
0.2360000000E+00      0.2287269900E+03      0.1067598570E+02      0.1330003551E+00
0.2380000000E+00      0.2307569763E+03      0.1094840473E+02      0.1353398801E+00
0.2400000000E+00      0.2327892731E+03      0.1122590797E+02      0.1376980943E+00
0.2420000000E+00      0.2348239037E+03      0.1150854696E+02      0.1400744441E+00
0.2440000000E+00      0.2368608916E+03      0.1179637241E+02      0.1424683622E+00
0.2460000000E+00      0.2389002602E+03      0.1208943415E+02      0.1448793559E+00
0.2480000000E+00      0.2409420327E+03      0.1238778110E+02      0.1473066599E+00
0.2500000000E+00      0.2429862327E+03      0.1269146126E+02      0.1497497596E+00
0.2520000000E+00      0.2450328836E+03      0.1300052168E+02      0.1522080443E+00
0.2540000000E+00      0.2470820089E+03      0.1331500845E+02      0.1546808948E+00
0.2560000000E+00      0.2491336319E+03      0.1363496663E+02      0.1571676848E+00
0.2580000000E+00      0.2511877760E+03      0.1396044029E+02      0.1596677821E+00
0.2600000000E+00      0.2532444647E+03      0.1429147246E+02      0.1621805492E+00
0.2620000000E+00      0.2553037213E+03      0.1462810513E+02      0.1647053451E+00
0.2640000000E+00      0.2573655691E+03      0.1497037922E+02      0.1672415255E+00
0.2660000000E+00      0.2594300313E+03      0.1531833457E+02      0.1697884444E+00
0.2680000000E+00      0.2614971312E+03      0.1567200997E+02      0.1723454550E+00
0.2700000000E+00      0.2635668919E+03      0.1603144310E+02      0.1749119103E+00
0.2720000000E+00      0.2656393364E+03      0.1639667052E+02      0.1774871647E+00
0.2740000000E+00      0.2677144879E+03      0.1676772774E+02      0.1800705744E+00
0.2760000000E+00      0.2697923691E+03      0.1714464913E+02      0.1826614983E+00
0.2780000000E+00      0.2718730030E+03      0.1752746796E+02      0.1852592993E+00
0.2800000000E+00      0.2739564122E+03      0.1791621642E+02      0.1878633448E+00
0.2820000000E+00      0.2760426195E+03      0.1831092558E+02      0.1904730073E+00
0.2840000000E+00      0.2781316473E+03      0.1871162541E+02      0.1930876656E+00
0.2860000000E+00      0.2802235181E+03      0.1911834479E+02      0.1957067054E+00
0.2880000000E+00      0.2823182542E+03      0.1953111153E+02      0.1983295198E+00
0.2900000000E+00      0.2844158778E+03      0.1994995234E+02      0.2009555100E+00
0.2920000000E+00      0.2865164110E+03      0.2037489287E+02      0.2035840861E+00
0.2940000000E+00      0.2886198756E+03      0.2080595772E+02      0.2062147578E+00
0.2960000000E+00      0.2907262935E+03      0.2124317043E+02      0.2088467729E+00
0.2980000000E+00      0.2928356864E+03      0.2168655351E+02      0.2114796622E+00
0.3000000000E+00      0.2949480757E+03      0.2213612844E+02      0.2141128760E+00
0.3020000000E+00      0.2970634829E+03      0.2259191571E+02      0.2167458760E+00
0.3040000000E+00      0.2991819291E+03      0.2305393481E+02      0.2193781355E+00
0.3060000000E+00      0.3013034354E+03      0.2352220425E+02      0.2220091397E+00
0.3080000000E+00      0.3034280228E+03      0.2399674161E+02      0.2246330621E+00
0.3100000000E+00      0.3055557120E+03      0.2447756347E+02      0.2272599709E+00
0.3120000000E+00      0.3076865235E+03      0.2496468552E+02      0.2298841546E+00
0.3140000000E+00      0.3098204779E+03      0.2545812258E+02      0.2325051490E+00
0.3160000000E+00      0.3119575953E+03      0.2595788853E+02      0.2351225030E+00
0.3180000000E+00      0.3140978957E+03      0.2646399642E+02      0.2377357789E+00
0.3200000000E+00      0.3162413993E+03      0.2697645845E+02      0.2403445524E+00
0.3220000000E+00      0.3183881255E+03      0.2749528598E+02      0.2429484125E+00
0.3240000000E+00      0.3205380941E+03      0.2802048959E+02      0.2455469617E+00
0.3260000000E+00      0.3226913243E+03      0.2855207905E+02      0.2481398163E+00
0.3280000000E+00      0.3248478355E+03      0.2909006340E+02      0.2507266057E+00
0.3300000000E+00      0.3270076465E+03      0.2963445091E+02      0.2533069732E+00
0.3320000000E+00      0.3291707763E+03      0.3018524917E+02      0.2558805751E+00
0.3340000000E+00      0.3313372434E+03      0.3074246502E+02      0.2584470814E+00
0.3360000000E+00      0.3335070663E+03      0.3130610469E+02      0.2610061751E+00
0.3380000000E+00      0.3356802634E+03      0.3187617369E+02      0.2635575526E+00
0.3400000000E+00      0.3378568526E+03      0.3245267695E+02      0.2661009230E+00
0.3420000000E+00      0.3400368520E+03      0.3303561875E+02      0.2686360085E+00
0.3440000000E+00      0.3422202792E+03      0.3362500282E+02      0.2711625436E+00
0.3460000000E+00      0.3444071518E+03      0.3422083229E+02      0.2736802758E+00
0.3480000000E+00      0.3465974867E+03      0.3482310995E+02      0.2761947623E+00
0.3500000000E+00      0.3487913019E+03      0.3543183746E+02      0.2786942823E+00
0.3520000000E+00      0.3509886139E+03      0.3604701659E+02      0.2811843134E+00
0.3540000000E+00      0.3531894396E+03      0.3666864840E+02      0.2836646513E+00
0.3560000000E+00      0.3553937956E+03      0.3729673349E+02      0.2861351024E+00
0.3580000000E+00      0.3576016982E+03      0.3793127201E+02      0.2885954842E+00
0.3600000000E+00      0.3598131638E+03      0.3857226370E+02      0.2910456251E+00
0.3620000000E+00      0.3620282083E+03      0.3921970786E+02      0.2934853642E+00
0.3640000000E+00      0.3642468477E+03      0.3987360342E+02      0.2959145516E+00
0.3660000000E+00      0.3664690976E+03      0.4053394892E+02      0.2983330454E+00
0.3680000000E+00      0.3686949735E+03      0.4120074256E+02      0.3007407157E+00
0.3700000000E+00      0.3709244909E+03      0.4187398219E+02      0.3031374413E+00
0.3720000000E+00      0.3731576648E+03      0.4255366534E+02      0.3055231103E+00
0.3740000000E+00      0.3753945102E+03      0.4323978924E+02      0.3078976198E+00
0.3760000000E+00      0.3776350419E+03      0.4393235081E+02      0.3102608756E+00
0.3780000000E+00      0.3798792745E+03      0.4463134672E+02      0.3126127920E+00
0.3800000000E+00      0.3821272228E+03      0.4533677317E+02      0.3149493371E+00
0.3820000000E+00      0.3843789005E+03      0.4604862670E+02      0.3172782520E+00
0.3840000000E+00      0.3866343220E+03      0.4676690305E+02      0.3195956174E+00
0.3860000000E+00      0.3888935012E+03      0.4749159791E+02      0.3219013785E+00
0.3880000000E+00      0.3911564520E+03      0.4822270680E+02      0.3241954876E+00
0.3900000000E+00      0.3934231878E+03      0.4896022503E+02      0.3264779038E+00
0.3920000000E+00      0.3956937222E+03      0.4970414773E+02      0.3287485927E+00
0.3940000000E+00      0.3979680684E+03      0.5045446986E+02      0.3310075263E+00
0.3960000000E+00      0.4002462396E+03      0.5121118625E+02      0.3332546823E+00
0.3980000000E+00      0.4025282487E+03      0.5197429157E+02      0.3354900448E+00
0.4000000000E+00      0.4048141086E+03      0.5274378035E+02      0.3377136027E+00
0.4020000000E+00      0.4071038318E+03      0.5351964701E+02      0.3399253507E+00
0.4040000000E+00      0.4093974309E+03      0.5430188586E+02      0.3421252884E+00
0.4060000000E+00      0.4116949183E+03      0.5509049109E+02      0.3443134202E+00
0.4080000000E+00      0.4139963060E+03      0.5588545683E+02      0.3464897552E+00
0.4100000000E+00      0.4163016062E+03      0.5668677710E+02      0.3486543067E+00
0.4120000000E+00      0.4186108308E+03      0.5749444584E+02      0.3508070924E+00
0.4140000000E+00      0.4209239915E+03      0.5830845695E+02      0.3529481338E+00
0.4160000000E+00      0.4232410998E+03      0.5912880425E+02      0.3550774563E+00
0.4180000000E+00      0.4255621674E+03      0.5995548150E+02      0.3571950887E+00
0.4200000000E+00      0.4278872055E+03      0.6078848245E+02      0.3593010633E+00
0.4220000000E+00      0.4302162253E+03      0.6162780078E+02      0.3613954156E+00
0.4240000000E+00      0.4325492379E+03      0.6247343015E+02      0.3634781841E+00
0.4260000000E+00      0.4348862541E+03      0.6332536419E+02      0.3655494100E+00
0.4280000000E+00      0.4372272848E+03      0.6418359652E+02      0.3676091375E+00
0.4300000000E+00      0.4395723406E+03      0.6504812074E+02      0.3696574130E+00
0.4320000000E+00      0.4419214321E+03      0.6591893043E+02      0.3716942854E+00
0.4340000000E+00      0.4442745697E+03      0.6679601920E+02      0.3737198058E+00
0.4360000000E+00      0.4466317635E+03      0.6767938063E+02      0.3757248279E+00
0.4380000000E+00      0.4489930239E+03      0.6856900831E+02      0.3777277013E+00
0.4400000000E+00      0.4513583608E+03      0.6946489585E+02      0.3797193879E+00
0.4420000000E+00      0.4537277841E+03      0.7036703687E+02      0.3816999463E+00
0.4440000000E+00      0.4561013036E+03      0.7127542501E+02      0.3836694365E+00
0.4460000000E+00      0.4584789290E+03      0.7219005392E+02      0.3856279200E+00
0.4480000000E+00      0.4608606698E+03      0.7311091729E+02      0.3875754597E+00
0.4500000000E+00      0.4632465356E+03      0.7403800883E+02      0.3895121193E+00
0.4520000000E+00      0.4656365356E+03      0.7497132228E+02      0.3914379641E+00
0.4540000000E+00      0.4680306790E+03      0.7591085142E+02      0.3933530600E+00
0.4560000000E+00      0.4704289750E+03      0.7685659004E+02      0.3952574740E+00
0.4580000000E+00      0.4728314325E+03      0.7780853201E+02      0.3971512576E+00
0.4600000000E+00      0.4752380606E+03      0.7876667122E+02      0.3990345117E+00
0.4620000000E+00      0.4776488679E+03      0.7973100158E+02      0.4009072889E+00
0.4640000000E+00      0.4800638632E+03      0.8070151709E+02      0.4027696590E+00
0.4660000000E+00      0.4824830551E+03      0.8167821174E+02      0.4046216919E+00
0.4680000000E+00      0.4849064520E+03      0.8266107963E+02      0.4064634581E+00
0.4700000000E+00      0.4873340624E+03      0.8365011486E+02      0.4082950284E+00
0.4720000000E+00      0.4897658946E+03      0.8464531159E+02      0.4101164738E+00
0.4740000000E+00      0.4922019567E+03      0.8564666406E+02      0.4119278656E+00
0.4760000000E+00      0.4946422570E+03      0.8665416652E+02      0.4137292751E+00
0.4780000000E+00      0.4970868033E+03      0.8766781330E+02      0.4155207737E+00
0.4800000000E+00      0.4995356037E+03      0.8868759877E+02      0.4173024331E+00
0.4820000000E+00      0.5019886659E+03      0.8971351737E+02      0.4190743246E+00
0.4840000000E+00      0.5044459978E+03      0.9074556359E+02      0.4208365197E+00
0.4860000000E+00      0.5069076070E+03      0.9178373195E+02      0.4225890896E+00
0.4880000000E+00      0.5093735011E+03      0.9282801707E+02      0.4243321056E+00
0.4900000000E+00      0.5118436875E+03      0.9387841360E+02      0.4260656385E+00
0.4920000000E+00      0.5143181737E+03      0.9493491624E+02      0.4277897592E+00
0.4940000000E+00      0.5167969671E+03      0.9599751976E+02      0.4295045381E+00
0.4960000000E+00      0.5192800748E+03      0.9706621899E+02      0.4312100453E+00
0.4980000000E+00      0.5217675041E+03      0.9814100881E+02      0.4329063508E+00
0.5000000000E+00      0.5242592620E+03      0.9922188415E+02      0.4345935241E+00
0.5020000000E+00      0.5267553556E+03      0.1003088400E+03      0.4362716343E+00
0.5040000000E+00      0.5292557918E+03      0.1014018714E+03      0.4379407502E+00
0.5060000000E+00      0.5317605774E+03      0.1025009735E+03      0.4396009400E+00
0.5080000000E+00      0.5342697194E+03      0.1036061415E+03      0.4412522716E+00
0.5100000000E+00      0.5367832243E+03      0.1047173704E+03      0.4428948126E+00
0.5120000000E+00      0.5393010988E+03      0.1058346557E+03      0.4445286297E+00
0.5140000000E+00      0.5418233495E+03      0.1069579927E+03      0.4461537894E+00
0.5160000000E+00      0.5443499830E+03      0.1080873767E+03      0.4477703576E+00
0.5180000000E+00      0.5468810056E+03      0.1092228031E+03      0.4493783999E+00
0.5200000000E+00      0.5494164238E+03      0.1103642676E+03      0.4509779809E+00
0.5220000000E+00      0.5519562438E+03      0.1115117655E+03      0.4525691651E+00
0.5240000000E+00      0.5545004719E+03      0.1126652925E+03      0.4541520162E+00
0.5260000000E+00      0.5570491143E+03      0.1138248442E+03      0.4557265974E+00
0.5280000000E+00      0.5596021771E+03      0.1149904164E+03      0.4572929714E+00
0.5300000000E+00      0.5621596663E+03      0.1161620047E+03      0.4588512002E+00
0.5320000000E+00      0.5647215879E+03      0.1173396051E+03      0.4604013452E+00
0.5340000000E+00      0.5672879479E+03      0.1185232132E+03      0.4619434674E+00
0.5360000000E+00      0.5698587521E+03      0.1197128251E+03      0.4634776270E+00
0.5380000000E+00      0.5724340064E+03      0.1209084366E+03      0.4650038838E+00
0.5400000000E+00      0.5750137164E+03      0.1221100438E+03      0.4665222967E+00
0.5420000000E+00      0.5775978874E+03      0.1233176432E+03      0.4680442464E+00
0.5440000000E+00      0.5801865261E+03      0.1245312298E+03      0.4695471962E+00
0.5460000000E+00      0.5827796375E+03      0.1257508003E+03      0.4710424757E+00
0.5480000000E+00      0.5853772271E+03      0.1269763508E+03      0.4725301412E+00
0.5500000000E+00      0.5879793005E+03      0.1282078777E+03      0.4740102491E+00
0.5520000000E+00      0.5905858629E+03      0.1294453770E+03      0.4754828548E+00
0.5540000000E+00      0.5931969199E+03      0.1306888452E+03      0.4769480132E+00
0.5560000000E+00      0.5958124767E+03      0.1319382785E+03      0.4784057786E+00
0.5580000000E+00      0.5984325386E+03      0.1331936733E+03      0.4798562047E+00
0.5600000000E+00      0.6010571108E+03      0.1344550260E+03      0.4812993447E+00
0.5620000000E+00      0.6036861985E+03      0.1357223332E+03      0.4827352402E+00
0.5640000000E+00      0.6063198067E+03      0.1369955913E+03      0.4841639650E+00
0.5660000000E+00      0.6089579406E+03      0.1382747967E+03      0.4855855596E+00
0.5680000000E+00      0.6116006051E+03      0.1395599462E+03      0.4870000748E+00
0.5700000000E+00      0.6142478052E+03      0.1408510362E+03      0.4884075608E+00
0.5720000000E+00      0.6168995460E+03      0.1421480634E+03      0.4898080672E+00
0.5740000000E+00      0.6195558321E+03      0.1434510246E+03      0.4912016433E+00
0.5760000000E+00      0.6222166685E+03      0.1447599163E+03      0.4925883376E+00
0.5780000000E+00      0.6248820600E+03      0.1460747353E+03      0.4939681981E+00
0.5800000000E+00      0.6275520112E+03      0.1473954785E+03      0.4953412724E+00
0.5820000000E+00      0.6302265270E+03      0.1487221425E+03      0.4967076073E+00
0.5840000000E+00      0.6329056119E+03      0.1500547242E+03      0.4980672493E+00
0.5860000000E+00      0.6355892706E+03      0.1513932205E+03      0.4994202442E+00
0.5880000000E+00      0.6382775076E+03      0.1527376282E+03      0.5007666375E+00
0.5900000000E+00      0.6409703274E+03      0.1540879444E+03      0.5021064741E+00
0.5920000000E+00      0.6436677346E+03      0.1554441658E+03      0.5034397983E+00
0.5940000000E+00      0.6463697336E+03      0.1568062895E+03      0.5047666539E+00
0.5960000000E+00      0.6490763288E+03      0.1581743125E+03      0.5060870843E+00
0.5980000000E+00      0.6517875246E+03      0.1595482318E+03      0.5074011325E+00
0.6000000000E+00      0.6545033253E+03      0.1609280444E+03      0.5087088409E+00
0.6020000000E+00      0.6572237352E+03      0.1623137474E+03      0.5100102513E+00
0.6040000000E+00      0.6599487585E+03      0.1637053380E+03      0.5113054053E+00
0.6060000000E+00      0.6626783995E+03      0.1651028131E+03      0.5125943438E+00
0.6080000000E+00      0.6654126623E+03      0.1665061700E+03      0.5138771075E+00
0.6100000000E+00      0.6681515511E+03      0.1679154058E+03      0.5151537364E+00
0.6120000000E+00      0.6708950699E+03      0.1693305177E+03      0.5164242703E+00
0.6140000000E+00      0.6736432229E+03      0.1707515029E+03      0.5176887483E+00
0.6160000000E+00      0.6763960141E+03      0.1721783587E+03      0.5189472094E+00
0.6180000000E+00      0.6791534474E+03      0.1736110821E+03      0.5201996919E+00
0.6200000000E+00      0.6819155269E+03      0.1750496706E+03      0.5214462337E+00
0.6220000000E+00      0.6846822565E+03      0.1764941214E+03      0.5226868726E+00
0.6240000000E+00      0.6874536400E+03      0.1779444318E+03      0.5239216456E+00
0.6260000000E+00      0.6902296813E+03      0.1794005991E+03      0.5251505895E+00
0.6280000000E+00      0.6930103843E+03      0.1808626206E+03      0.5263737409E+00
0.6300000000E+00      0.6957957527E+03      0.1823304937E+03      0.5275911356E+00
0.6320000000E+00      0.6985857903E+03      0.1838042157E+03      0.5288028093E+00
0.6340000000E+00      0.7013805008E+03      0.1852837841E+03      0.5300087974E+00
0.6360000000E+00      0.7041798879E+03      0.1867691961E+03      0.5312091347E+00
0.6380000000E+00      0.7069839554E+03      0.1882604493E+03      0.5324038558E+00
0.6400000000E+00      0.7097927067E+03      0.1897575411E+03      0.5335929949E+00
0.6420000000E+00      0.7126061456E+03      0.1912604688E+03      0.5347765859E+00
0.6440000000E+00      0.7154242756E+03      0.1927692299E+03      0.5359546623E+00
0.6460000000E+00      0.7182471002E+03      0.1942838219E+03      0.5371272573E+00
0.6480000000E+00      0.7210746230E+03      0.1958042423E+03      0.5382944037E+00
0.6500000000E+00      0.7239068475E+03      0.1973304885E+03      0.5394561342E+00
0.6520000000E+00      0.7267437770E+03      0.1988625581E+03      0.5406124809E+00
0.6540000000E+00      0.7295854151E+03      0.2004004485E+03      0.5417634757E+00
0.6560000000E+00      0.7324317651E+03      0.2019441572E+03      0.5429091503E+00
0.6580000000E+00      0.7352828304E+03      0.2034936819E+03      0.5440495360E+00
0.6600000000E+00      0.7381386143E+03      0.2050490200E+03      0.5451846638E+00
0.6620000000E+00      0.7409991202E+03      0.2066101691E+03      0.5463145644E+00
0.6640000000E+00      0.7438643513E+03      0.2081771268E+03      0.5474392683E+00
0.6660000000E+00      0.7467343109E+03      0.2097498906E+03      0.5485588056E+00
0.6680000000E+00      0.7496090022E+03      0.2113284580E+03      0.5496732063E+00
0.6700000000E+00      0.7524884285E+03      0.2129128268E+03      0.5507824998E+00
0.6720000000E+00      0.7553725929E+03      0.2145029944E+03      0.5518867156E+00
0.6740000000E+00      0.7582614985E+03      0.2160989585E+03      0.5529858828E+00
0.6760000000E+00      0.7611551485E+03      0.2177007167E+03      0.5540800301E+00
0.6780000000E+00      0.7640535461E+03      0.2193082667E+03      0.5551691862E+00
0.6800000000E+00      0.7669566942E+03      0.2209216059E+03      0.5562533794E+00
0.6820000000E+00      0.7698645959E+03      0.2225407322E+03      0.5573326378E+00
0.6840000000E+00      0.7727772543E+03      0.2241656430E+03      0.5584069891E+00
0.6860000000E+00      0.7756946723E+03      0.2257963361E+03      0.5594764611E+00
0.6880000000E+00      0.7786168530E+03      0.2274328091E+03      0.5605410811E+00
0.6900000000E+00      0.7815437993E+03      0.2290750597E+03      0.5616008761E+00
0.6920000000E+00      0.7844755140E+03      0.2307230856E+03      0.5626558733E+00
0.6940000000E+00      0.7874120002E+03      0.2323768843E+03      0.5637060992E+00
0.6960000000E+00      0.7903532607E+03      0.2340364537E+03      0.5647515803E+00
0.6980000000E+00      0.7932992984E+03      0.2357017913E+03      0.5657923430E+00
0.7000000000E+00      0.7962501161E+03      0.2373728949E+03      0.5668284132E+00
0.7020000000E+00      0.7992057165E+03      0.2390497621E+03      0.5678598168E+00
0.7040000000E+00      0.8021661026E+03      0.2407323907E+03      0.5688865795E+00
0.7060000000E+00      0.8051312771E+03      0.2424207784E+03      0.5699087267E+00
0.7080000000E+00      0.8081012427E+03      0.2441149228E+03      0.5709262837E+00
0.7100000000E+00      0.8110760021E+03      0.2458148217E+03      0.5719392755E+00
0.7120000000E+00      0.8140555581E+03      0.2475204728E+03      0.5729477271E+00
0.7140000000E+00      0.8170399133E+03      0.2492318738E+03      0.5739516630E+00
0.7160000000E+00      0.8200290704E+03      0.2509490225E+03      0.5749511078E+00
0.7180000000E+00      0.8230230320E+03      0.2526719165E+03      0.5759460859E+00
0.7200000000E+00      0.8260218008E+03      0.2544005536E+03      0.5769366163E+00
0.7220000000E+00      0.8290253793E+03      0.2561349316E+03      0.5779227331E+00
0.7240000000E+00      0.8320337701E+03      0.2578750481E+03      0.5789044549E+00
0.7260000000E+00      0.8350469758E+03      0.2596209010E+03      0.5798818055E+00
0.7280000000E+00      0.8380649989E+03      0.2613724879E+03      0.5808548082E+00
0.7300000000E+00      0.8410878419E+03      0.2631298067E+03      0.5818234864E+00
0.7320000000E+00      0.8441155074E+03      0.2648928550E+03      0.5827878632E+00
0.7340000000E+00      0.8471479978E+03      0.2666616307E+03      0.5837479615E+00
0.7360000000E+00      0.8501853155E+03      0.2684361315E+03      0.5847038042E+00
0.7380000000E+00      0.8532274630E+03      0.2702163551E+03      0.5856554139E+00
0.7400000000E+00      0.8562744427E+03      0.2720022994E+03      0.5866028131E+00
0.7420000000E+00      0.8593262570E+03      0.2737939620E+03      0.5875460241E+00
0.7440000000E+00      0.8623829082E+03      0.2755913408E+03      0.5884850692E+00
0.7460000000E+00      0.8654443989E+03      0.2773944336E+03      0.5894199704E+00
0.7480000000E+00      0.8685107312E+03      0.2792032381E+03      0.5903507495E+00
0.7500000000E+00      0.8715819075E+03      0.2810177521E+03      0.5912774285E+00
0.7520000000E+00      0.8746579301E+03      0.2828379733E+03      0.5922000288E+00
0.7540000000E+00      0.8777388014E+03      0.2846638997E+03      0.5931185719E+00
0.7560000000E+00      0.8808245235E+03      0.2864955289E+03      0.5940330793E+00
0.7580000000E+00      0.8839150987E+03      0.2883328587E+03      0.5949435721E+00
0.7600000000E+00      0.8870105293E+03      0.2901758870E+03      0.5958500714E+00
0.7620000000E+00      0.8901108174E+03      0.2920246115E+03      0.5967525981E+00
0.7640000000E+00      0.8932159653E+03      0.2938790300E+03      0.5976511731E+00
0.7660000000E+00      0.8963259752E+03      0.2957391404E+03      0.5985458169E+00
0.7680000000E+00      0.8994408492E+03      0.2976049404E+03      0.5994365503E+00
0.7700000000E+00      0.9025605894E+03      0.2994764279E+03      0.6003233936E+00
0.7720000000E+00      0.9056851980E+03      0.3013536006E+03      0.6012063671E+00
0.7740000000E+00      0.9088146771E+03      0.3032364564E+03      0.6020854910E+00
0.7760000000E+00      0.9119490289E+03      0.3051249930E+03      0.6029607854E+00
0.7780000000E+00      0.9150882553E+03      0.3070192083E+03      0.6038322702E+00
0.7800000000E+00      0.9182323584E+03      0.3089191001E+03      0.6046999653E+00
0.7820000000E+00      0.9213813403E+03      0.3108246663E+03      0.6055638903E+00
0.7840000000E+00      0.9245352031E+03      0.3127359045E+03      0.6064240649E+00
0.7860000000E+00      0.9276939487E+03      0.3146528128E+03      0.6072805085E+00
0.7880000000E+00      0.9308575791E+03      0.3165753888E+03      0.6081332404E+00
0.7900000000E+00      0.9340260964E+03      0.3185036305E+03      0.6089822801E+00
0.7920000000E+00      0.9371995025E+03      0.3204375355E+03      0.6098276465E+00
0.7940000000E+00      0.9403777993E+03      0.3223771019E+03      0.6106693588E+00
0.7960000000E+00      0.9435609888E+03      0.3243223274E+03      0.6115074358E+00
0.7980000000E+00      0.9467490729E+03      0.3262732098E+03      0.6123418964E+00
0.8000000000E+00      0.9499420535E+03      0.3282297470E+03      0.6131727593E+00
0.8020000000E+00      0.9531399325E+03      0.3301919368E+03      0.6140000431E+00
0.8040000000E+00      0.9563427118E+03      0.3321597771E+03      0.6148237663E+00
0.8060000000E+00      0.9595503933E+03      0.3341332658E+03      0.6156439473E+00
0.8080000000E+00      0.9627629787E+03      0.3361124005E+03      0.6164606044E+00
0.8100000000E+00      0.9659804700E+03      0.3380971793E+03      0.6172737558E+00
0.8120000000E+00      0.9692028690E+03      0.3400876000E+03      0.6180834196E+00
0.8140000000E+00      0.9724301774E+03      0.3420836604E+03      0.6188896139E+00
0.8160000000E+00      0.9756623970E+03      0.3440853584E+03      0.6196923564E+00
0.8180000000E+00      0.9788995297E+03      0.3460926918E+03      0.6204916651E+00
0.8200000000E+00      0.9821415772E+03      0.3481056585E+03      0.6212875575E+00
0.8220000000E+00      0.9853885412E+03      0.3501242564E+03      0.6220800515E+00
0.8240000000E+00      0.9886404235E+03      0.3521484833E+03      0.6228691643E+00
0.8260000000E+00      0.9918972258E+03      0.3541783371E+03      0.6236549136E+00
0.8280000000E+00      0.9951589498E+03      0.3562138157E+03      0.6244373165E+00
0.8300000000E+00      0.9984255972E+03      0.3582549170E+03      0.6252163904E+00
0.8320000000E+00      0.1001697170E+04      0.3603016388E+03      0.6259921523E+00
0.8340000000E+00      0.1004973669E+04      0.3623539790E+03      0.6267646194E+00
0.8360000000E+00      0.1008255097E+04      0.3644119355E+03      0.6275338087E+00
0.8380000000E+00      0.1011541454E+04      0.3664755062E+03      0.6282997369E+00
0.8400000000E+00      0.1014832744E+04      0.3685446889E+03      0.6290624208E+00
0.8420000000E+00      0.1018128966E+04      0.3706194816E+03      0.6298218773E+00
0.8440000000E+00      0.1021430124E+04      0.3726998822E+03      0.6305781228E+00
0.8460000000E+00      0.1024736218E+04      0.3747858885E+03      0.6313311739E+00
0.8480000000E+00      0.1028047250E+04      0.3768774984E+03      0.6320810470E+00
0.8500000000E+00      0.1031363222E+04      0.3789747099E+03      0.6328277585E+00
0.8520000000E+00      0.1034684135E+04      0.3810775209E+03      0.6335713247E+00
0.8540000000E+00      0.1038009991E+04      0.3831859292E+03      0.6343117617E+00
0.8560000000E+00      0.1041340791E+04      0.3852999328E+03      0.6350490856E+00
0.8580000000E+00      0.1044676537E+04      0.3874195296E+03      0.6357833125E+00
0.8600000000E+00      0.1048017230E+04      0.3895447175E+03      0.6365144582E+00
0.8620000000E+00      0.1051362872E+04      0.3916754945E+03      0.6372425387E+00
0.8640000000E+00      0.1054713464E+04      0.3938118583E+03      0.6379675696E+00
0.8660000000E+00      0.1058069008E+04      0.3959538071E+03      0.6386895667E+00
0.8680000000E+00      0.1061429506E+04      0.3981013387E+03      0.6394085456E+00
0.8700000000E+00      0.1064794958E+04      0.4002544510E+03      0.6401245217E+00
0.8720000000E+00      0.1068165365E+04      0.4024131420E+03      0.6408375107E+00
0.8740000000E+00      0.1071540731E+04      0.4045774096E+03      0.6415475277E+00
0.8760000000E+00      0.1074921055E+04      0.4067472518E+03      0.6422545881E+00
0.8780000000E+00      0.1078306340E+04      0.4089226664E+03      0.6429587071E+00
0.8800000000E+00      0.1081696587E+04      0.4111036516E+03      0.6436598998E+00
0.8820000000E+00      0.1085091796E+04      0.4132902051E+03      0.6443581813E+00
0.8840000000E+00      0.1088491970E+04      0.4154823250E+03      0.6450535665E+00
0.8860000000E+00      0.1091897110E+04      0.4176800093E+03      0.6457460704E+00
0.8880000000E+00      0.1095307217E+04      0.4198832558E+03      0.6464357077E+00
0.8900000000E+00      0.1098722293E+04      0.4220920626E+03      0.6471224933E+00
0.8920000000E+00      0.1102142338E+04      0.4243064276E+03      0.6478064417E+00
0.8940000000E+00      0.1105567355E+04      0.4265263488E+03      0.6484875677E+00
0.8960000000E+00      0.1108997344E+04      0.4287518242E+03      0.6491658856E+00
0.8980000000E+00      0.1112432307E+04      0.4309828517E+03      0.6498414099E+00
0.9000000000E+00      0.1115872245E+04      0.4332194294E+03      0.6505141551E+00
0.9020000000E+00      0.1119317160E+04      0.4354615553E+03      0.6511841354E+00
0.9040000000E+00      0.1122767051E+04      0.4377092272E+03      0.6518513650E+00
0.9060000000E+00      0.1126221922E+04      0.4399624433E+03      0.6525158581E+00
0.9080000000E+00      0.1129681773E+04      0.4422212015E+03      0.6531776287E+00
0.9100000000E+00      0.1133146605E+04      0.4444854999E+03      0.6538366910E+00
0.9120000000E+00      0.1136616420E+04      0.4467553363E+03      0.6544930587E+00
0.9140000000E+00      0.1140091219E+04      0.4490307090E+03      0.6551467458E+00
0.9160000000E+00      0.1143571002E+04      0.4513116158E+03      0.6557977662E+00
0.9180000000E+00      0.1147055772E+04      0.4535980548E+03      0.6564461333E+00
0.9200000000E+00      0.1150545529E+04      0.4558900240E+03      0.6570918611E+00
0.9220000000E+00      0.1154040275E+04      0.4581875214E+03      0.6577349629E+00
0.9240000000E+00      0.1157540010E+04      0.4604905451E+03      0.6583754524E+00
0.9260000000E+00      0.1161044737E+04      0.4627990932E+03      0.6590133430E+00
0.9280000000E+00      0.1164554455E+04      0.4651131636E+03      0.6596486480E+00
0.9300000000E+00      0.1168069166E+04      0.4674327543E+03      0.6602813808E+00
0.9320000000E+00      0.1171588872E+04      0.4697578636E+03      0.6609115546E+00
0.9340000000E+00      0.1175113573E+04      0.4720884893E+03      0.6615391826E+00
0.9360000000E+00      0.1178643271E+04      0.4744246296E+03      0.6621642779E+00
0.9380000000E+00      0.1182177966E+04      0.4767662825E+03      0.6627868534E+00
0.9400000000E+00      0.1185717661E+04      0.4791134461E+03      0.6634069222E+00
0.9420000000E+00      0.1189262354E+04      0.4814661185E+03      0.6640244972E+00
0.9440000000E+00      0.1192812049E+04      0.4838242976E+03      0.6646395912E+00
0.9460000000E+00      0.1196366746E+04      0.4861879817E+03      0.6652522170E+00
0.9480000000E+00      0.1199926446E+04      0.4885571688E+03      0.6658623873E+00
0.9500000000E+00      0.1203491150E+04      0.4909318570E+03      0.6664701146E+00
0.9520000000E+00      0.1207060859E+04      0.4933120444E+03      0.6670754117E+00
0.9540000000E+00      0.1210635574E+04      0.4956977291E+03      0.6676782909E+00
0.9560000000E+00      0.1214215297E+04      0.4980889091E+03      0.6682787647E+00
0.9580000000E+00      0.1217800027E+04      0.5004855826E+03      0.6688768456E+00
0.9600000000E+00      0.1221389767E+04      0.5028877477E+03      0.6694725457E+00
0.9620000000E+00      0.1224984517E+04      0.5052954026E+03      0.6700658774E+00
0.9640000000E+00      0.1228584279E+04      0.5077085452E+03      0.6706568529E+00
0.9660000000E+00      0.1232189052E+04      0.5101271739E+03      0.6712454833E+00
0.9680000000E+00      0.1235798839E+04      0.5125512866E+03      0.6718317825E+00
0.9700000000E+00      0.1239413640E+04      0.5149808815E+03      0.6724157617E+00
0.9720000000E+00      0.1243033456E+04      0.5174159569E+03      0.6729974326E+00
0.9740000000E+00      0.1246658288E+04      0.5198565107E+03      0.6735768073E+00
0.9760000000E+00      0.1250288137E+04      0.5223025412E+03      0.6741538975E+00
0.9780000000E+00      0.1253923004E+04      0.5247540465E+03      0.6747287150E+00
0.9800000000E+00      0.1257562890E+04      0.5272110248E+03      0.6753012714E+00
0.9820000000E+00      0.1261207796E+04      0.5296734742E+03      0.6758715784E+00
0.9840000000E+00      0.1264857722E+04      0.5321413929E+03      0.6764396474E+00
0.9860000000E+00      0.1268512671E+04      0.5346147791E+03      0.6770054901E+00
0.9880000000E+00      0.1272172641E+04      0.5370936310E+03      0.6775691179E+00
0.9900000000E+00      0.1275837636E+04      0.5395779467E+03      0.6781305421E+00
0.9920000000E+00      0.1279507654E+04      0.5420677244E+03      0.6786897740E+00
0.9940000000E+00      0.1283182698E+04      0.5445629624E+03      0.6792468250E+00
0.9960000000E+00      0.1286862768E+04      0.5470636588E+03      0.6798017061E+00
0.9980000000E+00      0.1290547865E+04      0.5495698118E+03      0.6803544287E+00
0.1000000000E+01      0.1294237989E+04      0.5520814196E+03      0.6809050036E+00
0.1002000000E+01      0.1297933142E+04      0.5545984805E+03      0.6814534420E+00
0.1004000000E+01      0.1301633325E+04      0.5571209926E+03      0.6819882217E+00
0.1006000000E+01      0.1305338538E+04      0.5596489542E+03      0.6825324156E+00
0.1008000000E+01      0.1309048783E+04      0.5621823636E+03      0.6830745058E+00
0.1010000000E+01      0.1312764059E+04      0.5647212189E+03      0.6836145030E+00
0.1012000000E+01      0.1316484368E+04      0.5672655183E+03      0.6841524180E+00
0.1014000000E+01      0.1320209711E+04      0.5698152602E+03      0.6846882614E+00
0.1016000000E+01      0.1323940088E+04      0.5723704428E+03      0.6852220439E+00
0.1018000000E+01      0.1327675501E+04      0.5749310643E+03      0.6857537760E+00
0.1020000000E+01      0.1331415949E+04      0.5774971230E+03      0.6862834682E+00
0.1022000000E+01      0.1335161435E+04      0.5800686171E+03      0.6868111309E+00
0.1024000000E+01      0.1338911958E+04      0.5826455450E+03      0.6873367747E+00
0.1026000000E+01      0.1342667519E+04      0.5852279048E+03      0.6878604097E+00
0.1028000000E+01      0.1346428119E+04      0.5878156950E+03      0.6883820463E+00
0.1030000000E+01      0.1350193760E+04      0.5904089136E+03      0.6889016947E+00
0.1032000000E+01      0.1353964441E+04      0.5930075592E+03      0.6894193650E+00
0.1034000000E+01      0.1357740163E+04      0.5956116299E+03      0.6899350675E+00
0.1036000000E+01      0.1361520928E+04      0.5982211240E+03      0.6904488120E+00
0.1038000000E+01      0.1365306735E+04      0.6008360398E+03      0.6909606087E+00
0.1040000000E+01      0.1369097586E+04      0.6034563758E+03      0.6914704675E+00
0.1042000000E+01      0.1372893481E+04      0.6060821301E+03      0.6919783983E+00
0.1044000000E+01      0.1376694422E+04      0.6087133010E+03      0.6924844109E+00
0.1046000000E+01      0.1380500408E+04      0.6113498871E+03      0.6929885151E+00
0.1048000000E+01      0.1384311440E+04      0.6139918864E+03      0.6934907207E+00
0.1050000000E+01      0.1388127520E+04      0.6166392975E+03      0.6939910373E+00
0.1052000000E+01      0.1391948647E+04      0.6192921185E+03      0.6944894745E+00
0.1054000000E+01      0.1395774823E+04      0.6219503480E+03      0.6949860420E+00
0.1056000000E+01      0.1399606049E+04      0.6246139841E+03      0.6954807493E+00
0.1058000000E+01      0.1403442324E+04      0.6272830254E+03      0.6959736058E+00
0.1060000000E+01      0.1407283649E+04      0.6299574701E+03      0.6964646210E+00
0.1062000000E+01      0.1411130026E+04      0.6326373166E+03      0.6969538042E+00
0.1064000000E+01      0.1414981455E+04      0.6353225633E+03      0.6974411647E+00
0.1066000000E+01      0.1418837936E+04      0.6380132086E+03      0.6979267119E+00
0.1068000000E+01      0.1422699471E+04      0.6407092508E+03      0.6984104549E+00
0.1070000000E+01      0.1426566059E+04      0.6434106883E+03      0.6988924029E+00
0.1072000000E+01      0.1430437702E+04      0.6461175196E+03      0.6993725650E+00
0.1074000000E+01      0.1434314400E+04      0.6488297430E+03      0.6998509503E+00
0.1076000000E+01      0.1438196153E+04      0.6515473570E+03      0.7003275678E+00
0.1078000000E+01      0.1442082963E+04      0.6542703599E+03      0.7008024264E+00
0.1080000000E+01      0.1445974830E+04      0.6569987501E+03      0.7012755352E+00
0.1082000000E+01      0.1449871754E+04      0.6597325261E+03      0.7017469028E+00
0.1084000000E+01      0.1453773737E+04      0.6624716864E+03      0.7022165383E+00
0.1086000000E+01      0.1457680778E+04      0.6652162292E+03      0.7026844502E+00
0.1088000000E+01      0.1461592879E+04      0.6679661532E+03      0.7031506474E+00
0.1090000000E+01      0.1465510040E+04      0.6707214566E+03      0.7036151385E+00
0.1092000000E+01      0.1469432261E+04      0.6734821380E+03      0.7040779322E+00
0.1094000000E+01      0.1473359543E+04      0.6762481958E+03      0.7045390370E+00
0.1096000000E+01      0.1477291887E+04      0.6790196285E+03      0.7049984614E+00
0.1098000000E+01      0.1481229293E+04      0.6817964345E+03      0.7054562140E+00
0.1100000000E+01      0.1485171762E+04      0.6845786123E+03      0.7059123031E+00
0.1102000000E+01      0.1489119295E+04      0.6873661604E+03      0.7063667372E+00
0.1104000000E+01      0.1493071891E+04      0.6901590773E+03      0.7068195246E+00
0.1106000000E+01      0.1497029552E+04      0.6929573613E+03      0.7072706735E+00
0.1108000000E+01      0.1500992278E+04      0.6957610111E+03      0.7077201923E+00
0.1110000000E+01      0.1504960070E+04      0.6985700251E+03      0.7081680891E+00
0.1112000000E+01      0.1508932927E+04      0.7013844018E+03      0.7086143721E+00
0.1114000000E+01      0.1512910852E+04      0.7042041397E+03      0.7090590494E+00
0.1116000000E+01      0.1516893843E+04      0.7070292374E+03      0.7095021290E+00
0.1118000000E+01      0.1520881902E+04      0.7098596932E+03      0.7099436190E+00
0.1120000000E+01      0.1524875030E+04      0.7126955059E+03      0.7103835274E+00
0.1122000000E+01      0.1528873226E+04      0.7155366738E+03      0.7108218621E+00
0.1124000000E+01      0.1532876491E+04      0.7183831955E+03      0.7112586309E+00
0.1126000000E+01      0.1536884826E+04      0.7212350696E+03      0.7116938417E+00
0.1128000000E+01      0.1540898232E+04      0.7240922946E+03      0.7121275024E+00
0.1130000000E+01      0.1544916708E+04      0.7269548690E+03      0.7125596205E+00
0.1132000000E+01      0.1548940255E+04      0.7298227913E+03      0.7129902040E+00
0.1134000000E+01      0.1552968874E+04      0.7326960603E+03      0.7134192604E+00
0.1136000000E+01      0.1557002565E+04      0.7355746743E+03      0.7138467973E+00
0.1138000000E+01      0.1561041329E+04      0.7384586320E+03      0.7142728223E+00
0.1140000000E+01      0.1565085167E+04      0.7413479319E+03      0.7146973430E+00
0.1142000000E+01      0.1569134077E+04      0.7442425726E+03      0.7151203669E+00
0.1144000000E+01      0.1573188062E+04      0.7471425527E+03      0.7155419014E+00
0.1146000000E+01      0.1577247122E+04      0.7500478708E+03      0.7159619539E+00
0.1148000000E+01      0.1581311256E+04      0.7529585255E+03      0.7163805318E+00
0.1150000000E+01      0.1585380466E+04      0.7558745154E+03      0.7167976424E+00
0.1152000000E+01      0.1589454752E+04      0.7587958390E+03      0.7172132930E+00
0.1154000000E+01      0.1593534114E+04      0.7617224949E+03      0.7176274908E+00
0.1156000000E+01      0.1597618553E+04      0.7646544819E+03      0.7180402431E+00
0.1158000000E+01      0.1601708069E+04      0.7675917985E+03      0.7184515569E+00
0.1160000000E+01      0.1605802663E+04      0.7705344433E+03      0.7188614396E+00
0.1162000000E+01      0.1609902335E+04      0.7734824149E+03      0.7192698979E+00
0.1164000000E+01      0.1614007086E+04      0.7764357120E+03      0.7196769392E+00
0.1166000000E+01      0.1618116915E+04      0.7793943333E+03      0.7200825702E+00
0.1168000000E+01      0.1622231824E+04      0.7823582773E+03      0.7204867981E+00
0.1170000000E+01      0.1626351813E+04      0.7853275427E+03      0.7208896297E+00
0.1172000000E+01      0.1630476882E+04      0.7883021282E+03      0.7212910719E+00
0.1174000000E+01      0.1634607032E+04      0.7912820323E+03      0.7216911316E+00
0.1176000000E+01      0.1638742262E+04      0.7942672539E+03      0.7220898154E+00
0.1178000000E+01      0.1642882574E+04      0.7972577915E+03      0.7224871303E+00
0.1180000000E+01      0.1647027968E+04      0.8002536438E+03      0.7228830830E+00
0.1182000000E+01      0.1651178444E+04      0.8032548095E+03      0.7232776800E+00
0.1184000000E+01      0.1655334003E+04      0.8062612872E+03      0.7236709282E+00
0.1186000000E+01      0.1659494645E+04      0.8092730758E+03      0.7240628340E+00
0.1188000000E+01      0.1663660370E+04      0.8122901737E+03      0.7244534040E+00
0.1190000000E+01      0.1667831179E+04      0.8153125798E+03      0.7248426449E+00
0.1192000000E+01      0.1672007072E+04      0.8183402927E+03      0.7252305630E+00
0.1194000000E+01      0.1676188049E+04      0.8213733112E+03      0.7256171649E+00
0.1196000000E+01      0.1680374112E+04      0.8244116340E+03      0.7260024570E+00
0.1198000000E+01      0.1684565259E+04      0.8274552597E+03      0.7263864457E+00
0.1200000000E+01      0.1688761493E+04      0.8305041871E+03      0.7267691372E+00
