      Rhob                Epsilon              Pressure               SoundV
0.4730000000E-14      0.4409040000E-11      0.6303830000E-24      0.2528270000E-09
0.4760000000E-14      0.4431480000E-11      0.6303830000E-23      0.3286900000E-09
0.4910000000E-14      0.4571720000E-11      0.6303830000E-22      0.3811090000E-09
0.6990000000E-14      0.6506980000E-11      0.7552120000E-21      0.1661210000E-08
0.9900000000E-14      0.9199530000E-11      0.8737990000E-20      0.4506330000E-08
0.2720000000E-13      0.2529870000E-10      0.1061040000E-18      0.2185710000E-07
0.1270000000E-12      0.1189210000E-09      0.3632510000E-17      0.1280710000E-06
0.6930000000E-12      0.6450890000E-09      0.1185870000E-15      0.6813760000E-06
0.6295000000E-11      0.5856290000E-08      0.6081640000E-14      0.1980100000E-05
0.1581000000E-10      0.1470800000E-07      0.3100740000E-13      0.4121830000E-05
0.3972000000E-10      0.3694960000E-07      0.1517290000E-12      0.7788630000E-05
0.9976000000E-10      0.9278060000E-07      0.7183870000E-12      0.1422460000E-04
0.2506000000E-09      0.2331300000E-06      0.3286730000E-11      0.2500930000E-04
0.6294000000E-09      0.5856290000E-06      0.1446760000E-10      0.4207890000E-04
0.1581000000E-08      0.1470800000E-05      0.6088500000E-10      0.6739699893E-04
0.3972000000E-08      0.3695520000E-05      0.2441020000E-09      0.8516180000E-04
0.5000000000E-08      0.4651930000E-05      0.3282360000E-09      0.1052360000E-03
0.9976000000E-08      0.9283670000E-05      0.8956430000E-09      0.1422520000E-03
0.1990000000E-07      0.1852250000E-04      0.2392340000E-08      0.1863930000E-03
0.3972000000E-07      0.3696080000E-04      0.6278870000E-08      0.2408930000E-03
0.7924000000E-07      0.7376450000E-04      0.1625270000E-07      0.3085620000E-03
0.1581000000E-06      0.1471920000E-03      0.4166770000E-07      0.3417580000E-03
0.1990000000E-06      0.1853370000E-03      0.5453750000E-07      0.3860480000E-03
0.3155000000E-06      0.2937680000E-03      0.1016730000E-06      0.4315500000E-03
0.5000000000E-06      0.4656420000E-03      0.1890530000E-06      0.4889620000E-03
0.6294000000E-06      0.5861890000E-03      0.2577080000E-06      0.5509610000E-03
0.7924000000E-06      0.7382060000E-03      0.3143180000E-06      0.6137740000E-03
0.9976000000E-06      0.9294890000E-03      0.4281610000E-06      0.6540150000E-03
0.1581000000E-05      0.1470000000E-02      0.7939080000E-06      0.7285460000E-03
0.2506000000E-05      0.2340000000E-02      0.1470480000E-05      0.8500470000E-03
0.3972000000E-05      0.3700000000E-02      0.2722510000E-05      0.8906300000E-03
0.5000000000E-05      0.4660000000E-02      0.3533890000E-05      0.9510480000E-03
0.6294000000E-05      0.5870000000E-02      0.4807140000E-05      0.1100000000E-02
0.7924000000E-05      0.7390000000E-02      0.6541010000E-05      0.1180000000E-02
0.9976000000E-05      0.9310000000E-02      0.8894020000E-05      0.1280000000E-02
0.1256000000E-04      0.1172000000E-01      0.1209590000E-04      0.1300000000E-02
0.1581000000E-04      0.1476000000E-01      0.1562230000E-04      0.1320000000E-02
0.1990000000E-04      0.1858000000E-01      0.2124580000E-04      0.1390000000E-02
0.2506000000E-04      0.2340000000E-01      0.2888530000E-04      0.1470000000E-02
0.3155000000E-04      0.2947000000E-01      0.3713020000E-04      0.1550000000E-02
0.3972000000E-04      0.3712000000E-01      0.5048680000E-04      0.1820000000E-02
0.5000000000E-04      0.4674000000E-01      0.6865560000E-04      0.1960000000E-02
0.6294000000E-04      0.5884000000E-01      0.9330920000E-04      0.2110000000E-02
0.7924000000E-04      0.7416000000E-01      0.1268880000E-03      0.2150000000E-02
0.9976000000E-04      0.9334000000E-01      0.1620900000E-03      0.2190000000E-02
0.1105000000E-03      0.1034400000E+00      0.1805020000E-03      0.2220000000E-02
0.1256000000E-03      0.1175700000E+00      0.2053430000E-03      0.2270000000E-02
0.1581000000E-03      0.1480900000E+00      0.2791790000E-03      0.2300000000E-02
0.1990000000E-03      0.1865100000E+00      0.3630010000E-03      0.2350000000E-02
0.2506000000E-03      0.2349200000E+00      0.4704780000E-03      0.2420000000E-02
0.2572000000E-03      0.2411500000E+00      0.4871430000E-03      0.1640000000E-02
0.2670000000E-03      0.2502100000E+00      0.4925360000E-03      0.6323770000E-03
0.3126000000E-03      0.2932300000E+00      0.5213460000E-03      0.6351150000E-03
0.3951000000E-03      0.3707800000E+00      0.5679160000E-03      0.6395500000E-03
0.4759000000E-03      0.4467600000E+00      0.6136960000E-03      0.6456670000E-03
0.5812000000E-03      0.5456200000E+00      0.6758550000E-03      0.6505920000E-03
0.7143000000E-03      0.6709200000E+00      0.7601150000E-03      0.7025890000E-03
0.8786000000E-03      0.8252300000E+00      0.8731850000E-03      0.7646840000E-03
0.1077000000E-02      0.1012500000E+01      0.1020000000E-02      0.8354260000E-03
0.1314000000E-02      0.1235290000E+01      0.1220000000E-02      0.9276850000E-03
0.1748000000E-02      0.1643560000E+01      0.1620000000E-02      0.1000000000E-02
0.2000000000E-02      0.1880850000E+01      0.2000000000E-02      0.1100000000E-02
0.4000000000E-02      0.3764610000E+01      0.4510000000E-02      0.1460000000E-02
0.6000000000E-02      0.5649800000E+01      0.7500000000E-02      0.1680000000E-02
0.8000000000E-02      0.7536070000E+01      0.1086000000E-01      0.1880000000E-02
0.1000000000E-01      0.9423230000E+01      0.1458000000E-01      0.2070000000E-02
0.1200000000E-01      0.1131116000E+02      0.1867000000E-01      0.2280000000E-02
0.1400000000E-01      0.1319982000E+02      0.2318000000E-01      0.2510000000E-02
0.1600000000E-01      0.1508915000E+02      0.2814000000E-01      0.2760000000E-02
0.1800000000E-01      0.1697914000E+02      0.3361000000E-01      0.3040000000E-02
0.2000000000E-01      0.1886976000E+02      0.3965000000E-01      0.3340000000E-02
0.2200000000E-01      0.2076101000E+02      0.4624000000E-01      0.3660000000E-02
0.2400000000E-01      0.2265290000E+02      0.5348000000E-01      0.3990000000E-02
0.2600000000E-01      0.2454541000E+02      0.6133000000E-01      0.4330000000E-02
0.2800000000E-01      0.2643855000E+02      0.6988000000E-01      0.4680000000E-02
0.3000000000E-01      0.2833233000E+02      0.7906000000E-01      0.5030000000E-02
0.3200000000E-01      0.3022674000E+02      0.8895000000E-01      0.5390000000E-02
0.3400000000E-01      0.3212179000E+02      0.9948000000E-01      0.5740000000E-02
0.3600000000E-01      0.3401748000E+02      0.1107200000E+00      0.6090000000E-02
0.3800000000E-01      0.3591381000E+02      0.1225900000E+00      0.6440000000E-02
0.4000000000E-01      0.3781078000E+02      0.1351400000E+00      0.6790000000E-02
0.4200000000E-01      0.3970840000E+02      0.1483400000E+00      0.7110000000E-02
0.4400000000E-01      0.4160666000E+02      0.1621100000E+00      0.7420000000E-02
0.4600000000E-01      0.4350556000E+02      0.1765200000E+00      0.7740000000E-02
0.4800000000E-01      0.4540510000E+02      0.1915000000E+00      0.8040000000E-02
0.5000000000E-01      0.4730528000E+02      0.2070600000E+00      0.8310000000E-02
0.5200000000E-01      0.4920608000E+02      0.2230900000E+00      0.8580000000E-02
0.5400000000E-01      0.5110752000E+02      0.2396900000E+00      0.8870000000E-02
0.5600000000E-01      0.5300958000E+02      0.2568200000E+00      0.9120000000E-02
0.5800000000E-01      0.5491227000E+02      0.2743700000E+00      0.9340000000E-02
0.6000000000E-01      0.5681556000E+02      0.2923800000E+00      0.9690000000E-02
0.6200000000E-01      0.5871946000E+02      0.3101200000E+00      0.1002000000E-01
0.6400000000E-01      0.6062394000E+02      0.3290400000E+00      0.1028000000E-01
0.6600000000E-01      0.6252904000E+02      0.3483400000E+00      0.1069000000E-01
0.6800000000E-01      0.6443473000E+02      0.3679800000E+00      0.1101000000E-01
0.7000000000E-01      0.6634095000E+02      0.3861300000E+00      0.1136000000E-01
0.7200000000E-01      0.6811003203E+02      0.4989722528E+00      0.1996467016E-01
0.7400000000E-01      0.7001636931E+02      0.5378841391E+00      0.2083811572E-01
0.7600000000E-01      0.7192378103E+02      0.5784888366E+00      0.2171656578E-01
0.7800000000E-01      0.7383228364E+02      0.6207983249E+00      0.2260022211E-01
0.8000000000E-01      0.7574189302E+02      0.6648251133E+00      0.2348938355E-01
0.8200000000E-01      0.7765262461E+02      0.7105824193E+00      0.2438443774E-01
0.8400000000E-01      0.7956449342E+02      0.7580843318E+00      0.2528585280E-01
0.8600000000E-01      0.8147751409E+02      0.8073459595E+00      0.2619416950E-01
0.8800000000E-01      0.8339170094E+02      0.8583835655E+00      0.2710999358E-01
0.9000000000E-01      0.8530706803E+02      0.9112146880E+00      0.2803398839E-01
0.9200000000E-01      0.8722362920E+02      0.9658582476E+00      0.2896686786E-01
0.9400000000E-01      0.8914139810E+02      0.1022334643E+01      0.2990938982E-01
0.9600000000E-01      0.9106038827E+02      0.1080665831E+01      0.3086234960E-01
0.9800000000E-01      0.9298061316E+02      0.1140875402E+01      0.3182657399E-01
0.1000000000E+00      0.9490208614E+02      0.1202988639E+01      0.3280291557E-01
0.1020000000E+00      0.9682482061E+02      0.1267032565E+01      0.3379224731E-01
0.1040000000E+00      0.9874882996E+02      0.1333035990E+01      0.3479545753E-01
0.1060000000E+00      0.1006741276E+03      0.1401029535E+01      0.3581344519E-01
0.1080000000E+00      0.1026007272E+03      0.1471045663E+01      0.3684711546E-01
0.1100000000E+00      0.1045286423E+03      0.1543118687E+01      0.3789737560E-01
0.1120000000E+00      0.1064578868E+03      0.1617284784E+01      0.3896513124E-01
0.1140000000E+00      0.1083884746E+03      0.1693581992E+01      0.4005128265E-01
0.1160000000E+00      0.1103204118E+03      0.1770829865E+01      0.4017113620E-01
0.1180000000E+00      0.1122536888E+03      0.1849171857E+01      0.4088725766E-01
0.1200000000E+00      0.1141883067E+03      0.1929094360E+01      0.4173067356E-01
0.1220000000E+00      0.1161242712E+03      0.2010784350E+01      0.4264921638E-01
0.1240000000E+00      0.1180615902E+03      0.2094368869E+01      0.4362401022E-01
0.1260000000E+00      0.1200002733E+03      0.2179950029E+01      0.4464600568E-01
0.1280000000E+00      0.1219403312E+03      0.2267617245E+01      0.4571024586E-01
0.1300000000E+00      0.1238817757E+03      0.2357452810E+01      0.4681381290E-01
0.1320000000E+00      0.1258246195E+03      0.2449534825E+01      0.4795492551E-01
0.1340000000E+00      0.1277688759E+03      0.2543938903E+01      0.4913248528E-01
0.1360000000E+00      0.1297145591E+03      0.2640739219E+01      0.5034582618E-01
0.1380000000E+00      0.1316616838E+03      0.2740009195E+01      0.5159456589E-01
0.1400000000E+00      0.1336102656E+03      0.2841821948E+01      0.5287712099E-01
0.1420000000E+00      0.1355603203E+03      0.2946250607E+01      0.5419617055E-01
0.1440000000E+00      0.1375118647E+03      0.3053368520E+01      0.5555039286E-01
0.1460000000E+00      0.1394649159E+03      0.3163249405E+01      0.5693987206E-01
0.1480000000E+00      0.1414194917E+03      0.3275967447E+01      0.5836473016E-01
0.1500000000E+00      0.1433756102E+03      0.3391597359E+01      0.5982511158E-01
0.1520000000E+00      0.1453332902E+03      0.3510214428E+01      0.6132117158E-01
0.1540000000E+00      0.1472925510E+03      0.3631894527E+01      0.6285306763E-01
0.1560000000E+00      0.1492534122E+03      0.3756714274E+01      0.6442585783E-01
0.1580000000E+00      0.1512158943E+03      0.3884750421E+01      0.6602993933E-01
0.1600000000E+00      0.1531800178E+03      0.4016080741E+01      0.6767027861E-01
0.1620000000E+00      0.1551458039E+03      0.4150783402E+01      0.6934698703E-01
0.1640000000E+00      0.1571132741E+03      0.4288937090E+01      0.7106015596E-01
0.1660000000E+00      0.1590824506E+03      0.4430620971E+01      0.7280985467E-01
0.1680000000E+00      0.1610533557E+03      0.4575914661E+01      0.7459612879E-01
0.1700000000E+00      0.1630260123E+03      0.4724898176E+01      0.7641899905E-01
0.1720000000E+00      0.1650004437E+03      0.4877651897E+01      0.7827846030E-01
0.1740000000E+00      0.1669766737E+03      0.5034256523E+01      0.8017448077E-01
0.1760000000E+00      0.1689547261E+03      0.5194793023E+01      0.8210700159E-01
0.1780000000E+00      0.1709346254E+03      0.5359342447E+01      0.8407311509E-01
0.1800000000E+00      0.1729163965E+03      0.5527986454E+01      0.8607834488E-01
0.1820000000E+00      0.1749000646E+03      0.5700806400E+01      0.8811973329E-01
0.1840000000E+00      0.1768856550E+03      0.5877883863E+01      0.9019711086E-01
0.1860000000E+00      0.1788731937E+03      0.6059300453E+01      0.9231028053E-01
0.1880000000E+00      0.1808627067E+03      0.6245137763E+01      0.9445901793E-01
0.1900000000E+00      0.1828542205E+03      0.6435477318E+01      0.9664307164E-01
0.1920000000E+00      0.1848477619E+03      0.6630400531E+01      0.9886216357E-01
0.1940000000E+00      0.1868433579E+03      0.6829988650E+01      0.1011159894E+00
0.1960000000E+00      0.1888410359E+03      0.7034322715E+01      0.1034042191E+00
0.1980000000E+00      0.1908408235E+03      0.7243483511E+01      0.1057264974E+00
0.2000000000E+00      0.1928427484E+03      0.7457551520E+01      0.1080824444E+00
0.2020000000E+00      0.1948468389E+03      0.7676606879E+01      0.1104716562E+00
0.2040000000E+00      0.1968531232E+03      0.7900729331E+01      0.1128937055E+00
0.2060000000E+00      0.1988616299E+03      0.8129998189E+01      0.1153481425E+00
0.2080000000E+00      0.2008723877E+03      0.8364492288E+01      0.1178344955E+00
0.2100000000E+00      0.2028854257E+03      0.8604289949E+01      0.1203523532E+00
0.2120000000E+00      0.2049007730E+03      0.8849468926E+01      0.1229010390E+00
0.2140000000E+00      0.2069184589E+03      0.9100106386E+01      0.1254801017E+00
0.2160000000E+00      0.2089385131E+03      0.9356278862E+01      0.1280889898E+00
0.2180000000E+00      0.2109609650E+03      0.9618062213E+01      0.1307271338E+00
0.2200000000E+00      0.2129858446E+03      0.9885531596E+01      0.1333939471E+00
0.2220000000E+00      0.2150131819E+03      0.1015876143E+02      0.1360888271E+00
0.2240000000E+00      0.2170430068E+03      0.1043782535E+02      0.1388111559E+00
0.2260000000E+00      0.2190753497E+03      0.1072279621E+02      0.1415603010E+00
0.2280000000E+00      0.2211102408E+03      0.1101374601E+02      0.1443356167E+00
0.2300000000E+00      0.2231477105E+03      0.1131074590E+02      0.1471364444E+00
0.2320000000E+00      0.2251877893E+03      0.1161386614E+02      0.1499621140E+00
0.2340000000E+00      0.2272305078E+03      0.1192317606E+02      0.1528119446E+00
0.2360000000E+00      0.2292758967E+03      0.1223874409E+02      0.1556852451E+00
0.2380000000E+00      0.2313239866E+03      0.1256063765E+02      0.1585813158E+00
0.2400000000E+00      0.2333748082E+03      0.1288892321E+02      0.1614994486E+00
0.2420000000E+00      0.2354283923E+03      0.1322366622E+02      0.1644389282E+00
0.2440000000E+00      0.2374847698E+03      0.1356493112E+02      0.1673990332E+00
0.2460000000E+00      0.2395439715E+03      0.1391278129E+02      0.1703790363E+00
0.2480000000E+00      0.2416060281E+03      0.1426727908E+02      0.1733783045E+00
0.2500000000E+00      0.2436709706E+03      0.1462848574E+02      0.1763959048E+00
0.2520000000E+00      0.2457388297E+03      0.1499646145E+02      0.1794311976E+00
0.2540000000E+00      0.2478096363E+03      0.1537126531E+02      0.1824834421E+00
0.2560000000E+00      0.2498834211E+03      0.1575295527E+02      0.1855518965E+00
0.2580000000E+00      0.2519602149E+03      0.1614158821E+02      0.1886358179E+00
0.2600000000E+00      0.2540400484E+03      0.1653721985E+02      0.1917344642E+00
0.2620000000E+00      0.2561229523E+03      0.1693990480E+02      0.1948470937E+00
0.2640000000E+00      0.2582089572E+03      0.1734969651E+02      0.1979729665E+00
0.2660000000E+00      0.2602980936E+03      0.1776664731E+02      0.2011113453E+00
0.2680000000E+00      0.2623903920E+03      0.1819080837E+02      0.2042614953E+00
0.2700000000E+00      0.2644858828E+03      0.1862222971E+02      0.2074226858E+00
0.2720000000E+00      0.2665845964E+03      0.1906096021E+02      0.2105941902E+00
0.2740000000E+00      0.2686865629E+03      0.1950704758E+02      0.2137752867E+00
0.2760000000E+00      0.2707918124E+03      0.1996053841E+02      0.2169652592E+00
0.2780000000E+00      0.2729003750E+03      0.2042147812E+02      0.2201633976E+00
0.2800000000E+00      0.2750122807E+03      0.2088991099E+02      0.2233689981E+00
0.2820000000E+00      0.2771275591E+03      0.2136588016E+02      0.2265813642E+00
0.2840000000E+00      0.2792462400E+03      0.2184942764E+02      0.2297998070E+00
0.2860000000E+00      0.2813683530E+03      0.2234059430E+02      0.2330236455E+00
0.2880000000E+00      0.2834939274E+03      0.2283941988E+02      0.2362522072E+00
0.2900000000E+00      0.2856229926E+03      0.2334594303E+02      0.2394848283E+00
0.2920000000E+00      0.2877555776E+03      0.2386020126E+02      0.2427208545E+00
0.2940000000E+00      0.2898917115E+03      0.2438223099E+02      0.2459596409E+00
0.2960000000E+00      0.2920314231E+03      0.2491206755E+02      0.2492006630E+00
0.2980000000E+00      0.2941747412E+03      0.2544974519E+02      0.2524430746E+00
0.3000000000E+00      0.2963216942E+03      0.2599529707E+02      0.2556863726E+00
0.3020000000E+00      0.2984723105E+03      0.2654875532E+02      0.2589299535E+00
0.3040000000E+00      0.3006266184E+03      0.2711015100E+02      0.2621732249E+00
0.3060000000E+00      0.3027846457E+03      0.2767951414E+02      0.2654156058E+00
0.3080000000E+00      0.3049464206E+03      0.2825687374E+02      0.2686565263E+00
0.3100000000E+00      0.3071119705E+03      0.2884225783E+02      0.2718924966E+00
0.3120000000E+00      0.3092813230E+03      0.2943569334E+02      0.2751287933E+00
0.3140000000E+00      0.3114545054E+03      0.3003720631E+02      0.2783619905E+00
0.3160000000E+00      0.3136315449E+03      0.3064682179E+02      0.2815915657E+00
0.3180000000E+00      0.3158124683E+03      0.3126456386E+02      0.2848170085E+00
0.3200000000E+00      0.3179973026E+03      0.3189045567E+02      0.2880378206E+00
0.3220000000E+00      0.3201860742E+03      0.3252451944E+02      0.2912535160E+00
0.3240000000E+00      0.3223788094E+03      0.3316677648E+02      0.2944636209E+00
0.3260000000E+00      0.3245755345E+03      0.3381724721E+02      0.2976676738E+00
0.3280000000E+00      0.3267762755E+03      0.3447595116E+02      0.3008652255E+00
0.3300000000E+00      0.3289810580E+03      0.3514290700E+02      0.3040558389E+00
0.3320000000E+00      0.3311899078E+03      0.3581813257E+02      0.3072390895E+00
0.3340000000E+00      0.3334028501E+03      0.3650164485E+02      0.3104145647E+00
0.3360000000E+00      0.3356199101E+03      0.3719346002E+02      0.3135818642E+00
0.3380000000E+00      0.3378411128E+03      0.3789359347E+02      0.3167405998E+00
0.3400000000E+00      0.3400664829E+03      0.3860205978E+02      0.3198903951E+00
0.3420000000E+00      0.3422960450E+03      0.3931887279E+02      0.3230308861E+00
0.3440000000E+00      0.3445298233E+03      0.4004404557E+02      0.3261617202E+00
0.3460000000E+00      0.3467678421E+03      0.4077759046E+02      0.3292825567E+00
0.3480000000E+00      0.3490101253E+03      0.4151951910E+02      0.3323930680E+00
0.3500000000E+00      0.3512566965E+03      0.4226984239E+02      0.3354929337E+00
0.3520000000E+00      0.3535075793E+03      0.4302857057E+02      0.3385818491E+00
0.3540000000E+00      0.3557627968E+03      0.4379571322E+02      0.3416595191E+00
0.3560000000E+00      0.3580223723E+03      0.4457127922E+02      0.3447256599E+00
0.3580000000E+00      0.3602863286E+03      0.4535527686E+02      0.3477799985E+00
0.3600000000E+00      0.3625546883E+03      0.4614771378E+02      0.3508222726E+00
0.3620000000E+00      0.3648274739E+03      0.4694859701E+02      0.3538522307E+00
0.3640000000E+00      0.3671047075E+03      0.4775793300E+02      0.3568696316E+00
0.3660000000E+00      0.3693864113E+03      0.4857572761E+02      0.3598742444E+00
0.3680000000E+00      0.3716726070E+03      0.4940198614E+02      0.3628658484E+00
0.3700000000E+00      0.3739633162E+03      0.5023671336E+02      0.3658442326E+00
0.3720000000E+00      0.3762585604E+03      0.5107991347E+02      0.3688091958E+00
0.3740000000E+00      0.3785583606E+03      0.5193159018E+02      0.3717605465E+00
0.3760000000E+00      0.3808627379E+03      0.5279174668E+02      0.3746981023E+00
0.3780000000E+00      0.3831717131E+03      0.5366038569E+02      0.3776216901E+00
0.3800000000E+00      0.3854853065E+03      0.5453750945E+02      0.3805330603E+00
0.3820000000E+00      0.3878035388E+03      0.5542311968E+02      0.3834282356E+00
0.3840000000E+00      0.3901264300E+03      0.5631721771E+02      0.3863089761E+00
0.3860000000E+00      0.3924540001E+03      0.5721980443E+02      0.3891751437E+00
0.3880000000E+00      0.3947862687E+03      0.5813088028E+02      0.3920266080E+00
0.3900000000E+00      0.3971232555E+03      0.5905044531E+02      0.3948632469E+00
0.3920000000E+00      0.3994649798E+03      0.5997849916E+02      0.3976849462E+00
0.3940000000E+00      0.4018114606E+03      0.6091504108E+02      0.4004915989E+00
0.3960000000E+00      0.4041627170E+03      0.6186006997E+02      0.4032831059E+00
0.3980000000E+00      0.4065187677E+03      0.6281358433E+02      0.4060593751E+00
0.4000000000E+00      0.4088796312E+03      0.6377558235E+02      0.4088203214E+00
0.4020000000E+00      0.4112453259E+03      0.6474606184E+02      0.4115658669E+00
0.4040000000E+00      0.4136158700E+03      0.6572502030E+02      0.4142959399E+00
0.4060000000E+00      0.4159912813E+03      0.6671245493E+02      0.4170104756E+00
0.4080000000E+00      0.4183715777E+03      0.6770836260E+02      0.4197094154E+00
0.4100000000E+00      0.4207567767E+03      0.6871273989E+02      0.4223927067E+00
0.4120000000E+00      0.4231468958E+03      0.6972558308E+02      0.4250603029E+00
0.4140000000E+00      0.4255419521E+03      0.7074688821E+02      0.4277121635E+00
0.4160000000E+00      0.4279419627E+03      0.7177665102E+02      0.4303482530E+00
0.4180000000E+00      0.4303469444E+03      0.7281486701E+02      0.4329685420E+00
0.4200000000E+00      0.4327569138E+03      0.7386153143E+02      0.4355730060E+00
0.4220000000E+00      0.4351718874E+03      0.7491663928E+02      0.4381616255E+00
0.4240000000E+00      0.4375918816E+03      0.7598018535E+02      0.4407343862E+00
0.4260000000E+00      0.4400169123E+03      0.7705216419E+02      0.4432912786E+00
0.4280000000E+00      0.4424469955E+03      0.7813257016E+02      0.4458322977E+00
0.4300000000E+00      0.4448821471E+03      0.7922139740E+02      0.4483574428E+00
0.4320000000E+00      0.4473223825E+03      0.8031863985E+02      0.4508667179E+00
0.4340000000E+00      0.4497677172E+03      0.8142429127E+02      0.4533601310E+00
0.4360000000E+00      0.4522181665E+03      0.8253834525E+02      0.4558376940E+00
0.4380000000E+00      0.4546737453E+03      0.8366079520E+02      0.4582994229E+00
0.4400000000E+00      0.4571344686E+03      0.8479163434E+02      0.4607453373E+00
0.4420000000E+00      0.4596003511E+03      0.8593085578E+02      0.4631754605E+00
0.4440000000E+00      0.4620714074E+03      0.8707845243E+02      0.4655898192E+00
0.4460000000E+00      0.4645476519E+03      0.8823441709E+02      0.4679884434E+00
0.4480000000E+00      0.4670290988E+03      0.8939874240E+02      0.4703713666E+00
0.4500000000E+00      0.4695157623E+03      0.9057142088E+02      0.4727386250E+00
0.4520000000E+00      0.4720076562E+03      0.9175244491E+02      0.4750902580E+00
0.4540000000E+00      0.4745047943E+03      0.9294180678E+02      0.4774263079E+00
0.4560000000E+00      0.4770071902E+03      0.9413949864E+02      0.4797467841E+00
0.4580000000E+00      0.4795148575E+03      0.9534551253E+02      0.4820518053E+00
0.4600000000E+00      0.4820278092E+03      0.9655984041E+02      0.4843413860E+00
0.4620000000E+00      0.4845460588E+03      0.9778247411E+02      0.4866155786E+00
0.4640000000E+00      0.4870696190E+03      0.9901340539E+02      0.4888744381E+00
0.4660000000E+00      0.4895985029E+03      0.1002526259E+03      0.4911180214E+00
0.4680000000E+00      0.4921327231E+03      0.1015001273E+03      0.4933463875E+00
0.4700000000E+00      0.4946722921E+03      0.1027559010E+03      0.4955595976E+00
0.4720000000E+00      0.4972172225E+03      0.1040199385E+03      0.4977577148E+00
0.4740000000E+00      0.4997675264E+03      0.1052922312E+03      0.4999408039E+00
0.4760000000E+00      0.5023232160E+03      0.1065727703E+03      0.5021089315E+00
0.4780000000E+00      0.5048843034E+03      0.1078615471E+03      0.5042621657E+00
0.4800000000E+00      0.5074508003E+03      0.1091585528E+03      0.5064005764E+00
0.4820000000E+00      0.5100227185E+03      0.1104637785E+03      0.5085242350E+00
0.4840000000E+00      0.5126000697E+03      0.1117772153E+03      0.5106332139E+00
0.4860000000E+00      0.5151828652E+03      0.1130988542E+03      0.5127275873E+00
0.4880000000E+00      0.5177711164E+03      0.1144286863E+03      0.5148074305E+00
0.4900000000E+00      0.5203648345E+03      0.1157667025E+03      0.5168728198E+00
0.4920000000E+00      0.5229640306E+03      0.1171128937E+03      0.5189238329E+00
0.4940000000E+00      0.5255687156E+03      0.1184672509E+03      0.5209605483E+00
0.4960000000E+00      0.5281789003E+03      0.1198297648E+03      0.5229830456E+00
0.4980000000E+00      0.5307945954E+03      0.1212004264E+03      0.5249914053E+00
0.5000000000E+00      0.5334158116E+03      0.1225792264E+03      0.5269857089E+00
0.5020000000E+00      0.5360425592E+03      0.1239661558E+03      0.5289660383E+00
0.5040000000E+00      0.5386748486E+03      0.1253612051E+03      0.5309324766E+00
0.5060000000E+00      0.5413126900E+03      0.1267643653E+03      0.5328851074E+00
0.5080000000E+00      0.5439560935E+03      0.1281756271E+03      0.5348240147E+00
0.5100000000E+00      0.5466050691E+03      0.1295949812E+03      0.5367492835E+00
0.5120000000E+00      0.5492596266E+03      0.1310224184E+03      0.5386609990E+00
0.5140000000E+00      0.5519197758E+03      0.1324579294E+03      0.5405592471E+00
0.5160000000E+00      0.5545855263E+03      0.1339015049E+03      0.5424441140E+00
0.5180000000E+00      0.5572568877E+03      0.1353531358E+03      0.5443156862E+00
0.5200000000E+00      0.5599338694E+03      0.1368128127E+03      0.5461740509E+00
0.5220000000E+00      0.5626164807E+03      0.1382805264E+03      0.5480192952E+00
0.5240000000E+00      0.5653047307E+03      0.1397562676E+03      0.5498515068E+00
0.5260000000E+00      0.5679986287E+03      0.1412400272E+03      0.5516707733E+00
0.5280000000E+00      0.5706981836E+03      0.1427317957E+03      0.5534771827E+00
0.5300000000E+00      0.5734034042E+03      0.1442315641E+03      0.5552708233E+00
0.5320000000E+00      0.5761142995E+03      0.1457393232E+03      0.5570517831E+00
0.5340000000E+00      0.5788308780E+03      0.1472550636E+03      0.5588201505E+00
0.5360000000E+00      0.5815531483E+03      0.1487787764E+03      0.5605760139E+00
0.5380000000E+00      0.5842811190E+03      0.1503104522E+03      0.5623194616E+00
0.5400000000E+00      0.5870147985E+03      0.1518500819E+03      0.5640505821E+00
0.5420000000E+00      0.5897541950E+03      0.1533976565E+03      0.5657694637E+00
0.5440000000E+00      0.5924993167E+03      0.1549531668E+03      0.5674761947E+00
0.5460000000E+00      0.5952501718E+03      0.1565166038E+03      0.5691708632E+00
0.5480000000E+00      0.5980067683E+03      0.1580879583E+03      0.5708535574E+00
0.5500000000E+00      0.6007691141E+03      0.1596672214E+03      0.5725243652E+00
0.5520000000E+00      0.6035372170E+03      0.1612543840E+03      0.5741833421E+00
0.5540000000E+00      0.6063110848E+03      0.1628494371E+03      0.5758306404E+00
0.5560000000E+00      0.6090907251E+03      0.1644523719E+03      0.5774663150E+00
0.5580000000E+00      0.6118761455E+03      0.1660631794E+03      0.5790904532E+00
0.5600000000E+00      0.6146673536E+03      0.1676818506E+03      0.5807031419E+00
0.5620000000E+00      0.6174643566E+03      0.1693083767E+03      0.5823044677E+00
0.5640000000E+00      0.6202671619E+03      0.1709427490E+03      0.5838945169E+00
0.5660000000E+00      0.6230757768E+03      0.1725849585E+03      0.5854733758E+00
0.5680000000E+00      0.6258902084E+03      0.1742349965E+03      0.5870411300E+00
0.5700000000E+00      0.6287104637E+03      0.1758928542E+03      0.5885978650E+00
0.5720000000E+00      0.6315365497E+03      0.1775585231E+03      0.5901436659E+00
0.5740000000E+00      0.6343684735E+03      0.1792319943E+03      0.5916786174E+00
0.5760000000E+00      0.6372062417E+03      0.1809132592E+03      0.5932028040E+00
0.5780000000E+00      0.6400498611E+03      0.1826023094E+03      0.5947163096E+00
0.5800000000E+00      0.6428993385E+03      0.1842991361E+03      0.5962192177E+00
0.5820000000E+00      0.6457546804E+03      0.1860037308E+03      0.5977116117E+00
0.5840000000E+00      0.6486158933E+03      0.1877160852E+03      0.5991935743E+00
0.5860000000E+00      0.6514829838E+03      0.1894361906E+03      0.6006651878E+00
0.5880000000E+00      0.6543559581E+03      0.1911640387E+03      0.6021265342E+00
0.5900000000E+00      0.6572348226E+03      0.1928996212E+03      0.6035776949E+00
0.5920000000E+00      0.6601195835E+03      0.1946429296E+03      0.6050187510E+00
0.5940000000E+00      0.6630102470E+03      0.1963939557E+03      0.6064497829E+00
0.5960000000E+00      0.6659068192E+03      0.1981526912E+03      0.6078708710E+00
0.5980000000E+00      0.6688093061E+03      0.1999191278E+03      0.6092820946E+00
0.6000000000E+00      0.6717177137E+03      0.2016932575E+03      0.6106835330E+00
0.6020000000E+00      0.6746320479E+03      0.2034750720E+03      0.6120752648E+00
0.6040000000E+00      0.6775523145E+03      0.2052645633E+03      0.6134573682E+00
0.6060000000E+00      0.6804785192E+03      0.2070617232E+03      0.6148299209E+00
0.6080000000E+00      0.6834106678E+03      0.2088665438E+03      0.6161929999E+00
0.6100000000E+00      0.6863487659E+03      0.2106790171E+03      0.6175466821E+00
0.6120000000E+00      0.6892928190E+03      0.2124991351E+03      0.6188910434E+00
0.6140000000E+00      0.6922428328E+03      0.2143268899E+03      0.6202261596E+00
0.6160000000E+00      0.6951988125E+03      0.2161622736E+03      0.6215521058E+00
0.6180000000E+00      0.6981607637E+03      0.2180052785E+03      0.6228689565E+00
0.6200000000E+00      0.7011286916E+03      0.2198558968E+03      0.6241767858E+00
0.6220000000E+00      0.7041026015E+03      0.2217141207E+03      0.6254756673E+00
0.6240000000E+00      0.7070824986E+03      0.2235799424E+03      0.6267656739E+00
0.6260000000E+00      0.7100683881E+03      0.2254533545E+03      0.6280468782E+00
0.6280000000E+00      0.7130602750E+03      0.2273343491E+03      0.6293193522E+00
0.6300000000E+00      0.7160581645E+03      0.2292229189E+03      0.6305831671E+00
0.6320000000E+00      0.7190620613E+03      0.2311190561E+03      0.6318383940E+00
0.6340000000E+00      0.7220719706E+03      0.2330227534E+03      0.6330851031E+00
0.6360000000E+00      0.7250878972E+03      0.2349340032E+03      0.6343233644E+00
0.6380000000E+00      0.7281098458E+03      0.2368527982E+03      0.6355532470E+00
0.6400000000E+00      0.7311378213E+03      0.2387791311E+03      0.6367748198E+00
0.6420000000E+00      0.7341718283E+03      0.2407129943E+03      0.6379881509E+00
0.6440000000E+00      0.7372118716E+03      0.2426543808E+03      0.6391933079E+00
0.6460000000E+00      0.7402579557E+03      0.2446032831E+03      0.6403903582E+00
0.6480000000E+00      0.7433100851E+03      0.2465596942E+03      0.6415793682E+00
0.6500000000E+00      0.7463682644E+03      0.2485236068E+03      0.6427604040E+00
0.6520000000E+00      0.7494324981E+03      0.2504950138E+03      0.6439335312E+00
0.6540000000E+00      0.7525027905E+03      0.2524739082E+03      0.6450988148E+00
0.6560000000E+00      0.7555791460E+03      0.2544602828E+03      0.6462563192E+00
0.6580000000E+00      0.7586615690E+03      0.2564541307E+03      0.6474061085E+00
0.6600000000E+00      0.7617500636E+03      0.2584554449E+03      0.6485482460E+00
0.6620000000E+00      0.7648446341E+03      0.2604642184E+03      0.6496827946E+00
0.6640000000E+00      0.7679452846E+03      0.2624804445E+03      0.6508098167E+00
0.6660000000E+00      0.7710520193E+03      0.2645041161E+03      0.6519293741E+00
0.6680000000E+00      0.7741648423E+03      0.2665352266E+03      0.6530415282E+00
0.6700000000E+00      0.7772837576E+03      0.2685737692E+03      0.6541463398E+00
0.6720000000E+00      0.7804087692E+03      0.2706197371E+03      0.6552438692E+00
0.6740000000E+00      0.7835398810E+03      0.2726731236E+03      0.6563341762E+00
0.6760000000E+00      0.7866770969E+03      0.2747339220E+03      0.6574173199E+00
0.6780000000E+00      0.7898204209E+03      0.2768021259E+03      0.6584933593E+00
0.6800000000E+00      0.7929698566E+03      0.2788777285E+03      0.6595623279E+00
0.6820000000E+00      0.7961254079E+03      0.2809607233E+03      0.6606243328E+00
0.6840000000E+00      0.7992870785E+03      0.2830511039E+03      0.6616794066E+00
0.6860000000E+00      0.8024548722E+03      0.2851488637E+03      0.6627276060E+00
0.6880000000E+00      0.8056287925E+03      0.2872539964E+03      0.6637689873E+00
0.6900000000E+00      0.8088088431E+03      0.2893664955E+03      0.6648036061E+00
0.6920000000E+00      0.8119950275E+03      0.2914863548E+03      0.6658315178E+00
0.6940000000E+00      0.8151873494E+03      0.2936135678E+03      0.6668527772E+00
0.6960000000E+00      0.8183858121E+03      0.2957481283E+03      0.6678674385E+00
0.6980000000E+00      0.8215904191E+03      0.2978900301E+03      0.6688755556E+00
0.7000000000E+00      0.8248011740E+03      0.3000392669E+03      0.6698771818E+00
0.7020000000E+00      0.8280180799E+03      0.3021958326E+03      0.6708723700E+00
0.7040000000E+00      0.8312411404E+03      0.3043597210E+03      0.6718611726E+00
0.7060000000E+00      0.8344703587E+03      0.3065309261E+03      0.6728436415E+00
0.7080000000E+00      0.8377057380E+03      0.3087094418E+03      0.6738198281E+00
0.7100000000E+00      0.8409472817E+03      0.3108952620E+03      0.6747897836E+00
0.7120000000E+00      0.8441949928E+03      0.3130883808E+03      0.6757535583E+00
0.7140000000E+00      0.8474488747E+03      0.3152887922E+03      0.6767112025E+00
0.7160000000E+00      0.8507089304E+03      0.3174964902E+03      0.6776627656E+00
0.7180000000E+00      0.8539751630E+03      0.3197114690E+03      0.6786082970E+00
0.7200000000E+00      0.8572475756E+03      0.3219337228E+03      0.6795478453E+00
0.7220000000E+00      0.8605261712E+03      0.3241632456E+03      0.6804814589E+00
0.7240000000E+00      0.8638109529E+03      0.3264000318E+03      0.6814091857E+00
0.7260000000E+00      0.8671019235E+03      0.3286440755E+03      0.6823310729E+00
0.7280000000E+00      0.8703990861E+03      0.3308953710E+03      0.6832471677E+00
0.7300000000E+00      0.8737024435E+03      0.3331539127E+03      0.6841575166E+00
0.7320000000E+00      0.8770119986E+03      0.3354196948E+03      0.6850621658E+00
0.7340000000E+00      0.8803277542E+03      0.3376927118E+03      0.6859611610E+00
0.7360000000E+00      0.8836497132E+03      0.3399729581E+03      0.6868545474E+00
0.7380000000E+00      0.8869778784E+03      0.3422604281E+03      0.6877423700E+00
0.7400000000E+00      0.8903122524E+03      0.3445551162E+03      0.6886246732E+00
0.7420000000E+00      0.8936528380E+03      0.3468570170E+03      0.6895015012E+00
0.7440000000E+00      0.8969996380E+03      0.3491661250E+03      0.6903728976E+00
0.7460000000E+00      0.9003526548E+03      0.3514824348E+03      0.6912389056E+00
0.7480000000E+00      0.9037118913E+03      0.3538059409E+03      0.6920995682E+00
0.7500000000E+00      0.9070773500E+03      0.3561366380E+03      0.6929549278E+00
0.7520000000E+00      0.9104490335E+03      0.3584745208E+03      0.6937921648E+00
0.7540000000E+00      0.9138269442E+03      0.3608195838E+03      0.6946370053E+00
0.7560000000E+00      0.9172110848E+03      0.3631718220E+03      0.6954766681E+00
0.7580000000E+00      0.9206014578E+03      0.3655312299E+03      0.6963111941E+00
0.7600000000E+00      0.9239980656E+03      0.3678978024E+03      0.6971406239E+00
0.7620000000E+00      0.9274009105E+03      0.3702715342E+03      0.6979649977E+00
0.7640000000E+00      0.9308099952E+03      0.3726524202E+03      0.6987843553E+00
0.7660000000E+00      0.9342253219E+03      0.3750404553E+03      0.6995987362E+00
0.7680000000E+00      0.9376468930E+03      0.3774356344E+03      0.7004081795E+00
0.7700000000E+00      0.9410747108E+03      0.3798379523E+03      0.7012127239E+00
0.7720000000E+00      0.9445087777E+03      0.3822474040E+03      0.7020124078E+00
0.7740000000E+00      0.9479490960E+03      0.3846639846E+03      0.7028072692E+00
0.7760000000E+00      0.9513956678E+03      0.3870876889E+03      0.7035973457E+00
0.7780000000E+00      0.9548484955E+03      0.3895185120E+03      0.7043826748E+00
0.7800000000E+00      0.9583075812E+03      0.3919564490E+03      0.7051632934E+00
0.7820000000E+00      0.9617729271E+03      0.3944014950E+03      0.7059392382E+00
0.7840000000E+00      0.9652445355E+03      0.3968536451E+03      0.7067105454E+00
0.7860000000E+00      0.9687224083E+03      0.3993128944E+03      0.7074772510E+00
0.7880000000E+00      0.9722065479E+03      0.4017792380E+03      0.7082393908E+00
0.7900000000E+00      0.9756969562E+03      0.4042526712E+03      0.7089970000E+00
0.7920000000E+00      0.9791936353E+03      0.4067331892E+03      0.7097501135E+00
0.7940000000E+00      0.9826965873E+03      0.4092207873E+03      0.7104987662E+00
0.7960000000E+00      0.9862058142E+03      0.4117154606E+03      0.7112429923E+00
0.7980000000E+00      0.9897213180E+03      0.4142172045E+03      0.7119828259E+00
0.8000000000E+00      0.9932431007E+03      0.4167260143E+03      0.7127183008E+00
0.8020000000E+00      0.9967711642E+03      0.4192418854E+03      0.7134494503E+00
0.8040000000E+00      0.1000305511E+04      0.4217648131E+03      0.7141763075E+00
0.8060000000E+00      0.1003846142E+04      0.4242947928E+03      0.7148989054E+00
0.8080000000E+00      0.1007393059E+04      0.4268318199E+03      0.7156172764E+00
0.8100000000E+00      0.1010946265E+04      0.4293758899E+03      0.7163314527E+00
0.8120000000E+00      0.1014505762E+04      0.4319269982E+03      0.7170414662E+00
0.8140000000E+00      0.1018071551E+04      0.4344851404E+03      0.7177473487E+00
0.8160000000E+00      0.1021643633E+04      0.4370503119E+03      0.7184491313E+00
0.8180000000E+00      0.1025222012E+04      0.4396225083E+03      0.7191468454E+00
0.8200000000E+00      0.1028806688E+04      0.4422017251E+03      0.7198405215E+00
0.8220000000E+00      0.1032397663E+04      0.4447879579E+03      0.7205301902E+00
0.8240000000E+00      0.1035994939E+04      0.4473812024E+03      0.7212158817E+00
0.8260000000E+00      0.1039598519E+04      0.4499814541E+03      0.7218976260E+00
0.8280000000E+00      0.1043208402E+04      0.4525887087E+03      0.7225754528E+00
0.8300000000E+00      0.1046824592E+04      0.4552029619E+03      0.7232493914E+00
0.8320000000E+00      0.1050447090E+04      0.4578242094E+03      0.7239194710E+00
0.8340000000E+00      0.1054075897E+04      0.4604524469E+03      0.7245857206E+00
0.8360000000E+00      0.1057711015E+04      0.4630876701E+03      0.7252481687E+00
0.8380000000E+00      0.1061352446E+04      0.4657298749E+03      0.7259068437E+00
0.8400000000E+00      0.1065000192E+04      0.4683790569E+03      0.7265617737E+00
0.8420000000E+00      0.1068654253E+04      0.4710352120E+03      0.7272129865E+00
0.8440000000E+00      0.1072314631E+04      0.4736983360E+03      0.7278605099E+00
0.8460000000E+00      0.1075981329E+04      0.4763684248E+03      0.7285043711E+00
0.8480000000E+00      0.1079654347E+04      0.4790454742E+03      0.7291445972E+00
0.8500000000E+00      0.1083333687E+04      0.4817294801E+03      0.7297812152E+00
0.8520000000E+00      0.1087019351E+04      0.4844204385E+03      0.7304142516E+00
0.8540000000E+00      0.1090711339E+04      0.4871183452E+03      0.7310437329E+00
0.8560000000E+00      0.1094409654E+04      0.4898231962E+03      0.7316696852E+00
0.8580000000E+00      0.1098114297E+04      0.4925349876E+03      0.7322921345E+00
0.8600000000E+00      0.1101825269E+04      0.4952537152E+03      0.7329111064E+00
0.8620000000E+00      0.1105542572E+04      0.4979793750E+03      0.7335266265E+00
0.8640000000E+00      0.1109266207E+04      0.5007119632E+03      0.7341387199E+00
0.8660000000E+00      0.1112996175E+04      0.5034514758E+03      0.7347474117E+00
0.8680000000E+00      0.1116732478E+04      0.5061979088E+03      0.7353527267E+00
0.8700000000E+00      0.1120475117E+04      0.5089512583E+03      0.7359546895E+00
0.8720000000E+00      0.1124224094E+04      0.5117115204E+03      0.7365533173E+00
0.8740000000E+00      0.1127979410E+04      0.5144786913E+03      0.7371486485E+00
0.8760000000E+00      0.1131741065E+04      0.5172527670E+03      0.7377407000E+00
0.8780000000E+00      0.1135509062E+04      0.5200337439E+03      0.7383294953E+00
0.8800000000E+00      0.1139283402E+04      0.5228216180E+03      0.7389150582E+00
0.8820000000E+00      0.1143064085E+04      0.5256163855E+03      0.7394974118E+00
0.8840000000E+00      0.1146851114E+04      0.5284180427E+03      0.7400765793E+00
0.8860000000E+00      0.1150644489E+04      0.5312265858E+03      0.7406525836E+00
0.8880000000E+00      0.1154444212E+04      0.5340420110E+03      0.7412254474E+00
0.8900000000E+00      0.1158250283E+04      0.5368643147E+03      0.7417951932E+00
0.8920000000E+00      0.1162062705E+04      0.5396934930E+03      0.7423618433E+00
0.8940000000E+00      0.1165881478E+04      0.5425295424E+03      0.7429254199E+00
0.8960000000E+00      0.1169706602E+04      0.5453724592E+03      0.7434859448E+00
0.8980000000E+00      0.1173538081E+04      0.5482222396E+03      0.7440434399E+00
0.9000000000E+00      0.1177375914E+04      0.5510788801E+03      0.7445979266E+00
0.9020000000E+00      0.1181220103E+04      0.5539423770E+03      0.7451494263E+00
0.9040000000E+00      0.1185070648E+04      0.5568127268E+03      0.7456979602E+00
0.9060000000E+00      0.1188927551E+04      0.5596899257E+03      0.7462435494E+00
0.9080000000E+00      0.1192790814E+04      0.5625739704E+03      0.7467862145E+00
0.9100000000E+00      0.1196660436E+04      0.5654648571E+03      0.7473259764E+00
0.9120000000E+00      0.1200536420E+04      0.5683625824E+03      0.7478628553E+00
0.9140000000E+00      0.1204418766E+04      0.5712671427E+03      0.7483968717E+00
0.9160000000E+00      0.1208307475E+04      0.5741785346E+03      0.7489280455E+00
0.9180000000E+00      0.1212202548E+04      0.5770967545E+03      0.7494563969E+00
0.9200000000E+00      0.1216103986E+04      0.5800217989E+03      0.7499819455E+00
0.9220000000E+00      0.1220011791E+04      0.5829536645E+03      0.7505047109E+00
0.9240000000E+00      0.1223925962E+04      0.5858923477E+03      0.7510247126E+00
0.9260000000E+00      0.1227846502E+04      0.5888378452E+03      0.7515419699E+00
0.9280000000E+00      0.1231773411E+04      0.5917901535E+03      0.7520565018E+00
0.9300000000E+00      0.1235706690E+04      0.5947492692E+03      0.7525683274E+00
0.9320000000E+00      0.1239646340E+04      0.5977151889E+03      0.7530774654E+00
0.9340000000E+00      0.1243592362E+04      0.6006879094E+03      0.7535839344E+00
0.9360000000E+00      0.1247544757E+04      0.6036674271E+03      0.7540877529E+00
0.9380000000E+00      0.1251503526E+04      0.6066537389E+03      0.7545889393E+00
0.9400000000E+00      0.1255468669E+04      0.6096468413E+03      0.7550875117E+00
0.9420000000E+00      0.1259440188E+04      0.6126467311E+03      0.7555834881E+00
0.9440000000E+00      0.1263418083E+04      0.6156534049E+03      0.7560768864E+00
0.9460000000E+00      0.1267402356E+04      0.6186668596E+03      0.7565677243E+00
0.9480000000E+00      0.1271393006E+04      0.6216870917E+03      0.7570560194E+00
0.9500000000E+00      0.1275390036E+04      0.6247140982E+03      0.7575417891E+00
0.9520000000E+00      0.1279393445E+04      0.6277478757E+03      0.7580250507E+00
0.9540000000E+00      0.1283403235E+04      0.6307884210E+03      0.7585058212E+00
0.9560000000E+00      0.1287419406E+04      0.6338357310E+03      0.7589841178E+00
0.9580000000E+00      0.1291441959E+04      0.6368898023E+03      0.7594599573E+00
0.9600000000E+00      0.1295470896E+04      0.6399506320E+03      0.7599333563E+00
0.9620000000E+00      0.1299506216E+04      0.6430182167E+03      0.7604043315E+00
0.9640000000E+00      0.1303547921E+04      0.6460925534E+03      0.7608728993E+00
0.9660000000E+00      0.1307596011E+04      0.6491736389E+03      0.7613390760E+00
0.9680000000E+00      0.1311650487E+04      0.6522614701E+03      0.7618028777E+00
0.9700000000E+00      0.1315711350E+04      0.6553560438E+03      0.7622643206E+00
0.9720000000E+00      0.1319778599E+04      0.6584573578E+03      0.7627357516E+00
0.9740000000E+00      0.1323852238E+04      0.6615654074E+03      0.7631925322E+00
0.9760000000E+00      0.1327932266E+04      0.6646801904E+03      0.7636470015E+00
0.9780000000E+00      0.1332018683E+04      0.6678017036E+03      0.7640991748E+00
0.9800000000E+00      0.1336111490E+04      0.6709299441E+03      0.7645490673E+00
0.9820000000E+00      0.1340210689E+04      0.6740649087E+03      0.7649966944E+00
0.9840000000E+00      0.1344316279E+04      0.6772065946E+03      0.7654420713E+00
0.9860000000E+00      0.1348428262E+04      0.6803549986E+03      0.7658852130E+00
0.9880000000E+00      0.1352546637E+04      0.6835101178E+03      0.7663261343E+00
0.9900000000E+00      0.1356671407E+04      0.6866719493E+03      0.7667648501E+00
0.9920000000E+00      0.1360802570E+04      0.6898404900E+03      0.7672013751E+00
0.9940000000E+00      0.1364940129E+04      0.6930157370E+03      0.7676357238E+00
0.9960000000E+00      0.1369084083E+04      0.6961976873E+03      0.7680679106E+00
0.9980000000E+00      0.1373234433E+04      0.6993863381E+03      0.7684979499E+00
0.1000000000E+01      0.1377391181E+04      0.7025816864E+03      0.7689258559E+00
0.1002000000E+01      0.1381554325E+04      0.7057837293E+03      0.7693516427E+00
0.1004000000E+01      0.1385723868E+04      0.7089924640E+03      0.7697753242E+00
0.1006000000E+01      0.1389899809E+04      0.7122078874E+03      0.7701969143E+00
0.1008000000E+01      0.1394082149E+04      0.7154299969E+03      0.7706164269E+00
0.1010000000E+01      0.1398270889E+04      0.7186587894E+03      0.7710338755E+00
0.1012000000E+01      0.1402466029E+04      0.7218942623E+03      0.7714492737E+00
0.1014000000E+01      0.1406667570E+04      0.7251364126E+03      0.7718626350E+00
0.1016000000E+01      0.1410875512E+04      0.7283852375E+03      0.7722739726E+00
0.1018000000E+01      0.1415089857E+04      0.7316407342E+03      0.7726832999E+00
0.1020000000E+01      0.1419310603E+04      0.7349029000E+03      0.7730906299E+00
0.1022000000E+01      0.1423537753E+04      0.7381717320E+03      0.7734959757E+00
0.1024000000E+01      0.1427771306E+04      0.7414472275E+03      0.7738993502E+00
0.1026000000E+01      0.1432011263E+04      0.7447293837E+03      0.7743007662E+00
0.1028000000E+01      0.1436257624E+04      0.7480181978E+03      0.7747002364E+00
0.1030000000E+01      0.1440510391E+04      0.7513136672E+03      0.7750977735E+00
0.1032000000E+01      0.1444769563E+04      0.7546157890E+03      0.7754933900E+00
0.1034000000E+01      0.1449035140E+04      0.7579245607E+03      0.7758870984E+00
0.1036000000E+01      0.1453307125E+04      0.7612399794E+03      0.7762789109E+00
0.1038000000E+01      0.1457585515E+04      0.7645620424E+03      0.7766688397E+00
0.1040000000E+01      0.1461870314E+04      0.7678907472E+03      0.7770568972E+00
0.1042000000E+01      0.1466161520E+04      0.7712260910E+03      0.7774430952E+00
0.1044000000E+01      0.1470459134E+04      0.7745680712E+03      0.7778274458E+00
0.1046000000E+01      0.1474763157E+04      0.7779166851E+03      0.7782099609E+00
0.1048000000E+01      0.1479073588E+04      0.7812719301E+03      0.7785906521E+00
0.1050000000E+01      0.1483390430E+04      0.7846338035E+03      0.7789695312E+00
0.1052000000E+01      0.1487713681E+04      0.7880023027E+03      0.7793466099E+00
0.1054000000E+01      0.1492043342E+04      0.7913774252E+03      0.7797218995E+00
0.1056000000E+01      0.1496379415E+04      0.7947591683E+03      0.7800954115E+00
0.1058000000E+01      0.1500721898E+04      0.7981475295E+03      0.7804671574E+00
0.1060000000E+01      0.1505070792E+04      0.8015425061E+03      0.7808371482E+00
0.1062000000E+01      0.1509426099E+04      0.8049440956E+03      0.7812053952E+00
0.1064000000E+01      0.1513787818E+04      0.8083522955E+03      0.7815719094E+00
0.1066000000E+01      0.1518155949E+04      0.8117671032E+03      0.7819367019E+00
0.1068000000E+01      0.1522530494E+04      0.8151885162E+03      0.7822997836E+00
0.1070000000E+01      0.1526911451E+04      0.8186165319E+03      0.7826611653E+00
0.1072000000E+01      0.1531298823E+04      0.8220511478E+03      0.7830208578E+00
0.1074000000E+01      0.1535692608E+04      0.8254923615E+03      0.7833788717E+00
0.1076000000E+01      0.1540092808E+04      0.8289401704E+03      0.7837352176E+00
0.1078000000E+01      0.1544499422E+04      0.8323945721E+03      0.7840899060E+00
0.1080000000E+01      0.1548912452E+04      0.8358555641E+03      0.7844429474E+00
0.1082000000E+01      0.1553331896E+04      0.8393231439E+03      0.7847943522E+00
0.1084000000E+01      0.1557757757E+04      0.8427973091E+03      0.7851441305E+00
0.1086000000E+01      0.1562190033E+04      0.8462780572E+03      0.7854922927E+00
0.1088000000E+01      0.1566628726E+04      0.8497653858E+03      0.7858388488E+00
0.1090000000E+01      0.1571073835E+04      0.8532592925E+03      0.7861838089E+00
0.1092000000E+01      0.1575525361E+04      0.8567597748E+03      0.7865271829E+00
0.1094000000E+01      0.1579983305E+04      0.8602668304E+03      0.7868689809E+00
0.1096000000E+01      0.1584447665E+04      0.8637804569E+03      0.7872092125E+00
0.1098000000E+01      0.1588918444E+04      0.8673006518E+03      0.7875478877E+00
0.1100000000E+01      0.1593395640E+04      0.8708274128E+03      0.7878850160E+00
0.1102000000E+01      0.1597879255E+04      0.8743607376E+03      0.7882206070E+00
0.1104000000E+01      0.1602369288E+04      0.8779006237E+03      0.7885546704E+00
0.1106000000E+01      0.1606865740E+04      0.8814470689E+03      0.7888872156E+00
0.1108000000E+01      0.1611368611E+04      0.8850000708E+03      0.7892182520E+00
0.1110000000E+01      0.1615877902E+04      0.8885596270E+03      0.7895477890E+00
0.1112000000E+01      0.1620393612E+04      0.8921257353E+03      0.7898758358E+00
0.1114000000E+01      0.1624915741E+04      0.8956983933E+03      0.7902024017E+00
0.1116000000E+01      0.1629444291E+04      0.8992775988E+03      0.7905274957E+00
0.1118000000E+01      0.1633979261E+04      0.9028633494E+03      0.7908511269E+00
0.1120000000E+01      0.1638520651E+04      0.9064556429E+03      0.7911733044E+00
0.1122000000E+01      0.1643068462E+04      0.9100544770E+03      0.7914940371E+00
0.1124000000E+01      0.1647622693E+04      0.9136598494E+03      0.7918133339E+00
0.1126000000E+01      0.1652183346E+04      0.9172717579E+03      0.7921312036E+00
0.1128000000E+01      0.1656750420E+04      0.9208902002E+03      0.7924476549E+00
0.1130000000E+01      0.1661323916E+04      0.9245151741E+03      0.7927626965E+00
0.1132000000E+01      0.1665903833E+04      0.9281466773E+03      0.7930763370E+00
0.1134000000E+01      0.1670490172E+04      0.9317847077E+03      0.7933885851E+00
0.1136000000E+01      0.1675082933E+04      0.9354292631E+03      0.7936994492E+00
0.1138000000E+01      0.1679682117E+04      0.9390803412E+03      0.7940089378E+00
0.1140000000E+01      0.1684287722E+04      0.9427379398E+03      0.7943170592E+00
0.1142000000E+01      0.1688899751E+04      0.9464020568E+03      0.7946238218E+00
0.1144000000E+01      0.1693518202E+04      0.9500726899E+03      0.7949292337E+00
0.1146000000E+01      0.1698143075E+04      0.9537498371E+03      0.7952333034E+00
0.1148000000E+01      0.1702774372E+04      0.9574334961E+03      0.7955360388E+00
0.1150000000E+01      0.1707412092E+04      0.9611236649E+03      0.7958374480E+00
0.1152000000E+01      0.1712056236E+04      0.9648203412E+03      0.7961375392E+00
0.1154000000E+01      0.1716706803E+04      0.9685235229E+03      0.7964363202E+00
0.1156000000E+01      0.1721363793E+04      0.9722332079E+03      0.7967337991E+00
0.1158000000E+01      0.1726027208E+04      0.9759493942E+03      0.7970299836E+00
0.1160000000E+01      0.1730697046E+04      0.9796720795E+03      0.7973248815E+00
0.1162000000E+01      0.1735373308E+04      0.9834012618E+03      0.7976185007E+00
0.1164000000E+01      0.1740055995E+04      0.9871369391E+03      0.7979108488E+00
0.1166000000E+01      0.1744745105E+04      0.9908791091E+03      0.7982019334E+00
0.1168000000E+01      0.1749440640E+04      0.9946277699E+03      0.7984917622E+00
0.1170000000E+01      0.1754142600E+04      0.9983829193E+03      0.7987803427E+00
0.1172000000E+01      0.1758850984E+04      0.1002144555E+04      0.7990676824E+00
0.1174000000E+01      0.1763565793E+04      0.1005912676E+04      0.7993537886E+00
0.1176000000E+01      0.1768287027E+04      0.1009687279E+04      0.7996386689E+00
0.1178000000E+01      0.1773014685E+04      0.1013468363E+04      0.7999223305E+00
0.1180000000E+01      0.1777748769E+04      0.1017255925E+04      0.8002047807E+00
0.1182000000E+01      0.1782489277E+04      0.1021049964E+04      0.8004860267E+00
0.1184000000E+01      0.1787236211E+04      0.1024850477E+04      0.8007660758E+00
0.1186000000E+01      0.1791989570E+04      0.1028657462E+04      0.8010449324E+00
0.1188000000E+01      0.1796749355E+04      0.1032470918E+04      0.8013226089E+00
0.1190000000E+01      0.1801515564E+04      0.1036290843E+04      0.8015991095E+00
0.1192000000E+01      0.1806288200E+04      0.1040117233E+04      0.8018744415E+00
0.1194000000E+01      0.1811067261E+04      0.1043950089E+04      0.8021486116E+00
0.1196000000E+01      0.1815852747E+04      0.1047789407E+04      0.8024216267E+00
0.1198000000E+01      0.1820644659E+04      0.1051635186E+04      0.8026934938E+00
0.1200000000E+01      0.1825442997E+04      0.1055487423E+04      0.8029642196E+00
