      Rhob                Epsilon              Pressure               SoundV
0.4730000000E-14      0.4409040000E-11      0.6303830000E-24      0.2528270000E-09
0.4760000000E-14      0.4431480000E-11      0.6303830000E-23      0.3286900000E-09
0.4910000000E-14      0.4571720000E-11      0.6303830000E-22      0.3811090000E-09
0.6990000000E-14      0.6506980000E-11      0.7552120000E-21      0.1661210000E-08
0.9900000000E-14      0.9199530000E-11      0.8737990000E-20      0.4506330000E-08
0.2720000000E-13      0.2529870000E-10      0.1061040000E-18      0.2185710000E-07
0.1270000000E-12      0.1189210000E-09      0.3632510000E-17      0.1280710000E-06
0.6930000000E-12      0.6450890000E-09      0.1185870000E-15      0.6813760000E-06
0.6295000000E-11      0.5856290000E-08      0.6081640000E-14      0.1980100000E-05
0.1581000000E-10      0.1470800000E-07      0.3100740000E-13      0.4121830000E-05
0.3972000000E-10      0.3694960000E-07      0.1517290000E-12      0.7788630000E-05
0.9976000000E-10      0.9278060000E-07      0.7183870000E-12      0.1422460000E-04
0.2506000000E-09      0.2331300000E-06      0.3286730000E-11      0.2500930000E-04
0.6294000000E-09      0.5856290000E-06      0.1446760000E-10      0.4207890000E-04
0.1581000000E-08      0.1470800000E-05      0.6088500000E-10      0.6739699893E-04
0.3972000000E-08      0.3695520000E-05      0.2441020000E-09      0.8516180000E-04
0.5000000000E-08      0.4651930000E-05      0.3282360000E-09      0.1052360000E-03
0.9976000000E-08      0.9283670000E-05      0.8956430000E-09      0.1422520000E-03
0.1990000000E-07      0.1852250000E-04      0.2392340000E-08      0.1863930000E-03
0.3972000000E-07      0.3696080000E-04      0.6278870000E-08      0.2408930000E-03
0.7924000000E-07      0.7376450000E-04      0.1625270000E-07      0.3085620000E-03
0.1581000000E-06      0.1471920000E-03      0.4166770000E-07      0.3417580000E-03
0.1990000000E-06      0.1853370000E-03      0.5453750000E-07      0.3860480000E-03
0.3155000000E-06      0.2937680000E-03      0.1016730000E-06      0.4315500000E-03
0.5000000000E-06      0.4656420000E-03      0.1890530000E-06      0.4889620000E-03
0.6294000000E-06      0.5861890000E-03      0.2577080000E-06      0.5509610000E-03
0.7924000000E-06      0.7382060000E-03      0.3143180000E-06      0.6137740000E-03
0.9976000000E-06      0.9294890000E-03      0.4281610000E-06      0.6540150000E-03
0.1581000000E-05      0.1470000000E-02      0.7939080000E-06      0.7285460000E-03
0.2506000000E-05      0.2340000000E-02      0.1470480000E-05      0.8500470000E-03
0.3972000000E-05      0.3700000000E-02      0.2722510000E-05      0.8906300000E-03
0.5000000000E-05      0.4660000000E-02      0.3533890000E-05      0.9510480000E-03
0.6294000000E-05      0.5870000000E-02      0.4807140000E-05      0.1100000000E-02
0.7924000000E-05      0.7390000000E-02      0.6541010000E-05      0.1180000000E-02
0.9976000000E-05      0.9310000000E-02      0.8894020000E-05      0.1280000000E-02
0.1256000000E-04      0.1172000000E-01      0.1209590000E-04      0.1300000000E-02
0.1581000000E-04      0.1476000000E-01      0.1562230000E-04      0.1320000000E-02
0.1990000000E-04      0.1858000000E-01      0.2124580000E-04      0.1390000000E-02
0.2506000000E-04      0.2340000000E-01      0.2888530000E-04      0.1470000000E-02
0.3155000000E-04      0.2947000000E-01      0.3713020000E-04      0.1550000000E-02
0.3972000000E-04      0.3712000000E-01      0.5048680000E-04      0.1820000000E-02
0.5000000000E-04      0.4674000000E-01      0.6865560000E-04      0.1960000000E-02
0.6294000000E-04      0.5884000000E-01      0.9330920000E-04      0.2110000000E-02
0.7924000000E-04      0.7416000000E-01      0.1268880000E-03      0.2150000000E-02
0.9976000000E-04      0.9334000000E-01      0.1620900000E-03      0.2190000000E-02
0.1105000000E-03      0.1034400000E+00      0.1805020000E-03      0.2220000000E-02
0.1256000000E-03      0.1175700000E+00      0.2053430000E-03      0.2270000000E-02
0.1581000000E-03      0.1480900000E+00      0.2791790000E-03      0.2300000000E-02
0.1990000000E-03      0.1865100000E+00      0.3630010000E-03      0.2350000000E-02
0.2506000000E-03      0.2349200000E+00      0.4704780000E-03      0.2420000000E-02
0.2572000000E-03      0.2411500000E+00      0.4871430000E-03      0.1640000000E-02
0.2670000000E-03      0.2502100000E+00      0.4925360000E-03      0.6323770000E-03
0.3126000000E-03      0.2932300000E+00      0.5213460000E-03      0.6351150000E-03
0.3951000000E-03      0.3707800000E+00      0.5679160000E-03      0.6395500000E-03
0.4759000000E-03      0.4467600000E+00      0.6136960000E-03      0.6456670000E-03
0.5812000000E-03      0.5456200000E+00      0.6758550000E-03      0.6505920000E-03
0.7143000000E-03      0.6709200000E+00      0.7601150000E-03      0.7025890000E-03
0.8786000000E-03      0.8252300000E+00      0.8731850000E-03      0.7646840000E-03
0.1077000000E-02      0.1012500000E+01      0.1020000000E-02      0.8354260000E-03
0.1314000000E-02      0.1235290000E+01      0.1220000000E-02      0.9276850000E-03
0.1748000000E-02      0.1643560000E+01      0.1620000000E-02      0.1000000000E-02
0.2000000000E-02      0.1880850000E+01      0.2000000000E-02      0.1100000000E-02
0.4000000000E-02      0.3764610000E+01      0.4510000000E-02      0.1460000000E-02
0.6000000000E-02      0.5649800000E+01      0.7500000000E-02      0.1680000000E-02
0.8000000000E-02      0.7536070000E+01      0.1086000000E-01      0.1880000000E-02
0.1000000000E-01      0.9423230000E+01      0.1458000000E-01      0.2070000000E-02
0.1200000000E-01      0.1131116000E+02      0.1867000000E-01      0.2280000000E-02
0.1400000000E-01      0.1319982000E+02      0.2318000000E-01      0.2510000000E-02
0.1600000000E-01      0.1508915000E+02      0.2814000000E-01      0.2760000000E-02
0.1800000000E-01      0.1697914000E+02      0.3361000000E-01      0.3040000000E-02
0.2000000000E-01      0.1886976000E+02      0.3965000000E-01      0.3340000000E-02
0.2200000000E-01      0.2076101000E+02      0.4624000000E-01      0.3660000000E-02
0.2400000000E-01      0.2265290000E+02      0.5348000000E-01      0.3990000000E-02
0.2600000000E-01      0.2454541000E+02      0.6133000000E-01      0.4330000000E-02
0.2800000000E-01      0.2643855000E+02      0.6988000000E-01      0.4680000000E-02
0.3000000000E-01      0.2833233000E+02      0.7906000000E-01      0.5030000000E-02
0.3200000000E-01      0.3022674000E+02      0.8895000000E-01      0.5390000000E-02
0.3400000000E-01      0.3212179000E+02      0.9948000000E-01      0.5740000000E-02
0.3600000000E-01      0.3401748000E+02      0.1107200000E+00      0.6090000000E-02
0.3800000000E-01      0.3591381000E+02      0.1225900000E+00      0.6440000000E-02
0.4000000000E-01      0.3781078000E+02      0.1351400000E+00      0.6790000000E-02
0.4200000000E-01      0.3970840000E+02      0.1483400000E+00      0.7110000000E-02
0.4400000000E-01      0.4160666000E+02      0.1621100000E+00      0.7420000000E-02
0.4600000000E-01      0.4350556000E+02      0.1765200000E+00      0.7740000000E-02
0.4800000000E-01      0.4540510000E+02      0.1915000000E+00      0.8040000000E-02
0.5000000000E-01      0.4730528000E+02      0.2070600000E+00      0.8310000000E-02
0.5200000000E-01      0.4920608000E+02      0.2230900000E+00      0.8580000000E-02
0.5400000000E-01      0.5110752000E+02      0.2396900000E+00      0.8870000000E-02
0.5600000000E-01      0.5300958000E+02      0.2568200000E+00      0.9120000000E-02
0.5800000000E-01      0.5491227000E+02      0.2743700000E+00      0.9340000000E-02
0.6000000000E-01      0.5681556000E+02      0.2923800000E+00      0.9690000000E-02
0.6200000000E-01      0.5871946000E+02      0.3101200000E+00      0.1002000000E-01
0.6400000000E-01      0.6062394000E+02      0.3290400000E+00      0.1028000000E-01
0.6600000000E-01      0.6252904000E+02      0.3483400000E+00      0.1069000000E-01
0.6800000000E-01      0.6443473000E+02      0.3679800000E+00      0.1101000000E-01
0.7000000000E-01      0.6634095000E+02      0.3861300000E+00      0.1136000000E-01
0.7300000000E-01      0.6915957109E+02      0.3908126327E+00      0.1182358062E-01
0.7500000000E-01      0.7106537046E+02      0.4137347275E+00      0.1222483858E-01
0.7700000000E-01      0.7297179148E+02      0.4374417132E+00      0.1263922713E-01
0.7900000000E-01      0.7487883873E+02      0.4619609476E+00      0.1306854522E-01
0.8100000000E-01      0.7678651730E+02      0.4873232943E+00      0.1351462590E-01
0.8300000000E-01      0.7869483284E+02      0.5135631836E+00      0.1397932535E-01
0.8500000000E-01      0.8060379159E+02      0.5407186535E+00      0.1446451278E-01
0.8700000000E-01      0.8251340044E+02      0.5688313724E+00      0.1497073214E-01
0.8900000000E-01      0.8442366696E+02      0.5979466453E+00      0.1550243246E-01
0.9100000000E-01      0.8633459944E+02      0.6281134052E+00      0.1606021635E-01
0.9300000000E-01      0.8824620693E+02      0.6593841897E+00      0.1664591959E-01
0.9500000000E-01      0.9015849924E+02      0.6918151054E+00      0.1726135181E-01
0.9700000000E-01      0.9207148700E+02      0.7254657819E+00      0.1790829086E-01
0.9900000000E-01      0.9398518167E+02      0.7603993144E+00      0.1858847755E-01
0.1010000000E+00      0.9589959553E+02      0.7966821982E+00      0.1930361106E-01
0.1030000000E+00      0.9781474176E+02      0.8343842545E+00      0.2005534486E-01
0.1050000000E+00      0.9973063438E+02      0.8735785503E+00      0.2084528309E-01
0.1070000000E+00      0.1016472883E+03      0.9143413112E+00      0.2167497735E-01
0.1090000000E+00      0.1035647194E+03      0.9567518290E+00      0.2254592393E-01
0.1110000000E+00      0.1054829444E+03      0.1000892365E+01      0.2345956136E-01
0.1130000000E+00      0.1074019808E+03      0.1046848048E+01      0.2441726833E-01
0.1150000000E+00      0.1093218473E+03      0.1094706773E+01      0.2542036193E-01
0.1170000000E+00      0.1112425614E+03      0.1144178324E+01      0.2606478429E-01
0.1190000000E+00      0.1131641327E+03      0.1195117475E+01      0.2695510641E-01
0.1210000000E+00      0.1150865753E+03      0.1247913628E+01      0.2795930231E-01
0.1230000000E+00      0.1170099072E+03      0.1302747155E+01      0.2904346864E-01
0.1250000000E+00      0.1189341482E+03      0.1359762136E+01      0.3019676310E-01
0.1270000000E+00      0.1208593197E+03      0.1419089017E+01      0.3141434396E-01
0.1290000000E+00      0.1227854445E+03      0.1480851856E+01      0.3269372688E-01
0.1310000000E+00      0.1247125464E+03      0.1545171459E+01      0.3403355219E-01
0.1330000000E+00      0.1266406505E+03      0.1612166971E+01      0.3543305904E-01
0.1350000000E+00      0.1285697828E+03      0.1681956754E+01      0.3689182609E-01
0.1370000000E+00      0.1304999705E+03      0.1754658905E+01      0.3840860447E-01
0.1390000000E+00      0.1324312413E+03      0.1830391555E+01      0.3998533415E-01
0.1410000000E+00      0.1343636244E+03      0.1909273059E+01      0.4162095221E-01
0.1430000000E+00      0.1362971492E+03      0.1991422086E+01      0.4331544346E-01
0.1450000000E+00      0.1382318465E+03      0.2076957680E+01      0.4506880012E-01
0.1470000000E+00      0.1401677475E+03      0.2165999261E+01      0.4688100613E-01
0.1490000000E+00      0.1421048844E+03      0.2258666622E+01      0.4875202616E-01
0.1510000000E+00      0.1440432901E+03      0.2355080023E+01      0.5068557528E-01
0.1530000000E+00      0.1459829982E+03      0.2455359633E+01      0.5267407326E-01
0.1550000000E+00      0.1479240430E+03      0.2559626247E+01      0.5472109297E-01
0.1570000000E+00      0.1498664595E+03      0.2668000718E+01      0.5682646179E-01
0.1590000000E+00      0.1518102833E+03      0.2780604015E+01      0.5898996504E-01
0.1610000000E+00      0.1537555506E+03      0.2897557159E+01      0.6121134403E-01
0.1630000000E+00      0.1557022983E+03      0.3018981150E+01      0.6349029541E-01
0.1650000000E+00      0.1576505639E+03      0.3144996892E+01      0.6582647054E-01
0.1670000000E+00      0.1596003853E+03      0.3275725125E+01      0.6821947532E-01
0.1690000000E+00      0.1615518010E+03      0.3411286287E+01      0.7066778936E-01
0.1710000000E+00      0.1635048501E+03      0.3551800671E+01      0.7317304955E-01
0.1730000000E+00      0.1654595722E+03      0.3697388009E+01      0.7573368531E-01
0.1750000000E+00      0.1674160071E+03      0.3848167627E+01      0.7834912307E-01
0.1770000000E+00      0.1693741954E+03      0.4004258312E+01      0.8101874603E-01
0.1790000000E+00      0.1713341780E+03      0.4165778242E+01      0.8374189502E-01
0.1810000000E+00      0.1732959960E+03      0.4332844914E+01      0.8651786945E-01
0.1830000000E+00      0.1752596912E+03      0.4505575075E+01      0.8934592842E-01
0.1850000000E+00      0.1772253055E+03      0.4684084657E+01      0.9222529186E-01
0.1870000000E+00      0.1791928814E+03      0.4868488704E+01      0.9515514180E-01
0.1890000000E+00      0.1811624614E+03      0.5058901314E+01      0.9813462370E-01
0.1910000000E+00      0.1831340886E+03      0.5255435572E+01      0.1011628477E+00
0.1930000000E+00      0.1851078062E+03      0.5458203491E+01      0.1042388903E+00
0.1950000000E+00      0.1870836578E+03      0.5667315952E+01      0.1073617954E+00
0.1970000000E+00      0.1890616870E+03      0.5882882645E+01      0.1105305762E+00
0.1990000000E+00      0.1910419378E+03      0.6105012021E+01      0.1137442655E+00
0.2010000000E+00      0.1930244545E+03      0.6333811227E+01      0.1170017214E+00
0.2030000000E+00      0.1950092813E+03      0.6569386068E+01      0.1203019229E+00
0.2050000000E+00      0.1969964628E+03      0.6811840951E+01      0.1236437755E+00
0.2070000000E+00      0.1989860437E+03      0.7061278843E+01      0.1270261617E+00
0.2090000000E+00      0.2009780686E+03      0.7317801224E+01      0.1304479427E+00
0.2110000000E+00      0.2029725825E+03      0.7581508045E+01      0.1339079603E+00
0.2130000000E+00      0.2049696303E+03      0.7852497693E+01      0.1374050382E+00
0.2150000000E+00      0.2069692572E+03      0.8130866949E+01      0.1409379840E+00
0.2170000000E+00      0.2089715082E+03      0.8416710958E+01      0.1445011039E+00
0.2190000000E+00      0.2109764284E+03      0.8710123192E+01      0.1481020218E+00
0.2210000000E+00      0.2129840630E+03      0.9011195425E+01      0.1517351461E+00
0.2230000000E+00      0.2149944572E+03      0.9320017702E+01      0.1553992358E+00
0.2250000000E+00      0.2170076561E+03      0.9636678317E+01      0.1590930418E+00
0.2270000000E+00      0.2190237048E+03      0.9961263785E+01      0.1628153086E+00
0.2290000000E+00      0.2210426485E+03      0.1029385883E+02      0.1665647755E+00
0.2310000000E+00      0.2230645322E+03      0.1063454635E+02      0.1703401790E+00
0.2330000000E+00      0.2250894008E+03      0.1098340742E+02      0.1741402532E+00
0.2350000000E+00      0.2271172992E+03      0.1134052128E+02      0.1779637322E+00
0.2370000000E+00      0.2291482723E+03      0.1170596530E+02      0.1818093995E+00
0.2390000000E+00      0.2311823646E+03      0.1207981499E+02      0.1856758953E+00
0.2410000000E+00      0.2332196207E+03      0.1246214397E+02      0.1895620100E+00
0.2430000000E+00      0.2352600850E+03      0.1285302401E+02      0.1934664904E+00
0.2450000000E+00      0.2373038018E+03      0.1325252498E+02      0.1973880897E+00
0.2470000000E+00      0.2393508152E+03      0.1366071487E+02      0.2013255687E+00
0.2490000000E+00      0.2414011692E+03      0.1407765979E+02      0.2052776975E+00
0.2510000000E+00      0.2434549074E+03      0.1450342396E+02      0.2092432561E+00
0.2530000000E+00      0.2455120734E+03      0.1493806973E+02      0.2132210358E+00
0.2550000000E+00      0.2475727106E+03      0.1538165759E+02      0.2172098402E+00
0.2570000000E+00      0.2496368618E+03      0.1583424631E+02      0.2212133526E+00
0.2590000000E+00      0.2517045706E+03      0.1629589232E+02      0.2252207754E+00
0.2610000000E+00      0.2537758793E+03      0.1676665070E+02      0.2292357182E+00
0.2630000000E+00      0.2558508304E+03      0.1724657453E+02      0.2332570432E+00
0.2650000000E+00      0.2579294660E+03      0.1773571509E+02      0.2372836297E+00
0.2670000000E+00      0.2600118282E+03      0.1823412184E+02      0.2413143741E+00
0.2690000000E+00      0.2620979585E+03      0.1874184245E+02      0.2453434818E+00
0.2710000000E+00      0.2641878985E+03      0.1925892282E+02      0.2493791966E+00
0.2730000000E+00      0.2662816891E+03      0.1978540712E+02      0.2534158706E+00
0.2750000000E+00      0.2683793713E+03      0.2032133775E+02      0.2574524775E+00
0.2770000000E+00      0.2704809856E+03      0.2086675544E+02      0.2614880114E+00
0.2790000000E+00      0.2725865723E+03      0.2142169921E+02      0.2655214874E+00
0.2810000000E+00      0.2746961713E+03      0.2198620640E+02      0.2695519420E+00
0.2830000000E+00      0.2768098222E+03      0.2256031273E+02      0.2735784339E+00
0.2850000000E+00      0.2789275643E+03      0.2314405228E+02      0.2776000435E+00
0.2870000000E+00      0.2810494368E+03      0.2373745756E+02      0.2816158738E+00
0.2890000000E+00      0.2831754782E+03      0.2434055948E+02      0.2856250505E+00
0.2910000000E+00      0.2853057268E+03      0.2495338743E+02      0.2896267220E+00
0.2930000000E+00      0.2874402209E+03      0.2557596926E+02      0.2936200597E+00
0.2950000000E+00      0.2895789979E+03      0.2620833135E+02      0.2976042583E+00
0.2970000000E+00      0.2917220954E+03      0.2685049860E+02      0.3015785354E+00
0.2990000000E+00      0.2938695502E+03      0.2750249450E+02      0.3055421319E+00
0.3010000000E+00      0.2960213991E+03      0.2816434110E+02      0.3094943119E+00
0.3030000000E+00      0.2981776784E+03      0.2883605909E+02      0.3134343627E+00
0.3050000000E+00      0.3003384241E+03      0.2951766781E+02      0.3173615947E+00
0.3070000000E+00      0.3025036718E+03      0.3020918526E+02      0.3212753414E+00
0.3090000000E+00      0.3046734568E+03      0.3091062818E+02      0.3251749590E+00
0.3110000000E+00      0.3068478139E+03      0.3162201202E+02      0.3290598266E+00
0.3130000000E+00      0.3090267779E+03      0.3234335099E+02      0.3329293460E+00
0.3150000000E+00      0.3112103828E+03      0.3307465812E+02      0.3367829411E+00
0.3170000000E+00      0.3133986627E+03      0.3381594524E+02      0.3406200582E+00
0.3190000000E+00      0.3155916508E+03      0.3456722304E+02      0.3444401656E+00
0.3210000000E+00      0.3177893805E+03      0.3532850108E+02      0.3482427529E+00
0.3230000000E+00      0.3199918845E+03      0.3609978786E+02      0.3520273316E+00
0.3250000000E+00      0.3221991953E+03      0.3688109078E+02      0.3557934338E+00
0.3270000000E+00      0.3244113449E+03      0.3767241622E+02      0.3595406129E+00
0.3290000000E+00      0.3266283650E+03      0.3847376956E+02      0.3632684425E+00
0.3310000000E+00      0.3288502870E+03      0.3928515520E+02      0.3669765161E+00
0.3330000000E+00      0.3310771419E+03      0.4010657658E+02      0.3706644475E+00
0.3350000000E+00      0.3333089605E+03      0.4093803622E+02      0.3743318695E+00
0.3370000000E+00      0.3355457727E+03      0.4177953581E+02      0.3779825529E+00
0.3390000000E+00      0.3377876089E+03      0.4263107599E+02      0.3816079702E+00
0.3410000000E+00      0.3400344986E+03      0.4349265673E+02      0.3852118892E+00
0.3430000000E+00      0.3422864709E+03      0.4436427712E+02      0.3887940170E+00
0.3450000000E+00      0.3445435548E+03      0.4524593547E+02      0.3923540781E+00
0.3470000000E+00      0.3468057788E+03      0.4613762931E+02      0.3958918141E+00
0.3490000000E+00      0.3490731711E+03      0.4703935543E+02      0.3994069835E+00
0.3510000000E+00      0.3513457597E+03      0.4795110992E+02      0.4028993610E+00
0.3530000000E+00      0.3536235719E+03      0.4887288815E+02      0.4063687373E+00
0.3550000000E+00      0.3559066351E+03      0.4980468484E+02      0.4098149186E+00
0.3570000000E+00      0.3581949760E+03      0.5074649406E+02      0.4132377263E+00
0.3590000000E+00      0.3604886211E+03      0.5169830924E+02      0.4166369964E+00
0.3610000000E+00      0.3627875967E+03      0.5266012324E+02      0.4200125793E+00
0.3630000000E+00      0.3650919285E+03      0.5363192830E+02      0.4233643392E+00
0.3650000000E+00      0.3674016422E+03      0.5461371614E+02      0.4266921538E+00
0.3670000000E+00      0.3697167627E+03      0.5560547792E+02      0.4299959143E+00
0.3690000000E+00      0.3720373151E+03      0.5660720429E+02      0.4332755240E+00
0.3710000000E+00      0.3743633239E+03      0.5761888540E+02      0.4365308990E+00
0.3730000000E+00      0.3766948133E+03      0.5864051094E+02      0.4397619671E+00
0.3750000000E+00      0.3790318072E+03      0.5967207011E+02      0.4429686678E+00
0.3770000000E+00      0.3813743291E+03      0.6071355170E+02      0.4461509517E+00
0.3790000000E+00      0.3837224025E+03      0.6176494407E+02      0.4493087803E+00
0.3810000000E+00      0.3860760502E+03      0.6282623517E+02      0.4524421254E+00
0.3830000000E+00      0.3884352949E+03      0.6389741257E+02      0.4555509690E+00
0.3850000000E+00      0.3908001590E+03      0.6497846349E+02      0.4586353028E+00
0.3870000000E+00      0.3931706645E+03      0.6606937477E+02      0.4616951278E+00
0.3890000000E+00      0.3955468333E+03      0.6717013293E+02      0.4647304542E+00
0.3910000000E+00      0.3979286867E+03      0.6828072416E+02      0.4677413008E+00
0.3930000000E+00      0.4003162460E+03      0.6940113436E+02      0.4707203319E+00
0.3950000000E+00      0.4027095321E+03      0.7053134913E+02      0.4736822307E+00
0.3970000000E+00      0.4051085656E+03      0.7167135380E+02      0.4766197556E+00
0.3990000000E+00      0.4075133667E+03      0.7282113344E+02      0.4795329569E+00
0.4010000000E+00      0.4099239557E+03      0.7398067286E+02      0.4824218923E+00
0.4030000000E+00      0.4123403521E+03      0.7514995667E+02      0.4852866259E+00
0.4050000000E+00      0.4147625756E+03      0.7632896922E+02      0.4881272286E+00
0.4070000000E+00      0.4171906454E+03      0.7751769467E+02      0.4909437777E+00
0.4090000000E+00      0.4196245803E+03      0.7871611698E+02      0.4937363560E+00
0.4110000000E+00      0.4220643992E+03      0.7992421994E+02      0.4965050526E+00
0.4130000000E+00      0.4245101204E+03      0.8114198716E+02      0.4992499614E+00
0.4150000000E+00      0.4269617622E+03      0.8236940206E+02      0.5019711811E+00
0.4170000000E+00      0.4294193424E+03      0.8360644797E+02      0.5046688180E+00
0.4190000000E+00      0.4318828788E+03      0.8485310801E+02      0.5073429802E+00
0.4210000000E+00      0.4343523886E+03      0.8610936523E+02      0.5099937810E+00
0.4230000000E+00      0.4368278892E+03      0.8737520253E+02      0.5126213384E+00
0.4250000000E+00      0.4393093975E+03      0.8865060269E+02      0.5152257742E+00
0.4270000000E+00      0.4417969301E+03      0.8993554842E+02      0.5178072138E+00
0.4290000000E+00      0.4442905034E+03      0.9123002232E+02      0.5203657866E+00
0.4310000000E+00      0.4467901338E+03      0.9253400690E+02      0.5229016251E+00
0.4330000000E+00      0.4492958372E+03      0.9384748459E+02      0.5254148651E+00
0.4350000000E+00      0.4518076293E+03      0.9517043779E+02      0.5279056454E+00
0.4370000000E+00      0.4543255257E+03      0.9650284880E+02      0.5303741077E+00
0.4390000000E+00      0.4568495417E+03      0.9784469988E+02      0.5328203962E+00
0.4410000000E+00      0.4593796923E+03      0.9919597325E+02      0.5352446576E+00
0.4430000000E+00      0.4619159926E+03      0.1005566511E+03      0.5376470411E+00
0.4450000000E+00      0.4644584570E+03      0.1019267155E+03      0.5400276980E+00
0.4470000000E+00      0.4670071000E+03      0.1033061487E+03      0.5423867813E+00
0.4490000000E+00      0.4695619359E+03      0.1046949328E+03      0.5447244462E+00
0.4510000000E+00      0.4721229788E+03      0.1060930498E+03      0.5470408494E+00
0.4530000000E+00      0.4746902423E+03      0.1075004818E+03      0.5493361494E+00
0.4550000000E+00      0.4772637402E+03      0.1089172109E+03      0.5516105059E+00
0.4570000000E+00      0.4798434859E+03      0.1103432192E+03      0.5538640799E+00
0.4590000000E+00      0.4824294926E+03      0.1117784888E+03      0.5560970336E+00
0.4610000000E+00      0.4850217733E+03      0.1132230018E+03      0.5583095305E+00
0.4630000000E+00      0.4876203409E+03      0.1146767404E+03      0.5605017348E+00
0.4650000000E+00      0.4902252080E+03      0.1161396866E+03      0.5626738114E+00
0.4670000000E+00      0.4928363871E+03      0.1176118228E+03      0.5648259263E+00
0.4690000000E+00      0.4954538905E+03      0.1190931310E+03      0.5669582459E+00
0.4710000000E+00      0.4980777303E+03      0.1205835936E+03      0.5690709371E+00
0.4730000000E+00      0.5007079184E+03      0.1220831929E+03      0.5711641672E+00
0.4750000000E+00      0.5033444666E+03      0.1235919111E+03      0.5732381040E+00
0.4770000000E+00      0.5059873865E+03      0.1251097307E+03      0.5752929155E+00
0.4790000000E+00      0.5086366894E+03      0.1266366342E+03      0.5773287697E+00
0.4810000000E+00      0.5112923867E+03      0.1281726039E+03      0.5793458350E+00
0.4830000000E+00      0.5139544893E+03      0.1297176225E+03      0.5813442794E+00
0.4850000000E+00      0.5166230082E+03      0.1312716726E+03      0.5833242712E+00
0.4870000000E+00      0.5192979541E+03      0.1328347368E+03      0.5852859784E+00
0.4890000000E+00      0.5219793377E+03      0.1344067980E+03      0.5872295688E+00
0.4910000000E+00      0.5246671693E+03      0.1359878388E+03      0.5891552101E+00
0.4930000000E+00      0.5273614593E+03      0.1375778422E+03      0.5910630693E+00
0.4950000000E+00      0.5300622177E+03      0.1391767911E+03      0.5929533135E+00
0.4970000000E+00      0.5327694546E+03      0.1407846686E+03      0.5948261089E+00
0.4990000000E+00      0.5354831797E+03      0.1424014578E+03      0.5966816216E+00
0.5010000000E+00      0.5382034028E+03      0.1440271418E+03      0.5985200169E+00
0.5030000000E+00      0.5409301333E+03      0.1456617040E+03      0.6003414597E+00
0.5050000000E+00      0.5436633807E+03      0.1473051276E+03      0.6021461139E+00
0.5070000000E+00      0.5464031543E+03      0.1489573963E+03      0.6039341433E+00
0.5090000000E+00      0.5491494631E+03      0.1506184933E+03      0.6057057105E+00
0.5110000000E+00      0.5519023160E+03      0.1522884025E+03      0.6074609775E+00
0.5130000000E+00      0.5546617221E+03      0.1539671074E+03      0.6092001056E+00
0.5150000000E+00      0.5574276899E+03      0.1556545919E+03      0.6109232566E+00
0.5170000000E+00      0.5602002281E+03      0.1573508400E+03      0.6126305871E+00
0.5190000000E+00      0.5629793451E+03      0.1590558354E+03      0.6143222572E+00
0.5210000000E+00      0.5657650492E+03      0.1607695625E+03      0.6159984246E+00
0.5230000000E+00      0.5685573487E+03      0.1624920052E+03      0.6176592461E+00
0.5250000000E+00      0.5713562515E+03      0.1642231479E+03      0.6193048774E+00
0.5270000000E+00      0.5741617658E+03      0.1659629751E+03      0.6209354734E+00
0.5290000000E+00      0.5769738992E+03      0.1677114710E+03      0.6225511879E+00
0.5310000000E+00      0.5797926596E+03      0.1694686204E+03      0.6241521734E+00
0.5330000000E+00      0.5826180545E+03      0.1712344079E+03      0.6257385818E+00
0.5350000000E+00      0.5854500914E+03      0.1730088182E+03      0.6273105636E+00
0.5370000000E+00      0.5882887778E+03      0.1747918362E+03      0.6288682683E+00
0.5390000000E+00      0.5911341208E+03      0.1765834470E+03      0.6304118443E+00
0.5410000000E+00      0.5939861276E+03      0.1783836355E+03      0.6319414389E+00
0.5430000000E+00      0.5968448053E+03      0.1801923870E+03      0.6334571981E+00
0.5450000000E+00      0.5997101607E+03      0.1820096868E+03      0.6349592669E+00
0.5470000000E+00      0.6025822009E+03      0.1838355202E+03      0.6364477892E+00
0.5490000000E+00      0.6054609324E+03      0.1856698728E+03      0.6379229075E+00
0.5510000000E+00      0.6083463620E+03      0.1875127301E+03      0.6393847633E+00
0.5530000000E+00      0.6112384960E+03      0.1893640778E+03      0.6408334970E+00
0.5550000000E+00      0.6141373411E+03      0.1912239018E+03      0.6422692474E+00
0.5570000000E+00      0.6170429035E+03      0.1930921879E+03      0.6436921526E+00
0.5590000000E+00      0.6199551894E+03      0.1949689222E+03      0.6451023491E+00
0.5610000000E+00      0.6228742051E+03      0.1968540908E+03      0.6464999725E+00
0.5630000000E+00      0.6257999565E+03      0.1987476799E+03      0.6478851569E+00
0.5650000000E+00      0.6287324496E+03      0.2006496759E+03      0.6492580354E+00
0.5670000000E+00      0.6316716903E+03      0.2025600651E+03      0.6506187396E+00
0.5690000000E+00      0.6346176843E+03      0.2044788342E+03      0.6519674003E+00
0.5710000000E+00      0.6375704375E+03      0.2064059698E+03      0.6533041467E+00
0.5730000000E+00      0.6405299553E+03      0.2083414586E+03      0.6546291070E+00
0.5750000000E+00      0.6434962432E+03      0.2102852874E+03      0.6559424080E+00
0.5770000000E+00      0.6464693068E+03      0.2122374433E+03      0.6572441755E+00
0.5790000000E+00      0.6494491514E+03      0.2141979133E+03      0.6585345339E+00
0.5810000000E+00      0.6524357823E+03      0.2161666846E+03      0.6598136063E+00
0.5830000000E+00      0.6554292045E+03      0.2181437444E+03      0.6610815149E+00
0.5850000000E+00      0.6584294234E+03      0.2201290801E+03      0.6623383804E+00
0.5870000000E+00      0.6614364438E+03      0.2221226792E+03      0.6635843225E+00
0.5890000000E+00      0.6644502708E+03      0.2241245292E+03      0.6648194593E+00
0.5910000000E+00      0.6674709093E+03      0.2261346179E+03      0.6660439083E+00
0.5930000000E+00      0.6704983640E+03      0.2281529330E+03      0.6672577853E+00
0.5950000000E+00      0.6735326397E+03      0.2301794624E+03      0.6684612050E+00
0.5970000000E+00      0.6765737410E+03      0.2322141940E+03      0.6696542812E+00
0.5990000000E+00      0.6796216726E+03      0.2342571161E+03      0.6708371262E+00
0.6010000000E+00      0.6826764389E+03      0.2363082166E+03      0.6720098512E+00
0.6030000000E+00      0.6857380445E+03      0.2383674840E+03      0.6731725663E+00
0.6050000000E+00      0.6888064936E+03      0.2404349066E+03      0.6743253803E+00
0.6070000000E+00      0.6918817907E+03      0.2425104729E+03      0.6754684010E+00
0.6090000000E+00      0.6949639399E+03      0.2445941715E+03      0.6766017349E+00
0.6110000000E+00      0.6980529455E+03      0.2466859910E+03      0.6777254876E+00
0.6130000000E+00      0.7011488116E+03      0.2487859202E+03      0.6788397632E+00
0.6150000000E+00      0.7042515422E+03      0.2508939480E+03      0.6799446649E+00
0.6170000000E+00      0.7073611413E+03      0.2530100633E+03      0.6810402948E+00
0.6190000000E+00      0.7104776129E+03      0.2551342553E+03      0.6821267537E+00
0.6210000000E+00      0.7136009608E+03      0.2572665130E+03      0.6832041414E+00
0.6230000000E+00      0.7167311889E+03      0.2594068257E+03      0.6842725568E+00
0.6250000000E+00      0.7198683008E+03      0.2615551828E+03      0.6853320972E+00
0.6270000000E+00      0.7230123004E+03      0.2637115736E+03      0.6863828594E+00
0.6290000000E+00      0.7261631912E+03      0.2658759878E+03      0.6874249387E+00
0.6310000000E+00      0.7293209768E+03      0.2680484149E+03      0.6884584296E+00
0.6330000000E+00      0.7324856608E+03      0.2702288447E+03      0.6894834252E+00
0.6350000000E+00      0.7356572465E+03      0.2724172669E+03      0.6905000180E+00
0.6370000000E+00      0.7388357376E+03      0.2746136715E+03      0.6915082991E+00
0.6390000000E+00      0.7420211372E+03      0.2768180483E+03      0.6925083587E+00
0.6410000000E+00      0.7452134487E+03      0.2790303876E+03      0.6935002860E+00
0.6430000000E+00      0.7484126755E+03      0.2812506794E+03      0.6944841692E+00
0.6450000000E+00      0.7516188206E+03      0.2834789141E+03      0.6954600954E+00
0.6470000000E+00      0.7548318873E+03      0.2857150818E+03      0.6964281525E+00
0.6490000000E+00      0.7580518786E+03      0.2879591731E+03      0.6973884222E+00
0.6510000000E+00      0.7612787977E+03      0.2902111785E+03      0.6983409904E+00
0.6530000000E+00      0.7645126475E+03      0.2924710885E+03      0.6992859402E+00
0.6550000000E+00      0.7677534311E+03      0.2947388938E+03      0.7002233541E+00
0.6570000000E+00      0.7710011512E+03      0.2970145853E+03      0.7011533132E+00
0.6590000000E+00      0.7742558109E+03      0.2992981536E+03      0.7020758980E+00
0.6610000000E+00      0.7775174130E+03      0.3015895898E+03      0.7029911879E+00
0.6630000000E+00      0.7807859601E+03      0.3038888849E+03      0.7038992613E+00
0.6650000000E+00      0.7840614552E+03      0.3061960298E+03      0.7048001959E+00
0.6670000000E+00      0.7873439008E+03      0.3085110159E+03      0.7056940684E+00
0.6690000000E+00      0.7906332996E+03      0.3108338344E+03      0.7065809545E+00
0.6710000000E+00      0.7939296543E+03      0.3131644765E+03      0.7074609292E+00
0.6730000000E+00      0.7972329674E+03      0.3155029338E+03      0.7083340665E+00
0.6750000000E+00      0.8005432415E+03      0.3178491975E+03      0.7092004394E+00
0.6770000000E+00      0.8038604790E+03      0.3202032595E+03      0.7100601204E+00
0.6790000000E+00      0.8071846824E+03      0.3225651112E+03      0.7109131809E+00
0.6810000000E+00      0.8105158541E+03      0.3249347444E+03      0.7117596915E+00
0.6830000000E+00      0.8138539965E+03      0.3273121508E+03      0.7125997218E+00
0.6850000000E+00      0.8171991120E+03      0.3296973224E+03      0.7134333410E+00
0.6870000000E+00      0.8205512028E+03      0.3320902511E+03      0.7142606171E+00
0.6890000000E+00      0.8239102711E+03      0.3344909289E+03      0.7150816175E+00
0.6910000000E+00      0.8272763193E+03      0.3368993478E+03      0.7158964086E+00
0.6930000000E+00      0.8306493495E+03      0.3393155001E+03      0.7167050563E+00
0.6950000000E+00      0.8340293639E+03      0.3417393779E+03      0.7175076254E+00
0.6970000000E+00      0.8374163646E+03      0.3441709736E+03      0.7183041802E+00
0.6990000000E+00      0.8408103536E+03      0.3466102795E+03      0.7190947841E+00
0.7010000000E+00      0.8442113331E+03      0.3490572881E+03      0.7198794998E+00
0.7030000000E+00      0.8476193051E+03      0.3515119919E+03      0.7206583891E+00
0.7050000000E+00      0.8510342714E+03      0.3539743834E+03      0.7214315134E+00
0.7070000000E+00      0.8544562342E+03      0.3564444553E+03      0.7221989330E+00
0.7090000000E+00      0.8578851954E+03      0.3589222003E+03      0.7229607077E+00
0.7110000000E+00      0.8613211567E+03      0.3614076112E+03      0.7237168965E+00
0.7130000000E+00      0.8647641201E+03      0.3639006808E+03      0.7244675578E+00
0.7150000000E+00      0.8682140875E+03      0.3664014021E+03      0.7252127491E+00
0.7170000000E+00      0.8716710605E+03      0.3689097679E+03      0.7259525275E+00
0.7190000000E+00      0.8751350411E+03      0.3714257715E+03      0.7266869492E+00
0.7210000000E+00      0.8786060309E+03      0.3739494058E+03      0.7274160697E+00
0.7230000000E+00      0.8820840316E+03      0.3764806640E+03      0.7281399441E+00
0.7250000000E+00      0.8855690449E+03      0.3790195394E+03      0.7288586265E+00
0.7270000000E+00      0.8890610726E+03      0.3815660252E+03      0.7295721706E+00
0.7290000000E+00      0.8925601162E+03      0.3841201148E+03      0.7302806295E+00
0.7310000000E+00      0.8960661773E+03      0.3866818016E+03      0.7309840554E+00
0.7330000000E+00      0.8995792575E+03      0.3892510791E+03      0.7316825000E+00
0.7350000000E+00      0.9030993583E+03      0.3918279409E+03      0.7323760146E+00
0.7370000000E+00      0.9066264814E+03      0.3944123804E+03      0.7330646495E+00
0.7390000000E+00      0.9101606281E+03      0.3970043914E+03      0.7337484546E+00
0.7410000000E+00      0.9137018000E+03      0.3996039675E+03      0.7344274794E+00
0.7430000000E+00      0.9172499984E+03      0.4022111025E+03      0.7351017724E+00
0.7450000000E+00      0.9208052249E+03      0.4048257904E+03      0.7357713818E+00
0.7470000000E+00      0.9243674809E+03      0.4074480248E+03      0.7364363552E+00
0.7490000000E+00      0.9279367676E+03      0.4100777998E+03      0.7370967396E+00
0.7510000000E+00      0.9315130865E+03      0.4127151093E+03      0.7377525813E+00
0.7530000000E+00      0.9350964388E+03      0.4153599474E+03      0.7384039263E+00
0.7550000000E+00      0.9386868260E+03      0.4180123082E+03      0.7390508198E+00
0.7570000000E+00      0.9422842493E+03      0.4206721859E+03      0.7396933067E+00
0.7590000000E+00      0.9458887098E+03      0.4233395746E+03      0.7403314312E+00
0.7610000000E+00      0.9495002090E+03      0.4260144686E+03      0.7409652371E+00
0.7630000000E+00      0.9531187480E+03      0.4286968621E+03      0.7415947675E+00
0.7650000000E+00      0.9567443279E+03      0.4313867497E+03      0.7422200651E+00
0.7670000000E+00      0.9603769501E+03      0.4340841256E+03      0.7428411721E+00
0.7690000000E+00      0.9640166155E+03      0.4367889844E+03      0.7434581302E+00
0.7710000000E+00      0.9676633255E+03      0.4395013206E+03      0.7440709806E+00
0.7730000000E+00      0.9713170810E+03      0.4422211286E+03      0.7446797640E+00
0.7750000000E+00      0.9749778832E+03      0.4449484032E+03      0.7452845205E+00
0.7770000000E+00      0.9786457332E+03      0.4476831389E+03      0.7458852900E+00
0.7790000000E+00      0.9823206319E+03      0.4504253305E+03      0.7464821116E+00
0.7810000000E+00      0.9860025805E+03      0.4531749728E+03      0.7470750243E+00
0.7830000000E+00      0.9896915800E+03      0.4559320605E+03      0.7476640662E+00
0.7850000000E+00      0.9933876314E+03      0.4586965885E+03      0.7482492754E+00
0.7870000000E+00      0.9970907356E+03      0.4614685517E+03      0.7488306892E+00
0.7890000000E+00      0.1000800894E+04      0.4642479450E+03      0.7494083447E+00
0.7910000000E+00      0.1004518106E+04      0.4670347634E+03      0.7499822783E+00
0.7930000000E+00      0.1008242375E+04      0.4698290019E+03      0.7505525263E+00
0.7950000000E+00      0.1011973700E+04      0.4726306557E+03      0.7511191243E+00
0.7970000000E+00      0.1015712083E+04      0.4754397198E+03      0.7516821077E+00
0.7990000000E+00      0.1019457524E+04      0.4782561893E+03      0.7522415112E+00
0.8010000000E+00      0.1023210024E+04      0.4810800596E+03      0.7527973693E+00
0.8030000000E+00      0.1026969584E+04      0.4839113258E+03      0.7533497161E+00
0.8050000000E+00      0.1030736206E+04      0.4867499832E+03      0.7538985853E+00
0.8070000000E+00      0.1034509889E+04      0.4895960272E+03      0.7544440101E+00
0.8090000000E+00      0.1038290634E+04      0.4924494531E+03      0.7549860233E+00
0.8110000000E+00      0.1042078443E+04      0.4953102564E+03      0.7555246574E+00
0.8130000000E+00      0.1045873316E+04      0.4981784324E+03      0.7560599446E+00
0.8150000000E+00      0.1049675254E+04      0.5010539768E+03      0.7565919165E+00
0.8170000000E+00      0.1053484257E+04      0.5039368849E+03      0.7571206046E+00
0.8190000000E+00      0.1057300327E+04      0.5068271525E+03      0.7576460411E+00
0.8210000000E+00      0.1061123464E+04      0.5097247750E+03      0.7581682540E+00
0.8230000000E+00      0.1064953668E+04      0.5126297482E+03      0.7586872749E+00
0.8250000000E+00      0.1068790941E+04      0.5155420678E+03      0.7592031338E+00
0.8270000000E+00      0.1072635283E+04      0.5184617294E+03      0.7597158602E+00
0.8290000000E+00      0.1076486695E+04      0.5213887288E+03      0.7602254833E+00
0.8310000000E+00      0.1080345177E+04      0.5243230618E+03      0.7607320320E+00
0.8330000000E+00      0.1084210730E+04      0.5272647243E+03      0.7612355349E+00
0.8350000000E+00      0.1088083354E+04      0.5302137122E+03      0.7617360202E+00
0.8370000000E+00      0.1091963051E+04      0.5331700212E+03      0.7622335159E+00
0.8390000000E+00      0.1095849821E+04      0.5361336475E+03      0.7627280494E+00
0.8410000000E+00      0.1099743664E+04      0.5391045869E+03      0.7632196481E+00
0.8430000000E+00      0.1103644581E+04      0.5420828354E+03      0.7637083388E+00
0.8450000000E+00      0.1107552572E+04      0.5450683892E+03      0.7641941484E+00
0.8470000000E+00      0.1111467639E+04      0.5480612442E+03      0.7646771029E+00
0.8490000000E+00      0.1115389781E+04      0.5510613967E+03      0.7651572286E+00
0.8510000000E+00      0.1119318999E+04      0.5540688427E+03      0.7656345511E+00
0.8530000000E+00      0.1123255294E+04      0.5570835785E+03      0.7661090958E+00
0.8550000000E+00      0.1127198666E+04      0.5601056002E+03      0.7665808880E+00
0.8570000000E+00      0.1131149115E+04      0.5631349041E+03      0.7670499524E+00
0.8590000000E+00      0.1135106643E+04      0.5661714864E+03      0.7675163137E+00
0.8610000000E+00      0.1139071249E+04      0.5692153435E+03      0.7679799961E+00
0.8630000000E+00      0.1143042934E+04      0.5722664718E+03      0.7684410236E+00
0.8650000000E+00      0.1147021698E+04      0.5753248675E+03      0.7688994201E+00
0.8670000000E+00      0.1151007542E+04      0.5783905271E+03      0.7693552089E+00
0.8690000000E+00      0.1155000467E+04      0.5814634470E+03      0.7698084134E+00
0.8710000000E+00      0.1159000472E+04      0.5845436236E+03      0.7702590564E+00
0.8730000000E+00      0.1163007558E+04      0.5876310536E+03      0.7707071606E+00
0.8750000000E+00      0.1167021726E+04      0.5907257333E+03      0.7711527485E+00
0.8770000000E+00      0.1171042975E+04      0.5938276594E+03      0.7715958423E+00
0.8790000000E+00      0.1175071307E+04      0.5969368284E+03      0.7720364638E+00
0.8810000000E+00      0.1179106721E+04      0.6000532369E+03      0.7724746348E+00
0.8830000000E+00      0.1183149218E+04      0.6031768815E+03      0.7729103768E+00
0.8850000000E+00      0.1187198798E+04      0.6063077590E+03      0.7733437109E+00
0.8870000000E+00      0.1191255463E+04      0.6094458659E+03      0.7737746580E+00
0.8890000000E+00      0.1195319210E+04      0.6125911991E+03      0.7742032390E+00
0.8910000000E+00      0.1199390043E+04      0.6157437552E+03      0.7746294744E+00
0.8930000000E+00      0.1203467959E+04      0.6189035311E+03      0.7750533843E+00
0.8950000000E+00      0.1207552961E+04      0.6220705235E+03      0.7754749889E+00
0.8970000000E+00      0.1211645048E+04      0.6252447293E+03      0.7758943080E+00
0.8990000000E+00      0.1215744220E+04      0.6284261453E+03      0.7763113611E+00
0.9010000000E+00      0.1219850478E+04      0.6316147683E+03      0.7767261678E+00
0.9030000000E+00      0.1223963821E+04      0.6348105953E+03      0.7771387471E+00
0.9050000000E+00      0.1228084251E+04      0.6380136233E+03      0.7775491180E+00
0.9070000000E+00      0.1232211768E+04      0.6412238491E+03      0.7779572994E+00
0.9090000000E+00      0.1236346371E+04      0.6444412697E+03      0.7783633096E+00
0.9110000000E+00      0.1240488061E+04      0.6476658821E+03      0.7787671671E+00
0.9130000000E+00      0.1244636839E+04      0.6508976834E+03      0.7791688901E+00
0.9150000000E+00      0.1248792703E+04      0.6541366706E+03      0.7795684964E+00
0.9170000000E+00      0.1252955656E+04      0.6573828408E+03      0.7799660039E+00
0.9190000000E+00      0.1257125696E+04      0.6606361911E+03      0.7803614301E+00
0.9210000000E+00      0.1261302824E+04      0.6638967185E+03      0.7807547923E+00
0.9230000000E+00      0.1265487040E+04      0.6671644202E+03      0.7811461077E+00
0.9250000000E+00      0.1269678345E+04      0.6704392935E+03      0.7815353934E+00
0.9270000000E+00      0.1273876738E+04      0.6737213354E+03      0.7819226661E+00
0.9290000000E+00      0.1278082220E+04      0.6770105431E+03      0.7823079425E+00
0.9310000000E+00      0.1282294791E+04      0.6803069140E+03      0.7826912390E+00
0.9330000000E+00      0.1286514451E+04      0.6836104453E+03      0.7830725719E+00
0.9350000000E+00      0.1290741200E+04      0.6869211342E+03      0.7834519572E+00
0.9370000000E+00      0.1294975038E+04      0.6902389780E+03      0.7838294111E+00
0.9390000000E+00      0.1299215966E+04      0.6935639740E+03      0.7842049490E+00
0.9410000000E+00      0.1303463984E+04      0.6968961196E+03      0.7845785867E+00
0.9430000000E+00      0.1307719091E+04      0.7002354122E+03      0.7849503396E+00
0.9450000000E+00      0.1311981288E+04      0.7035818491E+03      0.7853202229E+00
0.9470000000E+00      0.1316250575E+04      0.7069354277E+03      0.7856882517E+00
0.9490000000E+00      0.1320526953E+04      0.7102961454E+03      0.7860544410E+00
0.9510000000E+00      0.1324810420E+04      0.7136639996E+03      0.7864188055E+00
0.9530000000E+00      0.1329100977E+04      0.7170389879E+03      0.7867813598E+00
0.9550000000E+00      0.1333398625E+04      0.7204211077E+03      0.7871421184E+00
0.9570000000E+00      0.1337703364E+04      0.7238103565E+03      0.7875010957E+00
0.9590000000E+00      0.1342015193E+04      0.7272067318E+03      0.7878583057E+00
0.9610000000E+00      0.1346334112E+04      0.7306102311E+03      0.7882137626E+00
0.9630000000E+00      0.1350660122E+04      0.7340208520E+03      0.7885674800E+00
0.9650000000E+00      0.1354993223E+04      0.7374385921E+03      0.7889194719E+00
0.9670000000E+00      0.1359333415E+04      0.7408634490E+03      0.7892697517E+00
0.9690000000E+00      0.1363680697E+04      0.7442954201E+03      0.7896183329E+00
0.9710000000E+00      0.1368035071E+04      0.7477345033E+03      0.7899652288E+00
0.9730000000E+00      0.1372396535E+04      0.7511806961E+03      0.7903104526E+00
0.9750000000E+00      0.1376765090E+04      0.7546339962E+03      0.7906540172E+00
0.9770000000E+00      0.1381140736E+04      0.7580944013E+03      0.7909959356E+00
0.9790000000E+00      0.1385523474E+04      0.7615619090E+03      0.7913362204E+00
0.9810000000E+00      0.1389913302E+04      0.7650365171E+03      0.7916748845E+00
0.9830000000E+00      0.1394310221E+04      0.7685182233E+03      0.7920119401E+00
0.9850000000E+00      0.1398714231E+04      0.7720070253E+03      0.7923473997E+00
0.9870000000E+00      0.1403125333E+04      0.7755029209E+03      0.7926812756E+00
0.9890000000E+00      0.1407543525E+04      0.7790059080E+03      0.7930135798E+00
0.9910000000E+00      0.1411968809E+04      0.7825159842E+03      0.7933443243E+00
0.9930000000E+00      0.1416401183E+04      0.7860331474E+03      0.7936735211E+00
0.9950000000E+00      0.1420840649E+04      0.7895573954E+03      0.7940011818E+00
0.9970000000E+00      0.1425287206E+04      0.7930887261E+03      0.7943273180E+00
0.9990000000E+00      0.1429740853E+04      0.7966271372E+03      0.7946519413E+00
0.1001000000E+01      0.1434201592E+04      0.8001726268E+03      0.7949750632E+00
0.1003000000E+01      0.1438669422E+04      0.8037251927E+03      0.7952966948E+00
0.1005000000E+01      0.1443144342E+04      0.8072848327E+03      0.7956168473E+00
0.1007000000E+01      0.1447626354E+04      0.8108515449E+03      0.7959355318E+00
0.1009000000E+01      0.1452115456E+04      0.8144253270E+03      0.7962527592E+00
0.1011000000E+01      0.1456611649E+04      0.8180061772E+03      0.7965685404E+00
0.1013000000E+01      0.1461114933E+04      0.8215940933E+03      0.7968828860E+00
0.1015000000E+01      0.1465625308E+04      0.8251890733E+03      0.7971958068E+00
0.1017000000E+01      0.1470142773E+04      0.8287911153E+03      0.7975073132E+00
0.1019000000E+01      0.1474667329E+04      0.8324002171E+03      0.7978174156E+00
0.1021000000E+01      0.1479198975E+04      0.8360163769E+03      0.7981261244E+00
0.1023000000E+01      0.1483737712E+04      0.8396395927E+03      0.7984334496E+00
0.1025000000E+01      0.1488283539E+04      0.8432698625E+03      0.7987394015E+00
0.1027000000E+01      0.1492836457E+04      0.8469071844E+03      0.7990439901E+00
0.1029000000E+01      0.1497396465E+04      0.8505515564E+03      0.7993472252E+00
0.1031000000E+01      0.1501963563E+04      0.8542029766E+03      0.7996491167E+00
0.1033000000E+01      0.1506537751E+04      0.8578614432E+03      0.7999496742E+00
0.1035000000E+01      0.1511119029E+04      0.8615269543E+03      0.8002489074E+00
0.1037000000E+01      0.1515707397E+04      0.8651995079E+03      0.8005468259E+00
0.1039000000E+01      0.1520302855E+04      0.8688791023E+03      0.8008434390E+00
0.1041000000E+01      0.1524905403E+04      0.8725657355E+03      0.8011387561E+00
0.1043000000E+01      0.1529515040E+04      0.8762594057E+03      0.8014327864E+00
0.1045000000E+01      0.1534131767E+04      0.8799601112E+03      0.8017255391E+00
0.1047000000E+01      0.1538755583E+04      0.8836678501E+03      0.8020170233E+00
0.1049000000E+01      0.1543386489E+04      0.8873826205E+03      0.8023072486E+00
0.1051000000E+01      0.1548024484E+04      0.8911044208E+03      0.8025962226E+00
0.1053000000E+01      0.1552669567E+04      0.8948332492E+03      0.8028839548E+00
0.1055000000E+01      0.1557321740E+04      0.8985691038E+03      0.8031704539E+00
0.1057000000E+01      0.1561981002E+04      0.9023119829E+03      0.8034557286E+00
0.1059000000E+01      0.1566647352E+04      0.9060618848E+03      0.8037397873E+00
0.1061000000E+01      0.1571320791E+04      0.9098188078E+03      0.8040226387E+00
0.1063000000E+01      0.1576001319E+04      0.9135827501E+03      0.8043042911E+00
0.1065000000E+01      0.1580688934E+04      0.9173537101E+03      0.8045847528E+00
0.1067000000E+01      0.1585383638E+04      0.9211316860E+03      0.8048640321E+00
0.1069000000E+01      0.1590085430E+04      0.9249166762E+03      0.8051421371E+00
0.1071000000E+01      0.1594794310E+04      0.9287086789E+03      0.8054190759E+00
0.1073000000E+01      0.1599510278E+04      0.9325076926E+03      0.8056948566E+00
0.1075000000E+01      0.1604233334E+04      0.9363137156E+03      0.8059694871E+00
0.1077000000E+01      0.1608963476E+04      0.9401267462E+03      0.8062429753E+00
0.1079000000E+01      0.1613700707E+04      0.9439467828E+03      0.8065153289E+00
0.1081000000E+01      0.1618445024E+04      0.9477738239E+03      0.8067865556E+00
0.1083000000E+01      0.1623196429E+04      0.9516078677E+03      0.8070566632E+00
0.1085000000E+01      0.1627954920E+04      0.9554489126E+03      0.8073256592E+00
0.1087000000E+01      0.1632720498E+04      0.9592969572E+03      0.8075935511E+00
0.1089000000E+01      0.1637493162E+04      0.9631519998E+03      0.8078603463E+00
0.1091000000E+01      0.1642272913E+04      0.9670140389E+03      0.8081260523E+00
0.1093000000E+01      0.1647059751E+04      0.9708830729E+03      0.8083906763E+00
0.1095000000E+01      0.1651853674E+04      0.9747591002E+03      0.8086542255E+00
0.1097000000E+01      0.1656654683E+04      0.9786421193E+03      0.8089167072E+00
0.1099000000E+01      0.1661462778E+04      0.9825321287E+03      0.8091781284E+00
0.1101000000E+01      0.1666277958E+04      0.9864291269E+03      0.8094384962E+00
0.1103000000E+01      0.1671100224E+04      0.9903331123E+03      0.8096978175E+00
0.1105000000E+01      0.1675929575E+04      0.9942440835E+03      0.8099560993E+00
0.1107000000E+01      0.1680766011E+04      0.9981620389E+03      0.8102133484E+00
0.1109000000E+01      0.1685609532E+04      0.1002086977E+04      0.8104695716E+00
0.1111000000E+01      0.1690460137E+04      0.1006018897E+04      0.8107247757E+00
0.1113000000E+01      0.1695317827E+04      0.1009957796E+04      0.8109789672E+00
0.1115000000E+01      0.1700182601E+04      0.1013903674E+04      0.8112321529E+00
0.1117000000E+01      0.1705054460E+04      0.1017856529E+04      0.8114843393E+00
0.1119000000E+01      0.1709933402E+04      0.1021816359E+04      0.8117355328E+00
0.1121000000E+01      0.1714819427E+04      0.1025783163E+04      0.8119857399E+00
0.1123000000E+01      0.1719712537E+04      0.1029756940E+04      0.8122349669E+00
0.1125000000E+01      0.1724612729E+04      0.1033737689E+04      0.8124832203E+00
0.1127000000E+01      0.1729520005E+04      0.1037725407E+04      0.8127305062E+00
0.1129000000E+01      0.1734434363E+04      0.1041720093E+04      0.8129768308E+00
0.1131000000E+01      0.1739355804E+04      0.1045721747E+04      0.8132222004E+00
0.1133000000E+01      0.1744284328E+04      0.1049730366E+04      0.8134666210E+00
0.1135000000E+01      0.1749219934E+04      0.1053745950E+04      0.8137100987E+00
0.1137000000E+01      0.1754162622E+04      0.1057768497E+04      0.8139526394E+00
0.1139000000E+01      0.1759112391E+04      0.1061798005E+04      0.8141942491E+00
0.1141000000E+01      0.1764069243E+04      0.1065834474E+04      0.8144349337E+00
0.1143000000E+01      0.1769033176E+04      0.1069877901E+04      0.8146746990E+00
0.1145000000E+01      0.1774004190E+04      0.1073928286E+04      0.8149135509E+00
0.1147000000E+01      0.1778982285E+04      0.1077985628E+04      0.8151514950E+00
0.1149000000E+01      0.1783967460E+04      0.1082049924E+04      0.8153885370E+00
0.1151000000E+01      0.1788959717E+04      0.1086121174E+04      0.8156246827E+00
0.1153000000E+01      0.1793959053E+04      0.1090199376E+04      0.8158599375E+00
0.1155000000E+01      0.1798965470E+04      0.1094284530E+04      0.8160943071E+00
0.1157000000E+01      0.1803978967E+04      0.1098376633E+04      0.8163277968E+00
0.1159000000E+01      0.1808999543E+04      0.1102475685E+04      0.8165604123E+00
0.1161000000E+01      0.1814027199E+04      0.1106581684E+04      0.8167921588E+00
0.1163000000E+01      0.1819061934E+04      0.1110694629E+04      0.8170230418E+00
0.1165000000E+01      0.1824103747E+04      0.1114814519E+04      0.8172530665E+00
0.1167000000E+01      0.1829152640E+04      0.1118941353E+04      0.8174822382E+00
0.1169000000E+01      0.1834208611E+04      0.1123075128E+04      0.8177105622E+00
0.1171000000E+01      0.1839271660E+04      0.1127215845E+04      0.8179380435E+00
0.1173000000E+01      0.1844341788E+04      0.1131363501E+04      0.8181646875E+00
0.1175000000E+01      0.1849418993E+04      0.1135518096E+04      0.8183904990E+00
0.1177000000E+01      0.1854503276E+04      0.1139679629E+04      0.8186154833E+00
0.1179000000E+01      0.1859594636E+04      0.1143848097E+04      0.8188396453E+00
0.1181000000E+01      0.1864693073E+04      0.1148023501E+04      0.8190629899E+00
0.1183000000E+01      0.1869798587E+04      0.1152205838E+04      0.8192855221E+00
0.1185000000E+01      0.1874911177E+04      0.1156395108E+04      0.8195072469E+00
0.1187000000E+01      0.1880030844E+04      0.1160591309E+04      0.8197281689E+00
0.1189000000E+01      0.1885157587E+04      0.1164794441E+04      0.8199482931E+00
0.1191000000E+01      0.1890291406E+04      0.1169004502E+04      0.8201676241E+00
0.1193000000E+01      0.1895432300E+04      0.1173221490E+04      0.8203861668E+00
0.1195000000E+01      0.1900580270E+04      0.1177445405E+04      0.8206039258E+00
0.1197000000E+01      0.1905735315E+04      0.1181676246E+04      0.8208209057E+00
0.1199000000E+01      0.1910897435E+04      0.1185914012E+04      0.8210371113E+00
