      Rhob                Epsilon              Pressure               SoundV
0.4730000000E-14      0.4409040000E-11      0.6303830000E-24      0.2528270000E-09
0.4760000000E-14      0.4431480000E-11      0.6303830000E-23      0.3286900000E-09
0.4910000000E-14      0.4571720000E-11      0.6303830000E-22      0.3811090000E-09
0.6990000000E-14      0.6506980000E-11      0.7552120000E-21      0.1661210000E-08
0.9900000000E-14      0.9199530000E-11      0.8737990000E-20      0.4506330000E-08
0.2720000000E-13      0.2529870000E-10      0.1061040000E-18      0.2185710000E-07
0.1270000000E-12      0.1189210000E-09      0.3632510000E-17      0.1280710000E-06
0.6930000000E-12      0.6450890000E-09      0.1185870000E-15      0.6813760000E-06
0.6295000000E-11      0.5856290000E-08      0.6081640000E-14      0.1980100000E-05
0.1581000000E-10      0.1470800000E-07      0.3100740000E-13      0.4121830000E-05
0.3972000000E-10      0.3694960000E-07      0.1517290000E-12      0.7788630000E-05
0.9976000000E-10      0.9278060000E-07      0.7183870000E-12      0.1422460000E-04
0.2506000000E-09      0.2331300000E-06      0.3286730000E-11      0.2500930000E-04
0.6294000000E-09      0.5856290000E-06      0.1446760000E-10      0.4207890000E-04
0.1581000000E-08      0.1470800000E-05      0.6088500000E-10      0.6739699893E-04
0.3972000000E-08      0.3695520000E-05      0.2441020000E-09      0.8516180000E-04
0.5000000000E-08      0.4651930000E-05      0.3282360000E-09      0.1052360000E-03
0.9976000000E-08      0.9283670000E-05      0.8956430000E-09      0.1422520000E-03
0.1990000000E-07      0.1852250000E-04      0.2392340000E-08      0.1863930000E-03
0.3972000000E-07      0.3696080000E-04      0.6278870000E-08      0.2408930000E-03
0.7924000000E-07      0.7376450000E-04      0.1625270000E-07      0.3085620000E-03
0.1581000000E-06      0.1471920000E-03      0.4166770000E-07      0.3417580000E-03
0.1990000000E-06      0.1853370000E-03      0.5453750000E-07      0.3860480000E-03
0.3155000000E-06      0.2937680000E-03      0.1016730000E-06      0.4315500000E-03
0.5000000000E-06      0.4656420000E-03      0.1890530000E-06      0.4889620000E-03
0.6294000000E-06      0.5861890000E-03      0.2577080000E-06      0.5509610000E-03
0.7924000000E-06      0.7382060000E-03      0.3143180000E-06      0.6137740000E-03
0.9976000000E-06      0.9294890000E-03      0.4281610000E-06      0.6540150000E-03
0.1581000000E-05      0.1470000000E-02      0.7939080000E-06      0.7285460000E-03
0.2506000000E-05      0.2340000000E-02      0.1470480000E-05      0.8500470000E-03
0.3972000000E-05      0.3700000000E-02      0.2722510000E-05      0.8906300000E-03
0.5000000000E-05      0.4660000000E-02      0.3533890000E-05      0.9510480000E-03
0.6294000000E-05      0.5870000000E-02      0.4807140000E-05      0.1100000000E-02
0.7924000000E-05      0.7390000000E-02      0.6541010000E-05      0.1180000000E-02
0.9976000000E-05      0.9310000000E-02      0.8894020000E-05      0.1280000000E-02
0.1256000000E-04      0.1172000000E-01      0.1209590000E-04      0.1300000000E-02
0.1581000000E-04      0.1476000000E-01      0.1562230000E-04      0.1320000000E-02
0.1990000000E-04      0.1858000000E-01      0.2124580000E-04      0.1390000000E-02
0.2506000000E-04      0.2340000000E-01      0.2888530000E-04      0.1470000000E-02
0.3155000000E-04      0.2947000000E-01      0.3713020000E-04      0.1550000000E-02
0.3972000000E-04      0.3712000000E-01      0.5048680000E-04      0.1820000000E-02
0.5000000000E-04      0.4674000000E-01      0.6865560000E-04      0.1960000000E-02
0.6294000000E-04      0.5884000000E-01      0.9330920000E-04      0.2110000000E-02
0.7924000000E-04      0.7416000000E-01      0.1268880000E-03      0.2150000000E-02
0.9976000000E-04      0.9334000000E-01      0.1620900000E-03      0.2190000000E-02
0.1105000000E-03      0.1034400000E+00      0.1805020000E-03      0.2220000000E-02
0.1256000000E-03      0.1175700000E+00      0.2053430000E-03      0.2270000000E-02
0.1581000000E-03      0.1480900000E+00      0.2791790000E-03      0.2300000000E-02
0.1990000000E-03      0.1865100000E+00      0.3630010000E-03      0.2350000000E-02
0.2506000000E-03      0.2349200000E+00      0.4704780000E-03      0.2420000000E-02
0.2572000000E-03      0.2411500000E+00      0.4871430000E-03      0.1640000000E-02
0.2670000000E-03      0.2502100000E+00      0.4925360000E-03      0.6323770000E-03
0.3126000000E-03      0.2932300000E+00      0.5213460000E-03      0.6351150000E-03
0.3951000000E-03      0.3707800000E+00      0.5679160000E-03      0.6395500000E-03
0.4759000000E-03      0.4467600000E+00      0.6136960000E-03      0.6456670000E-03
0.5812000000E-03      0.5456200000E+00      0.6758550000E-03      0.6505920000E-03
0.7143000000E-03      0.6709200000E+00      0.7601150000E-03      0.7025890000E-03
0.8786000000E-03      0.8252300000E+00      0.8731850000E-03      0.7646840000E-03
0.1077000000E-02      0.1012500000E+01      0.1020000000E-02      0.8354260000E-03
0.1314000000E-02      0.1235290000E+01      0.1220000000E-02      0.9276850000E-03
0.1748000000E-02      0.1643560000E+01      0.1620000000E-02      0.1000000000E-02
0.2000000000E-02      0.1880850000E+01      0.2000000000E-02      0.1100000000E-02
0.4000000000E-02      0.3764610000E+01      0.4510000000E-02      0.1460000000E-02
0.6000000000E-02      0.5649800000E+01      0.7500000000E-02      0.1680000000E-02
0.8000000000E-02      0.7536070000E+01      0.1086000000E-01      0.1880000000E-02
0.1000000000E-01      0.9423230000E+01      0.1458000000E-01      0.2070000000E-02
0.1200000000E-01      0.1131116000E+02      0.1867000000E-01      0.2280000000E-02
0.1400000000E-01      0.1319982000E+02      0.2318000000E-01      0.2510000000E-02
0.1600000000E-01      0.1508915000E+02      0.2814000000E-01      0.2760000000E-02
0.1800000000E-01      0.1697914000E+02      0.3361000000E-01      0.3040000000E-02
0.2000000000E-01      0.1886976000E+02      0.3965000000E-01      0.3340000000E-02
0.2200000000E-01      0.2076101000E+02      0.4624000000E-01      0.3660000000E-02
0.2400000000E-01      0.2265290000E+02      0.5348000000E-01      0.3990000000E-02
0.2600000000E-01      0.2454541000E+02      0.6133000000E-01      0.4330000000E-02
0.2800000000E-01      0.2643855000E+02      0.6988000000E-01      0.4680000000E-02
0.3000000000E-01      0.2833233000E+02      0.7906000000E-01      0.5030000000E-02
0.3200000000E-01      0.3022674000E+02      0.8895000000E-01      0.5390000000E-02
0.3400000000E-01      0.3212179000E+02      0.9948000000E-01      0.5740000000E-02
0.3600000000E-01      0.3401748000E+02      0.1107200000E+00      0.6090000000E-02
0.3800000000E-01      0.3591381000E+02      0.1225900000E+00      0.6440000000E-02
0.4000000000E-01      0.3781078000E+02      0.1351400000E+00      0.6790000000E-02
0.4200000000E-01      0.3970840000E+02      0.1483400000E+00      0.7110000000E-02
0.4400000000E-01      0.4160666000E+02      0.1621100000E+00      0.7420000000E-02
0.4600000000E-01      0.4350556000E+02      0.1765200000E+00      0.7740000000E-02
0.4800000000E-01      0.4540510000E+02      0.1915000000E+00      0.8040000000E-02
0.5000000000E-01      0.4730528000E+02      0.2070600000E+00      0.8310000000E-02
0.5200000000E-01      0.4920608000E+02      0.2230900000E+00      0.8580000000E-02
0.5400000000E-01      0.5110752000E+02      0.2396900000E+00      0.8870000000E-02
0.5600000000E-01      0.5300958000E+02      0.2568200000E+00      0.9120000000E-02
0.5800000000E-01      0.5491227000E+02      0.2743700000E+00      0.9340000000E-02
0.6000000000E-01      0.5681556000E+02      0.2923800000E+00      0.9690000000E-02
0.6200000000E-01      0.5871946000E+02      0.3101200000E+00      0.1002000000E-01
0.6400000000E-01      0.6062394000E+02      0.3290400000E+00      0.1028000000E-01
0.6600000000E-01      0.6252904000E+02      0.3483400000E+00      0.1069000000E-01
0.6800000000E-01      0.6443473000E+02      0.3679800000E+00      0.1101000000E-01
0.7000000000E-01      0.6634095000E+02      0.3861300000E+00      0.1136000000E-01
0.1110000000E+00      0.1054867199E+03      0.4015258302E+00      0.1700858536E-01
0.1130000000E+00      0.1073949138E+03      0.4351287226E+00      0.1818395914E-01
0.1150000000E+00      0.1093037225E+03      0.4710206701E+00      0.1939468440E-01
0.1170000000E+00      0.1112131757E+03      0.5092708570E+00      0.2064037620E-01
0.1190000000E+00      0.1131233027E+03      0.5498460185E+00      0.2177999997E-01
0.1210000000E+00      0.1150341301E+03      0.5926393098E+00      0.2300036073E-01
0.1230000000E+00      0.1169456846E+03      0.6378531425E+00      0.2428753566E-01
0.1250000000E+00      0.1188579946E+03      0.6855938420E+00      0.2562177901E-01
0.1270000000E+00      0.1207710892E+03      0.7359471530E+00      0.2699677012E-01
0.1290000000E+00      0.1226849977E+03      0.7889905441E+00      0.2840928981E-01
0.1310000000E+00      0.1245997499E+03      0.8447968659E+00      0.2985730400E-01
0.1330000000E+00      0.1265153755E+03      0.9034359190E+00      0.3133488320E-01
0.1350000000E+00      0.1284319046E+03      0.9649752572E+00      0.3284969379E-01
0.1370000000E+00      0.1303493672E+03      0.1029480657E+01      0.3439641642E-01
0.1390000000E+00      0.1322677935E+03      0.1097016405E+01      0.3597420947E-01
0.1410000000E+00      0.1341872135E+03      0.1167645495E+01      0.3758231357E-01
0.1430000000E+00      0.1361076577E+03      0.1241429840E+01      0.3922681777E-01
0.1450000000E+00      0.1380291561E+03      0.1318430049E+01      0.4088851709E-01
0.1470000000E+00      0.1399517391E+03      0.1398705972E+01      0.4258355413E-01
0.1490000000E+00      0.1418754368E+03      0.1482316445E+01      0.4430630743E-01
0.1510000000E+00      0.1438002794E+03      0.1569319407E+01      0.4605619122E-01
0.1530000000E+00      0.1457262971E+03      0.1659771930E+01      0.4783263436E-01
0.1550000000E+00      0.1476535200E+03      0.1753730252E+01      0.4963507736E-01
0.1570000000E+00      0.1495819783E+03      0.1851249628E+01      0.5145938436E-01
0.1590000000E+00      0.1515117016E+03      0.1952385005E+01      0.5331203809E-01
0.1610000000E+00      0.1534427200E+03      0.2057190065E+01      0.5518906287E-01
0.1630000000E+00      0.1553750634E+03      0.2165717879E+01      0.5708992963E-01
0.1650000000E+00      0.1573087614E+03      0.2278020763E+01      0.5901411469E-01
0.1670000000E+00      0.1592438437E+03      0.2394150281E+01      0.6096109910E-01
0.1690000000E+00      0.1611803400E+03      0.2514157262E+01      0.6293036886E-01
0.1710000000E+00      0.1631182795E+03      0.2638091803E+01      0.6492141313E-01
0.1730000000E+00      0.1650576918E+03      0.2766003280E+01      0.6693372611E-01
0.1750000000E+00      0.1669986056E+03      0.2897940588E+01      0.6897204207E-01
0.1770000000E+00      0.1689410508E+03      0.3033951216E+01      0.7102551951E-01
0.1790000000E+00      0.1708850560E+03      0.3174082647E+01      0.7309877233E-01
0.1810000000E+00      0.1728306501E+03      0.3318381439E+01      0.7519131005E-01
0.1830000000E+00      0.1747778619E+03      0.3466893463E+01      0.7730264634E-01
0.1850000000E+00      0.1767267199E+03      0.3619663911E+01      0.7943229864E-01
0.1870000000E+00      0.1786772526E+03      0.3776737299E+01      0.8157978922E-01
0.1890000000E+00      0.1806294885E+03      0.3938157479E+01      0.8374464394E-01
0.1910000000E+00      0.1825834556E+03      0.4103967641E+01      0.8592639326E-01
0.1930000000E+00      0.1845391821E+03      0.4274210320E+01      0.8812457209E-01
0.1950000000E+00      0.1864966958E+03      0.4448927409E+01      0.9033871990E-01
0.1970000000E+00      0.1884560246E+03      0.4628160159E+01      0.9256840555E-01
0.1990000000E+00      0.1904171961E+03      0.4811949186E+01      0.9481312845E-01
0.2010000000E+00      0.1923802377E+03      0.5000334486E+01      0.9707246734E-01
0.2030000000E+00      0.1943451768E+03      0.5193355435E+01      0.9934043370E-01
0.2050000000E+00      0.1963120405E+03      0.5391050799E+01      0.1016275451E+00
0.2070000000E+00      0.1982808558E+03      0.5593458741E+01      0.1039279628E+00
0.2090000000E+00      0.2002516497E+03      0.5800616830E+01      0.1062412612E+00
0.2110000000E+00      0.2022244488E+03      0.6012562045E+01      0.1085670201E+00
0.2130000000E+00      0.2041992796E+03      0.6229330789E+01      0.1109048248E+00
0.2150000000E+00      0.2061761686E+03      0.6450958889E+01      0.1132542658E+00
0.2170000000E+00      0.2081551419E+03      0.6677481611E+01      0.1156149394E+00
0.2190000000E+00      0.2101362256E+03      0.6908933662E+01      0.1179864473E+00
0.2210000000E+00      0.2121194457E+03      0.7145349202E+01      0.1203683969E+00
0.2230000000E+00      0.2141048278E+03      0.7386761850E+01      0.1227604012E+00
0.2250000000E+00      0.2160923975E+03      0.7633204692E+01      0.1251620790E+00
0.2270000000E+00      0.2180821803E+03      0.7884710289E+01      0.1275730546E+00
0.2290000000E+00      0.2200742013E+03      0.8141310687E+01      0.1299929580E+00
0.2310000000E+00      0.2220684858E+03      0.8403037419E+01      0.1324214252E+00
0.2330000000E+00      0.2240650585E+03      0.8669921520E+01      0.1348580976E+00
0.2350000000E+00      0.2260639443E+03      0.8941993530E+01      0.1373026223E+00
0.2370000000E+00      0.2280651678E+03      0.9219283503E+01      0.1397546523E+00
0.2390000000E+00      0.2300687533E+03      0.9501821014E+01      0.1422138460E+00
0.2410000000E+00      0.2320747252E+03      0.9789635170E+01      0.1446798676E+00
0.2430000000E+00      0.2340831076E+03      0.1008275461E+02      0.1471523869E+00
0.2450000000E+00      0.2360939244E+03      0.1038120753E+02      0.1496310791E+00
0.2470000000E+00      0.2381071990E+03      0.1068502185E+02      0.1521206360E+00
0.2490000000E+00      0.2401229557E+03      0.1099422449E+02      0.1546107972E+00
0.2510000000E+00      0.2421412177E+03      0.1130884249E+02      0.1571061904E+00
0.2530000000E+00      0.2441620082E+03      0.1162890230E+02      0.1596065123E+00
0.2550000000E+00      0.2461853505E+03      0.1195442992E+02      0.1621114655E+00
0.2570000000E+00      0.2482112673E+03      0.1228545097E+02      0.1646207575E+00
0.2590000000E+00      0.2502397817E+03      0.1262199063E+02      0.1671341011E+00
0.2610000000E+00      0.2522709161E+03      0.1296407371E+02      0.1696512143E+00
0.2630000000E+00      0.2543046932E+03      0.1331172459E+02      0.1721718201E+00
0.2650000000E+00      0.2563411353E+03      0.1366496730E+02      0.1746956463E+00
0.2670000000E+00      0.2583802644E+03      0.1402382547E+02      0.1772141987E+00
0.2690000000E+00      0.2604221027E+03      0.1438832235E+02      0.1797435050E+00
0.2710000000E+00      0.2624666721E+03      0.1475848084E+02      0.1822752441E+00
0.2730000000E+00      0.2645139941E+03      0.1513432344E+02      0.1848091631E+00
0.2750000000E+00      0.2665640905E+03      0.1551587234E+02      0.1873450140E+00
0.2770000000E+00      0.2686169825E+03      0.1590314933E+02      0.1898825529E+00
0.2790000000E+00      0.2706726915E+03      0.1629617589E+02      0.1924215408E+00
0.2810000000E+00      0.2727312386E+03      0.1669497315E+02      0.1949617428E+00
0.2830000000E+00      0.2747926446E+03      0.1709956187E+02      0.1975029285E+00
0.2850000000E+00      0.2768569304E+03      0.1750996253E+02      0.2000448714E+00
0.2870000000E+00      0.2789241166E+03      0.1792619524E+02      0.2025873496E+00
0.2890000000E+00      0.2809942238E+03      0.1834827980E+02      0.2051301449E+00
0.2910000000E+00      0.2830672722E+03      0.1877623571E+02      0.2076730433E+00
0.2930000000E+00      0.2851432821E+03      0.1921008213E+02      0.2102158346E+00
0.2950000000E+00      0.2872222736E+03      0.1964983793E+02      0.2127605870E+00
0.2970000000E+00      0.2893042666E+03      0.2009552166E+02      0.2153025631E+00
0.2990000000E+00      0.2913892807E+03      0.2054715157E+02      0.2178438246E+00
0.3010000000E+00      0.2934773357E+03      0.2100474563E+02      0.2203841763E+00
0.3030000000E+00      0.2955684511E+03      0.2146832149E+02      0.2229234268E+00
0.3050000000E+00      0.2976626461E+03      0.2193789653E+02      0.2254613878E+00
0.3070000000E+00      0.2997599400E+03      0.2241348783E+02      0.2279978749E+00
0.3090000000E+00      0.3018603517E+03      0.2289511225E+02      0.2305379395E+00
0.3110000000E+00      0.3039639004E+03      0.2338278621E+02      0.2330710433E+00
0.3130000000E+00      0.3060706047E+03      0.2387652602E+02      0.2356021388E+00
0.3150000000E+00      0.3081804833E+03      0.2437634763E+02      0.2381310545E+00
0.3170000000E+00      0.3102935548E+03      0.2488226677E+02      0.2406576219E+00
0.3190000000E+00      0.3124098374E+03      0.2539429886E+02      0.2431816756E+00
0.3210000000E+00      0.3145293494E+03      0.2591245907E+02      0.2457030533E+00
0.3230000000E+00      0.3166521089E+03      0.2643676232E+02      0.2482168558E+00
0.3250000000E+00      0.3187781339E+03      0.2696722326E+02      0.2507323472E+00
0.3270000000E+00      0.3209074423E+03      0.2750385628E+02      0.2532446929E+00
0.3290000000E+00      0.3230400517E+03      0.2804667553E+02      0.2557537423E+00
0.3310000000E+00      0.3251759798E+03      0.2859569490E+02      0.2582593471E+00
0.3330000000E+00      0.3273152439E+03      0.2915092803E+02      0.2607613622E+00
0.3350000000E+00      0.3294578615E+03      0.2971238832E+02      0.2632596449E+00
0.3370000000E+00      0.3316038497E+03      0.3028008891E+02      0.2657540553E+00
0.3390000000E+00      0.3337532255E+03      0.3085404273E+02      0.2682444560E+00
0.3410000000E+00      0.3359060060E+03      0.3143426244E+02      0.2707307122E+00
0.3430000000E+00      0.3380622079E+03      0.3202076048E+02      0.2732126916E+00
0.3450000000E+00      0.3402218479E+03      0.3261354905E+02      0.2756902645E+00
0.3470000000E+00      0.3423849426E+03      0.3321264012E+02      0.2781633034E+00
0.3490000000E+00      0.3445515085E+03      0.3381804542E+02      0.2806316836E+00
0.3510000000E+00      0.3467215618E+03      0.3442977646E+02      0.2830952825E+00
0.3530000000E+00      0.3488951189E+03      0.3504784452E+02      0.2855539798E+00
0.3550000000E+00      0.3510721957E+03      0.3567226066E+02      0.2880076578E+00
0.3570000000E+00      0.3532528082E+03      0.3630303571E+02      0.2904562010E+00
0.3590000000E+00      0.3554369723E+03      0.3694018028E+02      0.2928994960E+00
0.3610000000E+00      0.3576247037E+03      0.3758370478E+02      0.2953374319E+00
0.3630000000E+00      0.3598160180E+03      0.3823361936E+02      0.2977698998E+00
0.3650000000E+00      0.3620109308E+03      0.3888993400E+02      0.3001967931E+00
0.3670000000E+00      0.3642094573E+03      0.3955265844E+02      0.3026180073E+00
0.3690000000E+00      0.3664116128E+03      0.4022180222E+02      0.3050334403E+00
0.3710000000E+00      0.3686174126E+03      0.4089737467E+02      0.3074429917E+00
0.3730000000E+00      0.3708268716E+03      0.4157938489E+02      0.3098465635E+00
0.3750000000E+00      0.3730400048E+03      0.4226784181E+02      0.3122440598E+00
0.3770000000E+00      0.3752568269E+03      0.4296275412E+02      0.3146353865E+00
0.3790000000E+00      0.3774773527E+03      0.4366413034E+02      0.3170204517E+00
0.3810000000E+00      0.3797015968E+03      0.4437197876E+02      0.3193991706E+00
0.3830000000E+00      0.3819295735E+03      0.4508630749E+02      0.3217714453E+00
0.3850000000E+00      0.3841612974E+03      0.4580712443E+02      0.3241371949E+00
0.3870000000E+00      0.3863967827E+03      0.4653443730E+02      0.3264963354E+00
0.3890000000E+00      0.3886360434E+03      0.4726825360E+02      0.3288487848E+00
0.3910000000E+00      0.3908790937E+03      0.4800858066E+02      0.3311944630E+00
0.3930000000E+00      0.3931259475E+03      0.4875542562E+02      0.3335332918E+00
0.3950000000E+00      0.3953766187E+03      0.4950879541E+02      0.3358651948E+00
0.3970000000E+00      0.3976311208E+03      0.5026869679E+02      0.3381900978E+00
0.3990000000E+00      0.3998894677E+03      0.5103513634E+02      0.3405079281E+00
0.4010000000E+00      0.4021516727E+03      0.5180812043E+02      0.3428186150E+00
0.4030000000E+00      0.4044177494E+03      0.5258765527E+02      0.3451220897E+00
0.4050000000E+00      0.4066877110E+03      0.5337374689E+02      0.3474182849E+00
0.4070000000E+00      0.4089615707E+03      0.5416640112E+02      0.3497071354E+00
0.4090000000E+00      0.4112393416E+03      0.5496562365E+02      0.3519885777E+00
0.4110000000E+00      0.4135210367E+03      0.5577141995E+02      0.3542625500E+00
0.4130000000E+00      0.4158066691E+03      0.5658379535E+02      0.3565289922E+00
0.4150000000E+00      0.4180962513E+03      0.5740275499E+02      0.3587878461E+00
0.4170000000E+00      0.4203897962E+03      0.5822830386E+02      0.3610390551E+00
0.4190000000E+00      0.4226873164E+03      0.5906044676E+02      0.3632825642E+00
0.4210000000E+00      0.4249888244E+03      0.5989918833E+02      0.3655183203E+00
0.4230000000E+00      0.4272943325E+03      0.6074453306E+02      0.3677462717E+00
0.4250000000E+00      0.4296038532E+03      0.6159648525E+02      0.3699663686E+00
0.4270000000E+00      0.4319173986E+03      0.6245504906E+02      0.3721785627E+00
0.4290000000E+00      0.4342349809E+03      0.6332022848E+02      0.3743828072E+00
0.4310000000E+00      0.4365566120E+03      0.6419202736E+02      0.3765790572E+00
0.4330000000E+00      0.4388823040E+03      0.6507044936E+02      0.3787672690E+00
0.4350000000E+00      0.4412120686E+03      0.6595549802E+02      0.3809474009E+00
0.4370000000E+00      0.4435459177E+03      0.6684717671E+02      0.3831194124E+00
0.4390000000E+00      0.4458838629E+03      0.6774548865E+02      0.3852832646E+00
0.4410000000E+00      0.4482259156E+03      0.6865043692E+02      0.3874389203E+00
0.4430000000E+00      0.4505720876E+03      0.6956202444E+02      0.3895863436E+00
0.4450000000E+00      0.4529223900E+03      0.7048025400E+02      0.3917255000E+00
0.4470000000E+00      0.4552768342E+03      0.7140512823E+02      0.3938563568E+00
0.4490000000E+00      0.4576354314E+03      0.7233664962E+02      0.3959788825E+00
0.4510000000E+00      0.4599981927E+03      0.7327482055E+02      0.3980930471E+00
0.4530000000E+00      0.4623651292E+03      0.7421964321E+02      0.4001988220E+00
0.4550000000E+00      0.4647362517E+03      0.7517111970E+02      0.4022961799E+00
0.4570000000E+00      0.4671115712E+03      0.7612925196E+02      0.4043850951E+00
0.4590000000E+00      0.4694910984E+03      0.7709404181E+02      0.4064655431E+00
0.4610000000E+00      0.4718748440E+03      0.7806549093E+02      0.4085375008E+00
0.4630000000E+00      0.4742628185E+03      0.7904360086E+02      0.4106009464E+00
0.4650000000E+00      0.4766550325E+03      0.8002837304E+02      0.4126558595E+00
0.4670000000E+00      0.4790514964E+03      0.8101980877E+02      0.4147022207E+00
0.4690000000E+00      0.4814522206E+03      0.8201790922E+02      0.4167400194E+00
0.4710000000E+00      0.4838572152E+03      0.8302267544E+02      0.4187692247E+00
0.4730000000E+00      0.4862664905E+03      0.8403410836E+02      0.4207898282E+00
0.4750000000E+00      0.4886800566E+03      0.8505220881E+02      0.4228018159E+00
0.4770000000E+00      0.4910979235E+03      0.8607697747E+02      0.4248051746E+00
0.4790000000E+00      0.4935201010E+03      0.8710841493E+02      0.4267998926E+00
0.4810000000E+00      0.4959465991E+03      0.8814652165E+02      0.4287859593E+00
0.4830000000E+00      0.4983774275E+03      0.8919129798E+02      0.4307633652E+00
0.4850000000E+00      0.5008125959E+03      0.9024274417E+02      0.4327321019E+00
0.4870000000E+00      0.5032521139E+03      0.9130086036E+02      0.4346921623E+00
0.4890000000E+00      0.5056959910E+03      0.9236564657E+02      0.4366435401E+00
0.4910000000E+00      0.5081442368E+03      0.9343710273E+02      0.4385862303E+00
0.4930000000E+00      0.5105968605E+03      0.9451522865E+02      0.4405202290E+00
0.4950000000E+00      0.5130538714E+03      0.9560002405E+02      0.4424455332E+00
0.4970000000E+00      0.5155152788E+03      0.9669148856E+02      0.4443621409E+00
0.4990000000E+00      0.5179810919E+03      0.9778962167E+02      0.4462700513E+00
0.5010000000E+00      0.5204513196E+03      0.9889442282E+02      0.4481692645E+00
0.5030000000E+00      0.5229259711E+03      0.1000058913E+03      0.4500597815E+00
0.5050000000E+00      0.5254050551E+03      0.1011240264E+03      0.4519416042E+00
0.5070000000E+00      0.5278885806E+03      0.1022488273E+03      0.4538147358E+00
0.5090000000E+00      0.5303765563E+03      0.1033802929E+03      0.4556791801E+00
0.5110000000E+00      0.5328689909E+03      0.1045184222E+03      0.4575349417E+00
0.5130000000E+00      0.5353658931E+03      0.1056632142E+03      0.4593820265E+00
0.5150000000E+00      0.5378672714E+03      0.1068146675E+03      0.4612204409E+00
0.5170000000E+00      0.5403731343E+03      0.1079727809E+03      0.4630501924E+00
0.5190000000E+00      0.5428834902E+03      0.1091375530E+03      0.4648712892E+00
0.5210000000E+00      0.5453983474E+03      0.1103089824E+03      0.4666837402E+00
0.5230000000E+00      0.5479177143E+03      0.1114870675E+03      0.4684875555E+00
0.5250000000E+00      0.5504415990E+03      0.1126718066E+03      0.4702827456E+00
0.5270000000E+00      0.5529700096E+03      0.1138631981E+03      0.4720693219E+00
0.5290000000E+00      0.5555029543E+03      0.1150612402E+03      0.4738472967E+00
0.5310000000E+00      0.5580404409E+03      0.1162659310E+03      0.4756166828E+00
0.5330000000E+00      0.5605824776E+03      0.1174772687E+03      0.4773774939E+00
0.5350000000E+00      0.5631290720E+03      0.1186952512E+03      0.4791297442E+00
0.5370000000E+00      0.5656802321E+03      0.1199198764E+03      0.4808734489E+00
0.5390000000E+00      0.5682359655E+03      0.1211511422E+03      0.4826086235E+00
0.5410000000E+00      0.5707962800E+03      0.1223890465E+03      0.4843352846E+00
0.5430000000E+00      0.5733611831E+03      0.1236335869E+03      0.4860534491E+00
0.5450000000E+00      0.5759306823E+03      0.1248847611E+03      0.4877631346E+00
0.5470000000E+00      0.5785047851E+03      0.1261425668E+03      0.4894643593E+00
0.5490000000E+00      0.5810834990E+03      0.1274070014E+03      0.4911571422E+00
0.5510000000E+00      0.5836668313E+03      0.1286780625E+03      0.4928415027E+00
0.5530000000E+00      0.5862547892E+03      0.1299557474E+03      0.4945174607E+00
0.5550000000E+00      0.5888473800E+03      0.1312400535E+03      0.4961850369E+00
0.5570000000E+00      0.5914446109E+03      0.1325309782E+03      0.4978442522E+00
0.5590000000E+00      0.5940464890E+03      0.1338285187E+03      0.4994951285E+00
0.5610000000E+00      0.5966530212E+03      0.1351326722E+03      0.5011376877E+00
0.5630000000E+00      0.5992642146E+03      0.1364434358E+03      0.5027719526E+00
0.5650000000E+00      0.6018800761E+03      0.1377608066E+03      0.5043979462E+00
0.5670000000E+00      0.6045006125E+03      0.1390847817E+03      0.5060156922E+00
0.5690000000E+00      0.6071258307E+03      0.1404153580E+03      0.5076252146E+00
0.5710000000E+00      0.6097557373E+03      0.1417525325E+03      0.5092265380E+00
0.5730000000E+00      0.6123903391E+03      0.1430963021E+03      0.5108196932E+00
0.5750000000E+00      0.6150296428E+03      0.1444466636E+03      0.5124046937E+00
0.5770000000E+00      0.6176736548E+03      0.1458036139E+03      0.5139815711E+00
0.5790000000E+00      0.6203223816E+03      0.1471671497E+03      0.5155503518E+00
0.5810000000E+00      0.6229758298E+03      0.1485372676E+03      0.5171110621E+00
0.5830000000E+00      0.6256340058E+03      0.1499139645E+03      0.5186637291E+00
0.5850000000E+00      0.6282969158E+03      0.1512972369E+03      0.5202083801E+00
0.5870000000E+00      0.6309645662E+03      0.1526870813E+03      0.5217450426E+00
0.5890000000E+00      0.6336369631E+03      0.1540834945E+03      0.5232737446E+00
0.5910000000E+00      0.6363141129E+03      0.1554864728E+03      0.5247945144E+00
0.5930000000E+00      0.6389960216E+03      0.1568960128E+03      0.5263073807E+00
0.5950000000E+00      0.6416826953E+03      0.1583121109E+03      0.5278123724E+00
0.5970000000E+00      0.6443741399E+03      0.1597347635E+03      0.5293095186E+00
0.5990000000E+00      0.6470703616E+03      0.1611639669E+03      0.5307988488E+00
0.6010000000E+00      0.6497713661E+03      0.1625997176E+03      0.5322803928E+00
0.6030000000E+00      0.6524771594E+03      0.1640420119E+03      0.5337541807E+00
0.6050000000E+00      0.6551877473E+03      0.1654908459E+03      0.5352202427E+00
0.6070000000E+00      0.6579031355E+03      0.1669462160E+03      0.5366786093E+00
0.6090000000E+00      0.6606233298E+03      0.1684081184E+03      0.5381293113E+00
0.6110000000E+00      0.6633483357E+03      0.1698765492E+03      0.5395723797E+00
0.6130000000E+00      0.6660781590E+03      0.1713515046E+03      0.5410078455E+00
0.6150000000E+00      0.6688128052E+03      0.1728329809E+03      0.5424357403E+00
0.6170000000E+00      0.6715522798E+03      0.1743209739E+03      0.5438560956E+00
0.6190000000E+00      0.6742965882E+03      0.1758154800E+03      0.5452689432E+00
0.6210000000E+00      0.6770457360E+03      0.1773164950E+03      0.5466743151E+00
0.6230000000E+00      0.6797997284E+03      0.1788240151E+03      0.5480722433E+00
0.6250000000E+00      0.6825585708E+03      0.1803380362E+03      0.5494627601E+00
0.6270000000E+00      0.6853222684E+03      0.1818585543E+03      0.5508458980E+00
0.6290000000E+00      0.6880908266E+03      0.1833855655E+03      0.5522216896E+00
0.6310000000E+00      0.6908642504E+03      0.1849190657E+03      0.5535901675E+00
0.6330000000E+00      0.6936425450E+03      0.1864590507E+03      0.5549513646E+00
0.6350000000E+00      0.6964257155E+03      0.1880055165E+03      0.5563053139E+00
0.6370000000E+00      0.6992137670E+03      0.1895584590E+03      0.5576520484E+00
0.6390000000E+00      0.7020067045E+03      0.1911178740E+03      0.5589916013E+00
0.6410000000E+00      0.7048045329E+03      0.1926837575E+03      0.5603240060E+00
0.6430000000E+00      0.7076072571E+03      0.1942561052E+03      0.5616492958E+00
0.6450000000E+00      0.7104148820E+03      0.1958349130E+03      0.5629675041E+00
0.6470000000E+00      0.7132274124E+03      0.1974201766E+03      0.5642786645E+00
0.6490000000E+00      0.7160448532E+03      0.1990118919E+03      0.5655828107E+00
0.6510000000E+00      0.7188672091E+03      0.2006100547E+03      0.5668799762E+00
0.6530000000E+00      0.7216944847E+03      0.2022146607E+03      0.5681701948E+00
0.6550000000E+00      0.7245266847E+03      0.2038257056E+03      0.5694535003E+00
0.6570000000E+00      0.7273638138E+03      0.2054431853E+03      0.5707299266E+00
0.6590000000E+00      0.7302058765E+03      0.2070670954E+03      0.5719995075E+00
0.6610000000E+00      0.7330528773E+03      0.2086974317E+03      0.5732622770E+00
0.6630000000E+00      0.7359048208E+03      0.2103341898E+03      0.5745182690E+00
0.6650000000E+00      0.7387617114E+03      0.2119773655E+03      0.5757675174E+00
0.6670000000E+00      0.7416235536E+03      0.2136269544E+03      0.5770100563E+00
0.6690000000E+00      0.7444903516E+03      0.2152829523E+03      0.5782459196E+00
0.6710000000E+00      0.7473621099E+03      0.2169453548E+03      0.5794751414E+00
0.6730000000E+00      0.7502388327E+03      0.2186141575E+03      0.5806977557E+00
0.6750000000E+00      0.7531205243E+03      0.2202893562E+03      0.5819137965E+00
0.6770000000E+00      0.7560071890E+03      0.2219709464E+03      0.5831232978E+00
0.6790000000E+00      0.7588988308E+03      0.2236589239E+03      0.5843262937E+00
0.6810000000E+00      0.7617954540E+03      0.2253532843E+03      0.5855228180E+00
0.6830000000E+00      0.7646970626E+03      0.2270540231E+03      0.5867129047E+00
0.6850000000E+00      0.7676036608E+03      0.2287611360E+03      0.5878965879E+00
0.6870000000E+00      0.7705152526E+03      0.2304746187E+03      0.5890739013E+00
0.6890000000E+00      0.7734318419E+03      0.2321944668E+03      0.5902448790E+00
0.6910000000E+00      0.7763534327E+03      0.2339206758E+03      0.5914095547E+00
0.6930000000E+00      0.7792800291E+03      0.2356532415E+03      0.5925679622E+00
0.6950000000E+00      0.7822116347E+03      0.2373921594E+03      0.5937201353E+00
0.6970000000E+00      0.7851482536E+03      0.2391374250E+03      0.5948661078E+00
0.6990000000E+00      0.7880898895E+03      0.2408890342E+03      0.5960059132E+00
0.7010000000E+00      0.7910365463E+03      0.2426469823E+03      0.5971395891E+00
0.7030000000E+00      0.7939882276E+03      0.2444112651E+03      0.5982671612E+00
0.7050000000E+00      0.7969449372E+03      0.2461818781E+03      0.5993886669E+00
0.7070000000E+00      0.7999066788E+03      0.2479588170E+03      0.6005041397E+00
0.7090000000E+00      0.8028734561E+03      0.2497420773E+03      0.6016136128E+00
0.7110000000E+00      0.8058452726E+03      0.2515316547E+03      0.6027171196E+00
0.7130000000E+00      0.8088221320E+03      0.2533275447E+03      0.6038146933E+00
0.7150000000E+00      0.8118040377E+03      0.2551297430E+03      0.6049063671E+00
0.7170000000E+00      0.8147909935E+03      0.2569382452E+03      0.6059921739E+00
0.7190000000E+00      0.8177830026E+03      0.2587530468E+03      0.6070721468E+00
0.7210000000E+00      0.8207800686E+03      0.2605741436E+03      0.6081463186E+00
0.7230000000E+00      0.8237821949E+03      0.2624015311E+03      0.6092147221E+00
0.7250000000E+00      0.8267893849E+03      0.2642352049E+03      0.6102773902E+00
0.7270000000E+00      0.8298016420E+03      0.2660751606E+03      0.6113343553E+00
0.7290000000E+00      0.8328189695E+03      0.2679213940E+03      0.6123856500E+00
0.7310000000E+00      0.8358413708E+03      0.2697739005E+03      0.6134313067E+00
0.7330000000E+00      0.8388688490E+03      0.2716326758E+03      0.6144713578E+00
0.7350000000E+00      0.8419014075E+03      0.2734977157E+03      0.6155058355E+00
0.7370000000E+00      0.8449390494E+03      0.2753690156E+03      0.6165347719E+00
0.7390000000E+00      0.8479817779E+03      0.2772465713E+03      0.6175581990E+00
0.7410000000E+00      0.8510295963E+03      0.2791303783E+03      0.6185761488E+00
0.7430000000E+00      0.8540825076E+03      0.2810204325E+03      0.6195886531E+00
0.7450000000E+00      0.8571405149E+03      0.2829167293E+03      0.6205957435E+00
0.7470000000E+00      0.8602036213E+03      0.2848192645E+03      0.6215974516E+00
0.7490000000E+00      0.8632718299E+03      0.2867280338E+03      0.6225938090E+00
0.7510000000E+00      0.8663451436E+03      0.2886430328E+03      0.6235848469E+00
0.7530000000E+00      0.8694235655E+03      0.2905642573E+03      0.6245705966E+00
0.7550000000E+00      0.8725070985E+03      0.2924917028E+03      0.6255510892E+00
0.7570000000E+00      0.8755957456E+03      0.2944253651E+03      0.6265263557E+00
0.7590000000E+00      0.8786895096E+03      0.2963652400E+03      0.6274964271E+00
0.7610000000E+00      0.8817883934E+03      0.2983113231E+03      0.6284613339E+00
0.7630000000E+00      0.8848923999E+03      0.3002636101E+03      0.6294211070E+00
0.7650000000E+00      0.8880015320E+03      0.3022220968E+03      0.6303757767E+00
0.7670000000E+00      0.8911157924E+03      0.3041867788E+03      0.6313253735E+00
0.7690000000E+00      0.8942351839E+03      0.3061576521E+03      0.6322699276E+00
0.7710000000E+00      0.8973597092E+03      0.3081347122E+03      0.6332094692E+00
0.7730000000E+00      0.9004893712E+03      0.3101179550E+03      0.6341440282E+00
0.7750000000E+00      0.9036241724E+03      0.3121073762E+03      0.6350736345E+00
0.7770000000E+00      0.9067641155E+03      0.3141029717E+03      0.6359983179E+00
0.7790000000E+00      0.9099092033E+03      0.3161047371E+03      0.6369181079E+00
0.7810000000E+00      0.9130594383E+03      0.3181126683E+03      0.6378330340E+00
0.7830000000E+00      0.9162148231E+03      0.3201267611E+03      0.6387431256E+00
0.7850000000E+00      0.9193753604E+03      0.3221470113E+03      0.6396484117E+00
0.7870000000E+00      0.9225410526E+03      0.3241734147E+03      0.6405489217E+00
0.7890000000E+00      0.9257119024E+03      0.3262059672E+03      0.6414446842E+00
0.7910000000E+00      0.9288879121E+03      0.3282446646E+03      0.6423357282E+00
0.7930000000E+00      0.9320690844E+03      0.3302895028E+03      0.6432220824E+00
0.7950000000E+00      0.9352554216E+03      0.3323404776E+03      0.6441037751E+00
0.7970000000E+00      0.9384469262E+03      0.3343975848E+03      0.6449808348E+00
0.7990000000E+00      0.9416436006E+03      0.3364608205E+03      0.6458532898E+00
0.8010000000E+00      0.9448454472E+03      0.3385301804E+03      0.6467211681E+00
0.8030000000E+00      0.9480524684E+03      0.3406056605E+03      0.6475844977E+00
0.8050000000E+00      0.9512646666E+03      0.3426872567E+03      0.6484433065E+00
0.8070000000E+00      0.9544820440E+03      0.3447749649E+03      0.6492976221E+00
0.8090000000E+00      0.9577046029E+03      0.3468687810E+03      0.6501474721E+00
0.8110000000E+00      0.9609323458E+03      0.3489687011E+03      0.6509928838E+00
0.8130000000E+00      0.9641652747E+03      0.3510747210E+03      0.6518338846E+00
0.8150000000E+00      0.9674033920E+03      0.3531868367E+03      0.6526705015E+00
0.8170000000E+00      0.9706466999E+03      0.3553050443E+03      0.6535027616E+00
0.8190000000E+00      0.9738952005E+03      0.3574293396E+03      0.6543306916E+00
0.8210000000E+00      0.9771488961E+03      0.3595597188E+03      0.6551543183E+00
0.8230000000E+00      0.9804077889E+03      0.3616961778E+03      0.6559736682E+00
0.8250000000E+00      0.9836718809E+03      0.3638387126E+03      0.6567887678E+00
0.8270000000E+00      0.9869411743E+03      0.3659873193E+03      0.6575996433E+00
0.8290000000E+00      0.9902156712E+03      0.3681419940E+03      0.6584063208E+00
0.8310000000E+00      0.9934953736E+03      0.3703027327E+03      0.6592088263E+00
0.8330000000E+00      0.9967802837E+03      0.3724695314E+03      0.6600071857E+00
0.8350000000E+00      0.1000070403E+04      0.3746423863E+03      0.6608014247E+00
0.8370000000E+00      0.1003365735E+04      0.3768212935E+03      0.6615915688E+00
0.8390000000E+00      0.1006666280E+04      0.3790062491E+03      0.6623776435E+00
0.8410000000E+00      0.1009972041E+04      0.3811972491E+03      0.6631596740E+00
0.8430000000E+00      0.1013283019E+04      0.3833942898E+03      0.6639376854E+00
0.8450000000E+00      0.1016599217E+04      0.3855973673E+03      0.6647117028E+00
0.8470000000E+00      0.1019920637E+04      0.3878064777E+03      0.6654817510E+00
0.8490000000E+00      0.1023247280E+04      0.3900216172E+03      0.6662478547E+00
0.8510000000E+00      0.1026579148E+04      0.3922427820E+03      0.6670100385E+00
0.8530000000E+00      0.1029916244E+04      0.3944699683E+03      0.6677683268E+00
0.8550000000E+00      0.1033258568E+04      0.3967031724E+03      0.6685227439E+00
0.8570000000E+00      0.1036606124E+04      0.3989423903E+03      0.6692733139E+00
0.8590000000E+00      0.1039958912E+04      0.4011876184E+03      0.6700200609E+00
0.8610000000E+00      0.1043316935E+04      0.4034388530E+03      0.6707630087E+00
0.8630000000E+00      0.1046680194E+04      0.4056960902E+03      0.6715021810E+00
0.8650000000E+00      0.1050048691E+04      0.4079593263E+03      0.6722376036E+00
0.8670000000E+00      0.1053422428E+04      0.4102285577E+03      0.6729692956E+00
0.8690000000E+00      0.1056801407E+04      0.4125037806E+03      0.6736972825E+00
0.8710000000E+00      0.1060185629E+04      0.4147849914E+03      0.6744215874E+00
0.8730000000E+00      0.1063575095E+04      0.4170721863E+03      0.6751422334E+00
0.8750000000E+00      0.1066969809E+04      0.4193653618E+03      0.6758592434E+00
0.8770000000E+00      0.1070369771E+04      0.4216645141E+03      0.6765726400E+00
0.8790000000E+00      0.1073774983E+04      0.4239696396E+03      0.6772824461E+00
0.8810000000E+00      0.1077185447E+04      0.4262807348E+03      0.6779886839E+00
0.8830000000E+00      0.1080601164E+04      0.4285977959E+03      0.6786913759E+00
0.8850000000E+00      0.1084022136E+04      0.4309208194E+03      0.6793905443E+00
0.8870000000E+00      0.1087448364E+04      0.4332498018E+03      0.6800862112E+00
0.8890000000E+00      0.1090879851E+04      0.4355847393E+03      0.6807783984E+00
0.8910000000E+00      0.1094316597E+04      0.4379256286E+03      0.6814671278E+00
0.8930000000E+00      0.1097758604E+04      0.4402724660E+03      0.6821524211E+00
0.8950000000E+00      0.1101205874E+04      0.4426252480E+03      0.6828342998E+00
0.8970000000E+00      0.1104658409E+04      0.4449839711E+03      0.6835127853E+00
0.8990000000E+00      0.1108116209E+04      0.4473486318E+03      0.6841878988E+00
0.9010000000E+00      0.1111579276E+04      0.4497192266E+03      0.6848596615E+00
0.9030000000E+00      0.1115047612E+04      0.4520957519E+03      0.6855280945E+00
0.9050000000E+00      0.1118521218E+04      0.4544782045E+03      0.6861932185E+00
0.9070000000E+00      0.1122000096E+04      0.4568665807E+03      0.6868550543E+00
0.9090000000E+00      0.1125484247E+04      0.4592608772E+03      0.6875136226E+00
0.9110000000E+00      0.1128973672E+04      0.4616610905E+03      0.6881689438E+00
0.9130000000E+00      0.1132468374E+04      0.4640672172E+03      0.6888210383E+00
0.9150000000E+00      0.1135968352E+04      0.4664792540E+03      0.6894699262E+00
0.9170000000E+00      0.1139473610E+04      0.4688971973E+03      0.6901156278E+00
0.9190000000E+00      0.1142984147E+04      0.4713210440E+03      0.6907581629E+00
0.9210000000E+00      0.1146499966E+04      0.4737507905E+03      0.6913975514E+00
0.9230000000E+00      0.1150021067E+04      0.4761864335E+03      0.6920338130E+00
0.9250000000E+00      0.1153547453E+04      0.4786279698E+03      0.6926669673E+00
0.9270000000E+00      0.1157079123E+04      0.4810753960E+03      0.6932970338E+00
0.9290000000E+00      0.1160616081E+04      0.4835287087E+03      0.6939240318E+00
0.9310000000E+00      0.1164158326E+04      0.4859879048E+03      0.6945479805E+00
0.9330000000E+00      0.1167705861E+04      0.4884529808E+03      0.6951688990E+00
0.9350000000E+00      0.1171258686E+04      0.4909239336E+03      0.6957868062E+00
0.9370000000E+00      0.1174816803E+04      0.4934007599E+03      0.6964017211E+00
0.9390000000E+00      0.1178380213E+04      0.4958834564E+03      0.6970136623E+00
0.9410000000E+00      0.1181948917E+04      0.4983720199E+03      0.6976226484E+00
0.9430000000E+00      0.1185522917E+04      0.5008664472E+03      0.6982286980E+00
0.9450000000E+00      0.1189102213E+04      0.5033667351E+03      0.6988318293E+00
0.9470000000E+00      0.1192686807E+04      0.5058728803E+03      0.6994320606E+00
0.9490000000E+00      0.1196276700E+04      0.5083848798E+03      0.7000294101E+00
0.9510000000E+00      0.1199871893E+04      0.5109027304E+03      0.7006238957E+00
0.9530000000E+00      0.1203472387E+04      0.5134264289E+03      0.7012155353E+00
0.9550000000E+00      0.1207078184E+04      0.5159559721E+03      0.7018043467E+00
0.9570000000E+00      0.1210689285E+04      0.5184913569E+03      0.7023903474E+00
0.9590000000E+00      0.1214305690E+04      0.5210325803E+03      0.7029735552E+00
0.9610000000E+00      0.1217927401E+04      0.5235796391E+03      0.7035539874E+00
0.9630000000E+00      0.1221554419E+04      0.5261325302E+03      0.7041316612E+00
0.9650000000E+00      0.1225186745E+04      0.5286912506E+03      0.7047065939E+00
0.9670000000E+00      0.1228824380E+04      0.5312557972E+03      0.7052788025E+00
0.9690000000E+00      0.1232467325E+04      0.5338261669E+03      0.7058483040E+00
0.9710000000E+00      0.1236115581E+04      0.5364023568E+03      0.7064151153E+00
0.9730000000E+00      0.1239769150E+04      0.5389843637E+03      0.7069792531E+00
0.9750000000E+00      0.1243428032E+04      0.5415721847E+03      0.7075407340E+00
0.9770000000E+00      0.1247092228E+04      0.5441658168E+03      0.7080995745E+00
0.9790000000E+00      0.1250761740E+04      0.5467652569E+03      0.7086557911E+00
0.9810000000E+00      0.1254436568E+04      0.5493705022E+03      0.7092094000E+00
0.9830000000E+00      0.1258116713E+04      0.5519815496E+03      0.7097604174E+00
0.9850000000E+00      0.1261802176E+04      0.5545983963E+03      0.7103088595E+00
0.9870000000E+00      0.1265492959E+04      0.5572210392E+03      0.7108547421E+00
0.9890000000E+00      0.1269189062E+04      0.5598494754E+03      0.7113980811E+00
0.9910000000E+00      0.1272890486E+04      0.5624837021E+03      0.7119388923E+00
0.9930000000E+00      0.1276597233E+04      0.5651237163E+03      0.7124771914E+00
0.9950000000E+00      0.1280309302E+04      0.5677695151E+03      0.7130129939E+00
0.9970000000E+00      0.1284026696E+04      0.5704210958E+03      0.7135463152E+00
0.9990000000E+00      0.1287749414E+04      0.5730784553E+03      0.7140771707E+00
0.1001000000E+01      0.1291477458E+04      0.5757415909E+03      0.7146055756E+00
0.1003000000E+01      0.1295210829E+04      0.5784104997E+03      0.7151315450E+00
0.1005000000E+01      0.1298949528E+04      0.5810851789E+03      0.7156550941E+00
0.1007000000E+01      0.1302693555E+04      0.5837656257E+03      0.7161762377E+00
0.1009000000E+01      0.1306442911E+04      0.5864518373E+03      0.7166949906E+00
0.1011000000E+01      0.1310197597E+04      0.5891438108E+03      0.7172113675E+00
0.1013000000E+01      0.1313957615E+04      0.5918415436E+03      0.7177253832E+00
0.1015000000E+01      0.1317722965E+04      0.5945450328E+03      0.7182370521E+00
0.1017000000E+01      0.1321493647E+04      0.5972542757E+03      0.7187463887E+00
0.1019000000E+01      0.1325269663E+04      0.5999692696E+03      0.7192534073E+00
0.1021000000E+01      0.1329051013E+04      0.6026900117E+03      0.7197581221E+00
0.1023000000E+01      0.1332837698E+04      0.6054164993E+03      0.7202605473E+00
0.1025000000E+01      0.1336629720E+04      0.6081487297E+03      0.7207606969E+00
0.1027000000E+01      0.1340427078E+04      0.6108867002E+03      0.7212585849E+00
0.1029000000E+01      0.1344229774E+04      0.6136304081E+03      0.7217542251E+00
0.1031000000E+01      0.1348037808E+04      0.6163798508E+03      0.7222476313E+00
0.1033000000E+01      0.1351851181E+04      0.6191350256E+03      0.7227388172E+00
0.1035000000E+01      0.1355669894E+04      0.6218959298E+03      0.7232277963E+00
0.1037000000E+01      0.1359493948E+04      0.6246625608E+03      0.7237145822E+00
0.1039000000E+01      0.1363323343E+04      0.6274349160E+03      0.7241991882E+00
0.1041000000E+01      0.1367158080E+04      0.6302129928E+03      0.7246816275E+00
0.1043000000E+01      0.1370998160E+04      0.6329967885E+03      0.7251619135E+00
0.1045000000E+01      0.1374843583E+04      0.6357863007E+03      0.7256400593E+00
0.1047000000E+01      0.1378694351E+04      0.6385815266E+03      0.7261160777E+00
0.1049000000E+01      0.1382550464E+04      0.6413824638E+03      0.7265899819E+00
0.1051000000E+01      0.1386411922E+04      0.6441891096E+03      0.7270617847E+00
0.1053000000E+01      0.1390278726E+04      0.6470014616E+03      0.7275314988E+00
0.1055000000E+01      0.1394150878E+04      0.6498195172E+03      0.7279991370E+00
0.1057000000E+01      0.1398028378E+04      0.6526432739E+03      0.7284647116E+00
0.1059000000E+01      0.1401911225E+04      0.6554727291E+03      0.7289282355E+00
0.1061000000E+01      0.1405799422E+04      0.6583078804E+03      0.7293897208E+00
0.1063000000E+01      0.1409692968E+04      0.6611487253E+03      0.7298491800E+00
0.1065000000E+01      0.1413591865E+04      0.6639952612E+03      0.7303066253E+00
0.1067000000E+01      0.1417496113E+04      0.6668474858E+03      0.7307620689E+00
0.1069000000E+01      0.1421405712E+04      0.6697053966E+03      0.7312155228E+00
0.1071000000E+01      0.1425320663E+04      0.6725689911E+03      0.7316669992E+00
0.1073000000E+01      0.1429240968E+04      0.6754382670E+03      0.7321165097E+00
0.1075000000E+01      0.1433166625E+04      0.6783132216E+03      0.7325640665E+00
0.1077000000E+01      0.1437097637E+04      0.6811938528E+03      0.7330096810E+00
0.1079000000E+01      0.1441034003E+04      0.6840801580E+03      0.7334533652E+00
0.1081000000E+01      0.1444975725E+04      0.6869721348E+03      0.7338951305E+00
0.1083000000E+01      0.1448922802E+04      0.6898697810E+03      0.7343349885E+00
0.1085000000E+01      0.1452875236E+04      0.6927730941E+03      0.7347729517E+00
0.1087000000E+01      0.1456833027E+04      0.6956820717E+03      0.7352090292E+00
0.1089000000E+01      0.1460796175E+04      0.6985967115E+03      0.7356432335E+00
0.1091000000E+01      0.1464764681E+04      0.7015170112E+03      0.7360755757E+00
0.1093000000E+01      0.1468738546E+04      0.7044429684E+03      0.7365060671E+00
0.1095000000E+01      0.1472717770E+04      0.7073745809E+03      0.7369347185E+00
0.1097000000E+01      0.1476702354E+04      0.7103118463E+03      0.7373615411E+00
0.1099000000E+01      0.1480692298E+04      0.7132547622E+03      0.7377865457E+00
0.1101000000E+01      0.1484687603E+04      0.7162033266E+03      0.7382097431E+00
0.1103000000E+01      0.1488688269E+04      0.7191575369E+03      0.7386311442E+00
0.1105000000E+01      0.1492694297E+04      0.7221173911E+03      0.7390507595E+00
0.1107000000E+01      0.1496705687E+04      0.7250828868E+03      0.7394685997E+00
0.1109000000E+01      0.1500722440E+04      0.7280540217E+03      0.7398846753E+00
0.1111000000E+01      0.1504744556E+04      0.7310307937E+03      0.7402989968E+00
0.1113000000E+01      0.1508772036E+04      0.7340132006E+03      0.7407115745E+00
0.1115000000E+01      0.1512804881E+04      0.7370012400E+03      0.7411224189E+00
0.1117000000E+01      0.1516843090E+04      0.7399949098E+03      0.7415315401E+00
0.1119000000E+01      0.1520886664E+04      0.7429942078E+03      0.7419389482E+00
0.1121000000E+01      0.1524935604E+04      0.7459991319E+03      0.7423446535E+00
0.1123000000E+01      0.1528989910E+04      0.7490096798E+03      0.7427486660E+00
0.1125000000E+01      0.1533049583E+04      0.7520258493E+03      0.7431509956E+00
0.1127000000E+01      0.1537114623E+04      0.7550476384E+03      0.7435516523E+00
0.1129000000E+01      0.1541185031E+04      0.7580750448E+03      0.7439506458E+00
0.1131000000E+01      0.1545260806E+04      0.7611080664E+03      0.7443479860E+00
0.1133000000E+01      0.1549341950E+04      0.7641467012E+03      0.7447436824E+00
0.1135000000E+01      0.1553428463E+04      0.7671909469E+03      0.7451377449E+00
0.1137000000E+01      0.1557520344E+04      0.7702408015E+03      0.7455301829E+00
0.1139000000E+01      0.1561617596E+04      0.7732962628E+03      0.7459210060E+00
0.1141000000E+01      0.1565720218E+04      0.7763573289E+03      0.7463102235E+00
0.1143000000E+01      0.1569828210E+04      0.7794239975E+03      0.7466978450E+00
0.1145000000E+01      0.1573941573E+04      0.7824962666E+03      0.7470838795E+00
0.1147000000E+01      0.1578060307E+04      0.7855741343E+03      0.7474683365E+00
0.1149000000E+01      0.1582184413E+04      0.7886575983E+03      0.7478512251E+00
0.1151000000E+01      0.1586313891E+04      0.7917466566E+03      0.7482325545E+00
0.1153000000E+01      0.1590448742E+04      0.7948413073E+03      0.7486123336E+00
0.1155000000E+01      0.1594588965E+04      0.7979415483E+03      0.7489905715E+00
0.1157000000E+01      0.1598734562E+04      0.8010473776E+03      0.7493672771E+00
0.1159000000E+01      0.1602885532E+04      0.8041587932E+03      0.7497424593E+00
0.1161000000E+01      0.1607041876E+04      0.8072757930E+03      0.7501161270E+00
0.1163000000E+01      0.1611203595E+04      0.8103983752E+03      0.7504882888E+00
0.1165000000E+01      0.1615370688E+04      0.8135265376E+03      0.7508589534E+00
0.1167000000E+01      0.1619543156E+04      0.8166602784E+03      0.7512281295E+00
0.1169000000E+01      0.1623721000E+04      0.8197995955E+03      0.7515958257E+00
0.1171000000E+01      0.1627904219E+04      0.8229444870E+03      0.7519620505E+00
0.1173000000E+01      0.1632092815E+04      0.8260949511E+03      0.7523268124E+00
0.1175000000E+01      0.1636286786E+04      0.8292509856E+03      0.7526901197E+00
0.1177000000E+01      0.1640486135E+04      0.8324125888E+03      0.7530519808E+00
0.1179000000E+01      0.1644690860E+04      0.8355797586E+03      0.7534124041E+00
0.1181000000E+01      0.1648900963E+04      0.8387524932E+03      0.7537713976E+00
0.1183000000E+01      0.1653116444E+04      0.8419307907E+03      0.7541289697E+00
0.1185000000E+01      0.1657337302E+04      0.8451146492E+03      0.7544851283E+00
0.1187000000E+01      0.1661563539E+04      0.8483040667E+03      0.7548398817E+00
0.1189000000E+01      0.1665795154E+04      0.8514990415E+03      0.7551932378E+00
0.1191000000E+01      0.1670032149E+04      0.8546995716E+03      0.7555452046E+00
0.1193000000E+01      0.1674274522E+04      0.8579056552E+03      0.7558957899E+00
0.1195000000E+01      0.1678522275E+04      0.8611172904E+03      0.7562450017E+00
0.1197000000E+01      0.1682775408E+04      0.8643344754E+03      0.7565928476E+00
0.1199000000E+01      0.1687033921E+04      0.8675572084E+03      0.7569393356E+00
