      Rhob                Epsilon              Pressure               SoundV
0.4730000000E-14      0.4409040000E-11      0.6303830000E-24      0.2528270000E-09
0.4760000000E-14      0.4431480000E-11      0.6303830000E-23      0.3286900000E-09
0.4910000000E-14      0.4571720000E-11      0.6303830000E-22      0.3811090000E-09
0.6990000000E-14      0.6506980000E-11      0.7552120000E-21      0.1661210000E-08
0.9900000000E-14      0.9199530000E-11      0.8737990000E-20      0.4506330000E-08
0.2720000000E-13      0.2529870000E-10      0.1061040000E-18      0.2185710000E-07
0.1270000000E-12      0.1189210000E-09      0.3632510000E-17      0.1280710000E-06
0.6930000000E-12      0.6450890000E-09      0.1185870000E-15      0.6813760000E-06
0.6295000000E-11      0.5856290000E-08      0.6081640000E-14      0.1980100000E-05
0.1581000000E-10      0.1470800000E-07      0.3100740000E-13      0.4121830000E-05
0.3972000000E-10      0.3694960000E-07      0.1517290000E-12      0.7788630000E-05
0.9976000000E-10      0.9278060000E-07      0.7183870000E-12      0.1422460000E-04
0.2506000000E-09      0.2331300000E-06      0.3286730000E-11      0.2500930000E-04
0.6294000000E-09      0.5856290000E-06      0.1446760000E-10      0.4207890000E-04
0.1581000000E-08      0.1470800000E-05      0.6088500000E-10      0.6739699893E-04
0.3972000000E-08      0.3695520000E-05      0.2441020000E-09      0.8516180000E-04
0.5000000000E-08      0.4651930000E-05      0.3282360000E-09      0.1052360000E-03
0.9976000000E-08      0.9283670000E-05      0.8956430000E-09      0.1422520000E-03
0.1990000000E-07      0.1852250000E-04      0.2392340000E-08      0.1863930000E-03
0.3972000000E-07      0.3696080000E-04      0.6278870000E-08      0.2408930000E-03
0.7924000000E-07      0.7376450000E-04      0.1625270000E-07      0.3085620000E-03
0.1581000000E-06      0.1471920000E-03      0.4166770000E-07      0.3417580000E-03
0.1990000000E-06      0.1853370000E-03      0.5453750000E-07      0.3860480000E-03
0.3155000000E-06      0.2937680000E-03      0.1016730000E-06      0.4315500000E-03
0.5000000000E-06      0.4656420000E-03      0.1890530000E-06      0.4889620000E-03
0.6294000000E-06      0.5861890000E-03      0.2577080000E-06      0.5509610000E-03
0.7924000000E-06      0.7382060000E-03      0.3143180000E-06      0.6137740000E-03
0.9976000000E-06      0.9294890000E-03      0.4281610000E-06      0.6540150000E-03
0.1581000000E-05      0.1470000000E-02      0.7939080000E-06      0.7285460000E-03
0.2506000000E-05      0.2340000000E-02      0.1470480000E-05      0.8500470000E-03
0.3972000000E-05      0.3700000000E-02      0.2722510000E-05      0.8906300000E-03
0.5000000000E-05      0.4660000000E-02      0.3533890000E-05      0.9510480000E-03
0.6294000000E-05      0.5870000000E-02      0.4807140000E-05      0.1100000000E-02
0.7924000000E-05      0.7390000000E-02      0.6541010000E-05      0.1180000000E-02
0.9976000000E-05      0.9310000000E-02      0.8894020000E-05      0.1280000000E-02
0.1256000000E-04      0.1172000000E-01      0.1209590000E-04      0.1300000000E-02
0.1581000000E-04      0.1476000000E-01      0.1562230000E-04      0.1320000000E-02
0.1990000000E-04      0.1858000000E-01      0.2124580000E-04      0.1390000000E-02
0.2506000000E-04      0.2340000000E-01      0.2888530000E-04      0.1470000000E-02
0.3155000000E-04      0.2947000000E-01      0.3713020000E-04      0.1550000000E-02
0.3972000000E-04      0.3712000000E-01      0.5048680000E-04      0.1820000000E-02
0.5000000000E-04      0.4674000000E-01      0.6865560000E-04      0.1960000000E-02
0.6294000000E-04      0.5884000000E-01      0.9330920000E-04      0.2110000000E-02
0.7924000000E-04      0.7416000000E-01      0.1268880000E-03      0.2150000000E-02
0.9976000000E-04      0.9334000000E-01      0.1620900000E-03      0.2190000000E-02
0.1105000000E-03      0.1034400000E+00      0.1805020000E-03      0.2220000000E-02
0.1256000000E-03      0.1175700000E+00      0.2053430000E-03      0.2270000000E-02
0.1581000000E-03      0.1480900000E+00      0.2791790000E-03      0.2300000000E-02
0.1990000000E-03      0.1865100000E+00      0.3630010000E-03      0.2350000000E-02
0.2506000000E-03      0.2349200000E+00      0.4704780000E-03      0.2420000000E-02
0.2572000000E-03      0.2411500000E+00      0.4871430000E-03      0.1640000000E-02
0.2670000000E-03      0.2502100000E+00      0.4925360000E-03      0.6323770000E-03
0.3126000000E-03      0.2932300000E+00      0.5213460000E-03      0.6351150000E-03
0.3951000000E-03      0.3707800000E+00      0.5679160000E-03      0.6395500000E-03
0.4759000000E-03      0.4467600000E+00      0.6136960000E-03      0.6456670000E-03
0.5812000000E-03      0.5456200000E+00      0.6758550000E-03      0.6505920000E-03
0.7143000000E-03      0.6709200000E+00      0.7601150000E-03      0.7025890000E-03
0.8786000000E-03      0.8252300000E+00      0.8731850000E-03      0.7646840000E-03
0.1077000000E-02      0.1012500000E+01      0.1020000000E-02      0.8354260000E-03
0.1314000000E-02      0.1235290000E+01      0.1220000000E-02      0.9276850000E-03
0.1748000000E-02      0.1643560000E+01      0.1620000000E-02      0.1000000000E-02
0.2000000000E-02      0.1880850000E+01      0.2000000000E-02      0.1100000000E-02
0.4000000000E-02      0.3764610000E+01      0.4510000000E-02      0.1460000000E-02
0.6000000000E-02      0.5649800000E+01      0.7500000000E-02      0.1680000000E-02
0.8000000000E-02      0.7536070000E+01      0.1086000000E-01      0.1880000000E-02
0.1000000000E-01      0.9423230000E+01      0.1458000000E-01      0.2070000000E-02
0.1200000000E-01      0.1131116000E+02      0.1867000000E-01      0.2280000000E-02
0.1400000000E-01      0.1319982000E+02      0.2318000000E-01      0.2510000000E-02
0.1600000000E-01      0.1508915000E+02      0.2814000000E-01      0.2760000000E-02
0.1800000000E-01      0.1697914000E+02      0.3361000000E-01      0.3040000000E-02
0.2000000000E-01      0.1886976000E+02      0.3965000000E-01      0.3340000000E-02
0.2200000000E-01      0.2076101000E+02      0.4624000000E-01      0.3660000000E-02
0.2400000000E-01      0.2265290000E+02      0.5348000000E-01      0.3990000000E-02
0.2600000000E-01      0.2454541000E+02      0.6133000000E-01      0.4330000000E-02
0.2800000000E-01      0.2643855000E+02      0.6988000000E-01      0.4680000000E-02
0.3000000000E-01      0.2833233000E+02      0.7906000000E-01      0.5030000000E-02
0.3200000000E-01      0.3022674000E+02      0.8895000000E-01      0.5390000000E-02
0.3400000000E-01      0.3212179000E+02      0.9948000000E-01      0.5740000000E-02
0.3600000000E-01      0.3401748000E+02      0.1107200000E+00      0.6090000000E-02
0.3800000000E-01      0.3591381000E+02      0.1225900000E+00      0.6440000000E-02
0.4000000000E-01      0.3781078000E+02      0.1351400000E+00      0.6790000000E-02
0.4200000000E-01      0.3970840000E+02      0.1483400000E+00      0.7110000000E-02
0.4400000000E-01      0.4160666000E+02      0.1621100000E+00      0.7420000000E-02
0.4600000000E-01      0.4350556000E+02      0.1765200000E+00      0.7740000000E-02
0.4800000000E-01      0.4540510000E+02      0.1915000000E+00      0.8040000000E-02
0.5000000000E-01      0.4730528000E+02      0.2070600000E+00      0.8310000000E-02
0.5200000000E-01      0.4920608000E+02      0.2230900000E+00      0.8580000000E-02
0.5400000000E-01      0.5110752000E+02      0.2396900000E+00      0.8870000000E-02
0.5600000000E-01      0.5300958000E+02      0.2568200000E+00      0.9120000000E-02
0.5800000000E-01      0.5491227000E+02      0.2743700000E+00      0.9340000000E-02
0.6000000000E-01      0.5681556000E+02      0.2923800000E+00      0.9690000000E-02
0.6200000000E-01      0.5871946000E+02      0.3101200000E+00      0.1002000000E-01
0.6400000000E-01      0.6062394000E+02      0.3290400000E+00      0.1028000000E-01
0.6600000000E-01      0.6252904000E+02      0.3483400000E+00      0.1069000000E-01
0.6800000000E-01      0.6443473000E+02      0.3679800000E+00      0.1101000000E-01
0.7000000000E-01      0.6634095000E+02      0.3861300000E+00      0.1136000000E-01
0.1100000000E+00      0.1045284113E+03      0.3937990281E+00      0.1541166775E-01
0.1120000000E+00      0.1064363603E+03      0.4243250306E+00      0.1656272844E-01
0.1140000000E+00      0.1083448744E+03      0.4571038567E+00      0.1776184172E-01
0.1160000000E+00      0.1102539838E+03      0.4922294321E+00      0.1900931205E-01
0.1180000000E+00      0.1121637198E+03      0.5297964310E+00      0.2030540069E-01
0.1200000000E+00      0.1140741120E+03      0.5696768098E+00      0.2147316961E-01
0.1220000000E+00      0.1159851890E+03      0.6119893072E+00      0.2279392027E-01
0.1240000000E+00      0.1178969807E+03      0.6569132882E+00      0.2418401951E-01
0.1260000000E+00      0.1198095188E+03      0.7045721174E+00      0.2563319238E-01
0.1280000000E+00      0.1217228358E+03      0.7550774075E+00      0.2713747190E-01
0.1300000000E+00      0.1236369648E+03      0.8085356149E+00      0.2869476949E-01
0.1320000000E+00      0.1255519395E+03      0.8650503614E+00      0.3030377531E-01
0.1340000000E+00      0.1274677942E+03      0.9247234841E+00      0.3196355922E-01
0.1360000000E+00      0.1293845636E+03      0.9876555753E+00      0.3367339290E-01
0.1380000000E+00      0.1313022830E+03      0.1053946281E+01      0.3543265957E-01
0.1400000000E+00      0.1332209880E+03      0.1123694472E+01      0.3724080371E-01
0.1420000000E+00      0.1351407145E+03      0.1196998416E+01      0.3909898999E-01
0.1440000000E+00      0.1370614991E+03      0.1273955517E+01      0.4100341993E-01
0.1460000000E+00      0.1389833784E+03      0.1354662803E+01      0.4294990000E-01
0.1480000000E+00      0.1409063894E+03      0.1439216618E+01      0.4494830709E-01
0.1500000000E+00      0.1428305694E+03      0.1527712690E+01      0.4699299270E-01
0.1520000000E+00      0.1447559561E+03      0.1620246115E+01      0.4908341028E-01
0.1540000000E+00      0.1466825874E+03      0.1716911329E+01      0.5121899486E-01
0.1560000000E+00      0.1486105015E+03      0.1817801919E+01      0.5339562986E-01
0.1580000000E+00      0.1505397364E+03      0.1923011236E+01      0.5561961950E-01
0.1600000000E+00      0.1524703308E+03      0.2032631406E+01      0.5788695687E-01
0.1620000000E+00      0.1544023234E+03      0.2146753929E+01      0.6019699473E-01
0.1640000000E+00      0.1563357531E+03      0.2265469491E+01      0.6254906528E-01
0.1660000000E+00      0.1582706590E+03      0.2388867929E+01      0.6494248110E-01
0.1680000000E+00      0.1602070801E+03      0.2517038201E+01      0.6737653435E-01
0.1700000000E+00      0.1621450559E+03      0.2650068353E+01      0.6985049967E-01
0.1720000000E+00      0.1640846253E+03      0.2788045718E+01      0.7236870938E-01
0.1740000000E+00      0.1660258286E+03      0.2931055985E+01      0.7492038180E-01
0.1760000000E+00      0.1679687049E+03      0.3079184515E+01      0.7750968841E-01
0.1780000000E+00      0.1699132938E+03      0.3232515425E+01      0.8013583827E-01
0.1800000000E+00      0.1718596352E+03      0.3391131784E+01      0.8279802711E-01
0.1820000000E+00      0.1738077686E+03      0.3555115591E+01      0.8549543782E-01
0.1840000000E+00      0.1757577338E+03      0.3724547754E+01      0.8822724247E-01
0.1860000000E+00      0.1777095706E+03      0.3899508068E+01      0.9099260214E-01
0.1880000000E+00      0.1796633187E+03      0.4080075199E+01      0.9379066874E-01
0.1900000000E+00      0.1816190178E+03      0.4266326667E+01      0.9662058607E-01
0.1920000000E+00      0.1835767076E+03      0.4458338828E+01      0.9948149067E-01
0.1940000000E+00      0.1855364278E+03      0.4656186864E+01      0.1023725130E+00
0.1960000000E+00      0.1874982180E+03      0.4859944768E+01      0.1052927785E+00
0.1980000000E+00      0.1894621178E+03      0.5069685338E+01      0.1082361386E+00
0.2000000000E+00      0.1914281666E+03      0.5285480157E+01      0.1112121100E+00
0.2020000000E+00      0.1933964039E+03      0.5507399597E+01      0.1142146784E+00
0.2040000000E+00      0.1953668689E+03      0.5735512807E+01      0.1172429587E+00
0.2060000000E+00      0.1973396009E+03      0.5969887708E+01      0.1202960653E+00
0.2080000000E+00      0.1993146390E+03      0.6210590989E+01      0.1233731135E+00
0.2100000000E+00      0.2012920222E+03      0.6457688102E+01      0.1264732197E+00
0.2120000000E+00      0.2032717893E+03      0.6711243266E+01      0.1295955026E+00
0.2140000000E+00      0.2052539791E+03      0.6971319460E+01      0.1327390839E+00
0.2160000000E+00      0.2072386301E+03      0.7237978427E+01      0.1359030888E+00
0.2180000000E+00      0.2092257809E+03      0.7511280677E+01      0.1390866472E+00
0.2200000000E+00      0.2112154697E+03      0.7791285486E+01      0.1422888939E+00
0.2220000000E+00      0.2132077346E+03      0.8078050899E+01      0.1455089694E+00
0.2240000000E+00      0.2152026136E+03      0.8371633740E+01      0.1487460205E+00
0.2260000000E+00      0.2172001445E+03      0.8672089610E+01      0.1519992012E+00
0.2280000000E+00      0.2192003648E+03      0.8979472899E+01      0.1552676727E+00
0.2300000000E+00      0.2212033120E+03      0.9293836789E+01      0.1585506042E+00
0.2320000000E+00      0.2232090233E+03      0.9615233263E+01      0.1618471734E+00
0.2340000000E+00      0.2252175357E+03      0.9943713113E+01      0.1651565670E+00
0.2360000000E+00      0.2272288860E+03      0.1027932595E+02      0.1684779809E+00
0.2380000000E+00      0.2292431104E+03      0.1062212038E+02      0.1718153464E+00
0.2400000000E+00      0.2312602462E+03      0.1097214334E+02      0.1751585062E+00
0.2420000000E+00      0.2332803290E+03      0.1132944110E+02      0.1785113343E+00
0.2440000000E+00      0.2353033948E+03      0.1169405866E+02      0.1818730679E+00
0.2460000000E+00      0.2373294794E+03      0.1206603985E+02      0.1852429550E+00
0.2480000000E+00      0.2393586183E+03      0.1244542742E+02      0.1886202552E+00
0.2500000000E+00      0.2413908467E+03      0.1283226298E+02      0.1920042394E+00
0.2520000000E+00      0.2434261997E+03      0.1322658705E+02      0.1953941903E+00
0.2540000000E+00      0.2454647121E+03      0.1362843909E+02      0.1987894029E+00
0.2560000000E+00      0.2475064183E+03      0.1403785748E+02      0.2021813705E+00
0.2580000000E+00      0.2495513528E+03      0.1445487953E+02      0.2055848625E+00
0.2600000000E+00      0.2515995495E+03      0.1487954153E+02      0.2089915723E+00
0.2620000000E+00      0.2536510424E+03      0.1531187874E+02      0.2124008441E+00
0.2640000000E+00      0.2557058648E+03      0.1575192538E+02      0.2158120348E+00
0.2660000000E+00      0.2577640503E+03      0.1619971471E+02      0.2192245137E+00
0.2680000000E+00      0.2598256317E+03      0.1665527897E+02      0.2226376631E+00
0.2700000000E+00      0.2618906419E+03      0.1711864945E+02      0.2260508782E+00
0.2720000000E+00      0.2639591135E+03      0.1758985647E+02      0.2294635667E+00
0.2740000000E+00      0.2660310787E+03      0.1806892942E+02      0.2328751494E+00
0.2760000000E+00      0.2681065695E+03      0.1855589675E+02      0.2362850597E+00
0.2780000000E+00      0.2701856177E+03      0.1905078601E+02      0.2396927440E+00
0.2800000000E+00      0.2722682549E+03      0.1955362383E+02      0.2430976614E+00
0.2820000000E+00      0.2743545121E+03      0.2006443598E+02      0.2464992837E+00
0.2840000000E+00      0.2764444204E+03      0.2058324734E+02      0.2498970956E+00
0.2860000000E+00      0.2785380106E+03      0.2111008195E+02      0.2532905940E+00
0.2880000000E+00      0.2806353130E+03      0.2164496300E+02      0.2566792889E+00
0.2900000000E+00      0.2827363578E+03      0.2218791286E+02      0.2600627024E+00
0.2920000000E+00      0.2848411749E+03      0.2273895308E+02      0.2634403691E+00
0.2940000000E+00      0.2869497940E+03      0.2329810441E+02      0.2668118358E+00
0.2960000000E+00      0.2890622445E+03      0.2386538684E+02      0.2701766618E+00
0.2980000000E+00      0.2911785555E+03      0.2444081956E+02      0.2735344182E+00
0.3000000000E+00      0.2932987558E+03      0.2502442103E+02      0.2768846882E+00
0.3020000000E+00      0.2954228740E+03      0.2561620896E+02      0.2802270667E+00
0.3040000000E+00      0.2975509385E+03      0.2621620033E+02      0.2835611603E+00
0.3060000000E+00      0.2996829771E+03      0.2682441144E+02      0.2868947303E+00
0.3080000000E+00      0.3018190180E+03      0.2744085779E+02      0.2902067349E+00
0.3100000000E+00      0.3039590886E+03      0.2806555430E+02      0.2935137986E+00
0.3120000000E+00      0.3061032160E+03      0.2869851519E+02      0.2968111183E+00
0.3140000000E+00      0.3082514274E+03      0.2933975399E+02      0.3000983573E+00
0.3160000000E+00      0.3104037495E+03      0.2998928363E+02      0.3033751896E+00
0.3180000000E+00      0.3125602088E+03      0.3064711637E+02      0.3066412999E+00
0.3200000000E+00      0.3147208315E+03      0.3131326387E+02      0.3098963836E+00
0.3220000000E+00      0.3168856436E+03      0.3198773716E+02      0.3131401465E+00
0.3240000000E+00      0.3190546709E+03      0.3267054671E+02      0.3163723044E+00
0.3260000000E+00      0.3212279387E+03      0.3336170237E+02      0.3195925834E+00
0.3280000000E+00      0.3234054724E+03      0.3406121346E+02      0.3228007194E+00
0.3300000000E+00      0.3255872968E+03      0.3476908870E+02      0.3259964582E+00
0.3320000000E+00      0.3277734368E+03      0.3548533630E+02      0.3291795550E+00
0.3340000000E+00      0.3299639167E+03      0.3620996391E+02      0.3323497746E+00
0.3360000000E+00      0.3321587607E+03      0.3694297868E+02      0.3355068908E+00
0.3380000000E+00      0.3343579930E+03      0.3768438723E+02      0.3386506869E+00
0.3400000000E+00      0.3365616370E+03      0.3843419569E+02      0.3417809547E+00
0.3420000000E+00      0.3387697164E+03      0.3919240971E+02      0.3448974949E+00
0.3440000000E+00      0.3409822544E+03      0.3995903445E+02      0.3480001170E+00
0.3460000000E+00      0.3431992739E+03      0.4073407461E+02      0.3510886386E+00
0.3480000000E+00      0.3454207978E+03      0.4151753444E+02      0.3541628858E+00
0.3500000000E+00      0.3476468484E+03      0.4230941773E+02      0.3572226928E+00
0.3520000000E+00      0.3498774482E+03      0.4310972785E+02      0.3602679015E+00
0.3540000000E+00      0.3521126191E+03      0.4391846774E+02      0.3632983617E+00
0.3560000000E+00      0.3543523830E+03      0.4473563994E+02      0.3663139310E+00
0.3580000000E+00      0.3565967614E+03      0.4556124657E+02      0.3693144741E+00
0.3600000000E+00      0.3588457756E+03      0.4639528937E+02      0.3722998633E+00
0.3620000000E+00      0.3610994469E+03      0.4723776968E+02      0.3752699778E+00
0.3640000000E+00      0.3633577960E+03      0.4808868848E+02      0.3782247039E+00
0.3660000000E+00      0.3656208437E+03      0.4894804638E+02      0.3811639347E+00
0.3680000000E+00      0.3678886103E+03      0.4981584365E+02      0.3840875699E+00
0.3700000000E+00      0.3701611162E+03      0.5069208017E+02      0.3869955158E+00
0.3720000000E+00      0.3724383813E+03      0.5157675555E+02      0.3898876849E+00
0.3740000000E+00      0.3747204253E+03      0.5246986900E+02      0.3927639961E+00
0.3760000000E+00      0.3770072679E+03      0.5337141947E+02      0.3956243742E+00
0.3780000000E+00      0.3792989284E+03      0.5428140557E+02      0.3984687500E+00
0.3800000000E+00      0.3815954259E+03      0.5519982560E+02      0.4012970655E+00
0.3820000000E+00      0.3838967794E+03      0.5612667759E+02      0.4041092520E+00
0.3840000000E+00      0.3862030076E+03      0.5706195926E+02      0.4069052624E+00
0.3860000000E+00      0.3885141290E+03      0.5800566808E+02      0.4096850498E+00
0.3880000000E+00      0.3908301618E+03      0.5895780121E+02      0.4124485723E+00
0.3900000000E+00      0.3931511243E+03      0.5991835559E+02      0.4151957931E+00
0.3920000000E+00      0.3954770342E+03      0.6088732788E+02      0.4179266803E+00
0.3940000000E+00      0.3978079094E+03      0.6186471449E+02      0.4206412068E+00
0.3960000000E+00      0.4001437672E+03      0.6285051161E+02      0.4233393504E+00
0.3980000000E+00      0.4024846250E+03      0.6384471517E+02      0.4260210930E+00
0.4000000000E+00      0.4048304999E+03      0.6484732090E+02      0.4286864213E+00
0.4020000000E+00      0.4071814088E+03      0.6585832428E+02      0.4313353260E+00
0.4040000000E+00      0.4095373685E+03      0.6687772062E+02      0.4339678021E+00
0.4060000000E+00      0.4118983954E+03      0.6790550498E+02      0.4365838486E+00
0.4080000000E+00      0.4142645059E+03      0.6894167226E+02      0.4391834684E+00
0.4100000000E+00      0.4166357162E+03      0.6998621713E+02      0.4417666682E+00
0.4120000000E+00      0.4190120423E+03      0.7103913410E+02      0.4443334585E+00
0.4140000000E+00      0.4213934999E+03      0.7210041749E+02      0.4468838531E+00
0.4160000000E+00      0.4237801046E+03      0.7317006144E+02      0.4494178696E+00
0.4180000000E+00      0.4261718720E+03      0.7424805994E+02      0.4519355286E+00
0.4200000000E+00      0.4285688172E+03      0.7533440679E+02      0.4544368543E+00
0.4220000000E+00      0.4309709553E+03      0.7642909565E+02      0.4569218737E+00
0.4240000000E+00      0.4333783013E+03      0.7753212003E+02      0.4593906170E+00
0.4260000000E+00      0.4357908698E+03      0.7864347329E+02      0.4618431174E+00
0.4280000000E+00      0.4382086755E+03      0.7976314865E+02      0.4642794107E+00
0.4300000000E+00      0.4406317328E+03      0.8089113918E+02      0.4666995356E+00
0.4320000000E+00      0.4430600558E+03      0.8202743784E+02      0.4691035335E+00
0.4340000000E+00      0.4454936587E+03      0.8317203745E+02      0.4714914482E+00
0.4360000000E+00      0.4479325553E+03      0.8432493072E+02      0.4738633260E+00
0.4380000000E+00      0.4503767594E+03      0.8548611023E+02      0.4762192156E+00
0.4400000000E+00      0.4528262846E+03      0.8665556847E+02      0.4785591678E+00
0.4420000000E+00      0.4552811443E+03      0.8783329779E+02      0.4808832359E+00
0.4440000000E+00      0.4577413519E+03      0.8901929047E+02      0.4831914751E+00
0.4460000000E+00      0.4602069202E+03      0.9021353868E+02      0.4854839425E+00
0.4480000000E+00      0.4626778625E+03      0.9141603449E+02      0.4877606974E+00
0.4500000000E+00      0.4651541914E+03      0.9262676988E+02      0.4900218009E+00
0.4520000000E+00      0.4676359197E+03      0.9384573676E+02      0.4922673156E+00
0.4540000000E+00      0.4701230598E+03      0.9507292693E+02      0.4944973063E+00
0.4560000000E+00      0.4726156241E+03      0.9630833214E+02      0.4967118391E+00
0.4580000000E+00      0.4751136249E+03      0.9755194404E+02      0.4989109816E+00
0.4600000000E+00      0.4776170741E+03      0.9880375424E+02      0.5010948032E+00
0.4620000000E+00      0.4801259839E+03      0.1000637543E+03      0.5032633745E+00
0.4640000000E+00      0.4826403658E+03      0.1013319356E+03      0.5054167743E+00
0.4660000000E+00      0.4851602317E+03      0.1026082895E+03      0.5075550623E+00
0.4680000000E+00      0.4876855930E+03      0.1038928075E+03      0.5096783198E+00
0.4700000000E+00      0.4902164611E+03      0.1051854808E+03      0.5117866225E+00
0.4720000000E+00      0.4927528473E+03      0.1064863007E+03      0.5138800474E+00
0.4740000000E+00      0.4952947627E+03      0.1077952583E+03      0.5159586721E+00
0.4760000000E+00      0.4978422182E+03      0.1091123448E+03      0.5180225756E+00
0.4780000000E+00      0.5003952248E+03      0.1104375514E+03      0.5200718377E+00
0.4800000000E+00      0.5029537931E+03      0.1117708689E+03      0.5221065391E+00
0.4820000000E+00      0.5055179338E+03      0.1131122886E+03      0.5241267612E+00
0.4840000000E+00      0.5080876573E+03      0.1144618014E+03      0.5261325863E+00
0.4860000000E+00      0.5106629741E+03      0.1158193982E+03      0.5281240975E+00
0.4880000000E+00      0.5132438943E+03      0.1171850701E+03      0.5301013785E+00
0.4900000000E+00      0.5158304280E+03      0.1185588078E+03      0.5320645135E+00
0.4920000000E+00      0.5184225852E+03      0.1199406023E+03      0.5340135876E+00
0.4940000000E+00      0.5210203758E+03      0.1213304446E+03      0.5359486861E+00
0.4960000000E+00      0.5236238097E+03      0.1227283253E+03      0.5378698950E+00
0.4980000000E+00      0.5262328963E+03      0.1241342353E+03      0.5397773009E+00
0.5000000000E+00      0.5288476452E+03      0.1255481656E+03      0.5416709904E+00
0.5020000000E+00      0.5314680659E+03      0.1269701067E+03      0.5435510510E+00
0.5040000000E+00      0.5340941676E+03      0.1284000497E+03      0.5454175700E+00
0.5060000000E+00      0.5367259595E+03      0.1298379852E+03      0.5472706355E+00
0.5080000000E+00      0.5393634508E+03      0.1312839040E+03      0.5491103355E+00
0.5100000000E+00      0.5420066503E+03      0.1327377969E+03      0.5509367585E+00
0.5120000000E+00      0.5446555670E+03      0.1341996546E+03      0.5527499931E+00
0.5140000000E+00      0.5473102096E+03      0.1356694680E+03      0.5545501279E+00
0.5160000000E+00      0.5499705868E+03      0.1371472278E+03      0.5563372520E+00
0.5180000000E+00      0.5526367072E+03      0.1386329248E+03      0.5581114543E+00
0.5200000000E+00      0.5553085791E+03      0.1401265497E+03      0.5598728239E+00
0.5220000000E+00      0.5579862109E+03      0.1416280933E+03      0.5616214499E+00
0.5240000000E+00      0.5606696110E+03      0.1431375464E+03      0.5633574216E+00
0.5260000000E+00      0.5633587873E+03      0.1446548998E+03      0.5650808280E+00
0.5280000000E+00      0.5660537481E+03      0.1461801444E+03      0.5667917584E+00
0.5300000000E+00      0.5687545013E+03      0.1477132708E+03      0.5684903019E+00
0.5320000000E+00      0.5714610547E+03      0.1492542700E+03      0.5701765473E+00
0.5340000000E+00      0.5741734161E+03      0.1508031327E+03      0.5718505837E+00
0.5360000000E+00      0.5768915932E+03      0.1523598499E+03      0.5735124999E+00
0.5380000000E+00      0.5796155935E+03      0.1539244124E+03      0.5751623844E+00
0.5400000000E+00      0.5823454247E+03      0.1554968110E+03      0.5768003259E+00
0.5420000000E+00      0.5850810940E+03      0.1570770368E+03      0.5784264126E+00
0.5440000000E+00      0.5878226089E+03      0.1586650805E+03      0.5800407326E+00
0.5460000000E+00      0.5905699765E+03      0.1602609331E+03      0.5816433739E+00
0.5480000000E+00      0.5933232040E+03      0.1618645857E+03      0.5832344240E+00
0.5500000000E+00      0.5960822985E+03      0.1634760291E+03      0.5848139705E+00
0.5520000000E+00      0.5988472669E+03      0.1650952545E+03      0.5863821005E+00
0.5540000000E+00      0.6016181161E+03      0.1667222527E+03      0.5879389008E+00
0.5560000000E+00      0.6043948530E+03      0.1683570149E+03      0.5894844580E+00
0.5580000000E+00      0.6071774843E+03      0.1699995321E+03      0.5910188583E+00
0.5600000000E+00      0.6099660166E+03      0.1716497954E+03      0.5925421878E+00
0.5620000000E+00      0.6127604566E+03      0.1733077961E+03      0.5940545373E+00
0.5640000000E+00      0.6155608106E+03      0.1749735251E+03      0.5955559815E+00
0.5660000000E+00      0.6183670852E+03      0.1766469738E+03      0.5970466105E+00
0.5680000000E+00      0.6211792866E+03      0.1783281332E+03      0.5985265088E+00
0.5700000000E+00      0.6239974212E+03      0.1800169948E+03      0.5999957607E+00
0.5720000000E+00      0.6268214951E+03      0.1817135496E+03      0.6014544499E+00
0.5740000000E+00      0.6296515145E+03      0.1834177891E+03      0.6029026597E+00
0.5760000000E+00      0.6324874853E+03      0.1851297046E+03      0.6043404731E+00
0.5780000000E+00      0.6353294136E+03      0.1868492873E+03      0.6057679726E+00
0.5800000000E+00      0.6381773052E+03      0.1885765288E+03      0.6071852402E+00
0.5820000000E+00      0.6410311661E+03      0.1903114204E+03      0.6085923576E+00
0.5840000000E+00      0.6438910019E+03      0.1920539537E+03      0.6099894061E+00
0.5860000000E+00      0.6467568184E+03      0.1938041200E+03      0.6113764664E+00
0.5880000000E+00      0.6496286211E+03      0.1955619110E+03      0.6127536189E+00
0.5900000000E+00      0.6525064157E+03      0.1973273181E+03      0.6141209433E+00
0.5920000000E+00      0.6553902076E+03      0.1991003330E+03      0.6154785191E+00
0.5940000000E+00      0.6582800022E+03      0.2008809474E+03      0.6168264251E+00
0.5960000000E+00      0.6611758049E+03      0.2026691528E+03      0.6181647399E+00
0.5980000000E+00      0.6640776211E+03      0.2044649409E+03      0.6194935413E+00
0.6000000000E+00      0.6669854559E+03      0.2062683036E+03      0.6208129069E+00
0.6020000000E+00      0.6698993146E+03      0.2080792326E+03      0.6221229135E+00
0.6040000000E+00      0.6728192021E+03      0.2098977197E+03      0.6234236378E+00
0.6060000000E+00      0.6757451237E+03      0.2117237567E+03      0.6247151556E+00
0.6080000000E+00      0.6786770842E+03      0.2135573355E+03      0.6259975425E+00
0.6100000000E+00      0.6816150886E+03      0.2153984480E+03      0.6272708735E+00
0.6120000000E+00      0.6845591418E+03      0.2172470863E+03      0.6285352229E+00
0.6140000000E+00      0.6875092485E+03      0.2191032422E+03      0.6297906649E+00
0.6160000000E+00      0.6904654136E+03      0.2209669078E+03      0.6310372728E+00
0.6180000000E+00      0.6934276418E+03      0.2228380752E+03      0.6322751196E+00
0.6200000000E+00      0.6963959376E+03      0.2247167365E+03      0.6335042778E+00
0.6220000000E+00      0.6993703057E+03      0.2266028839E+03      0.6347248192E+00
0.6240000000E+00      0.7023507506E+03      0.2284965094E+03      0.6359368153E+00
0.6260000000E+00      0.7053372768E+03      0.2303976054E+03      0.6371403369E+00
0.6280000000E+00      0.7083298887E+03      0.2323061640E+03      0.6383354545E+00
0.6300000000E+00      0.7113285907E+03      0.2342221777E+03      0.6395222379E+00
0.6320000000E+00      0.7143333871E+03      0.2361456386E+03      0.6407007563E+00
0.6340000000E+00      0.7173442821E+03      0.2380765393E+03      0.6418710787E+00
0.6360000000E+00      0.7203612801E+03      0.2400148720E+03      0.6430332734E+00
0.6380000000E+00      0.7233843851E+03      0.2419606293E+03      0.6441874080E+00
0.6400000000E+00      0.7264136013E+03      0.2439138037E+03      0.6453335500E+00
0.6420000000E+00      0.7294489327E+03      0.2458743876E+03      0.6464717660E+00
0.6440000000E+00      0.7324903834E+03      0.2478423737E+03      0.6476021222E+00
0.6460000000E+00      0.7355379574E+03      0.2498177545E+03      0.6487246844E+00
0.6480000000E+00      0.7385916585E+03      0.2518005227E+03      0.6498395178E+00
0.6500000000E+00      0.7416514906E+03      0.2537906710E+03      0.6509466870E+00
0.6520000000E+00      0.7447174577E+03      0.2557881920E+03      0.6520462563E+00
0.6540000000E+00      0.7477895634E+03      0.2577930786E+03      0.6531382892E+00
0.6560000000E+00      0.7508678115E+03      0.2598053236E+03      0.6542228491E+00
0.6580000000E+00      0.7539522057E+03      0.2618249197E+03      0.6552999984E+00
0.6600000000E+00      0.7570427496E+03      0.2638518600E+03      0.6563697994E+00
0.6620000000E+00      0.7601394469E+03      0.2658861371E+03      0.6574323136E+00
0.6640000000E+00      0.7632423011E+03      0.2679277443E+03      0.6584876021E+00
0.6660000000E+00      0.7663513158E+03      0.2699766743E+03      0.6595357257E+00
0.6680000000E+00      0.7694664944E+03      0.2720329203E+03      0.6605767445E+00
0.6700000000E+00      0.7725878404E+03      0.2740964753E+03      0.6616107180E+00
0.6720000000E+00      0.7757153571E+03      0.2761673325E+03      0.6626377055E+00
0.6740000000E+00      0.7788490480E+03      0.2782454849E+03      0.6636577655E+00
0.6760000000E+00      0.7819889163E+03      0.2803309258E+03      0.6646709562E+00
0.6780000000E+00      0.7851349653E+03      0.2824236484E+03      0.6656773352E+00
0.6800000000E+00      0.7882871983E+03      0.2845236459E+03      0.6666769598E+00
0.6820000000E+00      0.7914456184E+03      0.2866309116E+03      0.6676698867E+00
0.6840000000E+00      0.7946102288E+03      0.2887454389E+03      0.6686561752E+00
0.6860000000E+00      0.7977810327E+03      0.2908672211E+03      0.6696358747E+00
0.6880000000E+00      0.8009580331E+03      0.2929962517E+03      0.6706090436E+00
0.6900000000E+00      0.8041412330E+03      0.2951325241E+03      0.6715757367E+00
0.6920000000E+00      0.8073306355E+03      0.2972760317E+03      0.6725360083E+00
0.6940000000E+00      0.8105262436E+03      0.2994267682E+03      0.6734899124E+00
0.6960000000E+00      0.8137280602E+03      0.3015847270E+03      0.6744375021E+00
0.6980000000E+00      0.8169360882E+03      0.3037499018E+03      0.6753788306E+00
0.7000000000E+00      0.8201503305E+03      0.3059222861E+03      0.6763139503E+00
0.7020000000E+00      0.8233707898E+03      0.3081018737E+03      0.6772429130E+00
0.7040000000E+00      0.8265974691E+03      0.3102886583E+03      0.6781657705E+00
0.7060000000E+00      0.8298303710E+03      0.3124826336E+03      0.6790825737E+00
0.7080000000E+00      0.8330694983E+03      0.3146837933E+03      0.6799933735E+00
0.7100000000E+00      0.8363148538E+03      0.3168921314E+03      0.6808982198E+00
0.7120000000E+00      0.8395664400E+03      0.3191076416E+03      0.6817971626E+00
0.7140000000E+00      0.8428242596E+03      0.3213303178E+03      0.6826902512E+00
0.7160000000E+00      0.8460883152E+03      0.3235601540E+03      0.6835775344E+00
0.7180000000E+00      0.8493586094E+03      0.3257971441E+03      0.6844590607E+00
0.7200000000E+00      0.8526351448E+03      0.3280412820E+03      0.6853348781E+00
0.7220000000E+00      0.8559179237E+03      0.3302925619E+03      0.6862050343E+00
0.7240000000E+00      0.8592069488E+03      0.3325509779E+03      0.6870695764E+00
0.7260000000E+00      0.8625022225E+03      0.3348165238E+03      0.6879285511E+00
0.7280000000E+00      0.8658037471E+03      0.3370891941E+03      0.6887820049E+00
0.7300000000E+00      0.8691115251E+03      0.3393689827E+03      0.6896299837E+00
0.7320000000E+00      0.8724255589E+03      0.3416558839E+03      0.6904725330E+00
0.7340000000E+00      0.8757458507E+03      0.3439498919E+03      0.6913096978E+00
0.7360000000E+00      0.8790724030E+03      0.3462510010E+03      0.6921415230E+00
0.7380000000E+00      0.8824052178E+03      0.3485592055E+03      0.6929680527E+00
0.7400000000E+00      0.8857442976E+03      0.3508744998E+03      0.6937893310E+00
0.7420000000E+00      0.8890896445E+03      0.3531968781E+03      0.6946054014E+00
0.7440000000E+00      0.8924412607E+03      0.3555263350E+03      0.6954163069E+00
0.7460000000E+00      0.8957991484E+03      0.3578628648E+03      0.6962220903E+00
0.7480000000E+00      0.8991633097E+03      0.3602064621E+03      0.6970227939E+00
0.7500000000E+00      0.9025337468E+03      0.3625571213E+03      0.6978184598E+00
0.7520000000E+00      0.9059104617E+03      0.3649148369E+03      0.6986091295E+00
0.7540000000E+00      0.9092934565E+03      0.3672796036E+03      0.6993948442E+00
0.7560000000E+00      0.9126827333E+03      0.3696514159E+03      0.7001756447E+00
0.7580000000E+00      0.9160782940E+03      0.3720302685E+03      0.7009515716E+00
0.7600000000E+00      0.9194801406E+03      0.3744161561E+03      0.7017226650E+00
0.7620000000E+00      0.9228882751E+03      0.3768090732E+03      0.7024889645E+00
0.7640000000E+00      0.9263026995E+03      0.3792090148E+03      0.7032505096E+00
0.7660000000E+00      0.9297234156E+03      0.3816159754E+03      0.7040073393E+00
0.7680000000E+00      0.9331504254E+03      0.3840299500E+03      0.7047594922E+00
0.7700000000E+00      0.9365837307E+03      0.3864509334E+03      0.7055070067E+00
0.7720000000E+00      0.9400233334E+03      0.3888789203E+03      0.7062499207E+00
0.7740000000E+00      0.9434692352E+03      0.3913139057E+03      0.7069882719E+00
0.7760000000E+00      0.9469214380E+03      0.3937558846E+03      0.7077220975E+00
0.7780000000E+00      0.9503799436E+03      0.3962048518E+03      0.7084514345E+00
0.7800000000E+00      0.9538447538E+03      0.3986608023E+03      0.7091763195E+00
0.7820000000E+00      0.9573158701E+03      0.4011237312E+03      0.7098967887E+00
0.7840000000E+00      0.9607932945E+03      0.4035936335E+03      0.7106128782E+00
0.7860000000E+00      0.9642770285E+03      0.4060705042E+03      0.7113246235E+00
0.7880000000E+00      0.9677670738E+03      0.4085543385E+03      0.7120320599E+00
0.7900000000E+00      0.9712634321E+03      0.4110451314E+03      0.7127352223E+00
0.7920000000E+00      0.9747661051E+03      0.4135428782E+03      0.7134341455E+00
0.7940000000E+00      0.9782750942E+03      0.4160475740E+03      0.7141288638E+00
0.7960000000E+00      0.9817904012E+03      0.4185592141E+03      0.7148194111E+00
0.7980000000E+00      0.9853120275E+03      0.4210777936E+03      0.7155058212E+00
0.8000000000E+00      0.9888399747E+03      0.4236033079E+03      0.7161881275E+00
0.8020000000E+00      0.9923742444E+03      0.4261357523E+03      0.7168663631E+00
0.8040000000E+00      0.9959148380E+03      0.4286751220E+03      0.7175405607E+00
0.8060000000E+00      0.9994617571E+03      0.4312214125E+03      0.7182107530E+00
0.8080000000E+00      0.1003015003E+04      0.4337746192E+03      0.7188769720E+00
0.8100000000E+00      0.1006574578E+04      0.4363347374E+03      0.7195392498E+00
0.8120000000E+00      0.1010140482E+04      0.4389017626E+03      0.7201976178E+00
0.8140000000E+00      0.1013712717E+04      0.4414756902E+03      0.7208521075E+00
0.8160000000E+00      0.1017291285E+04      0.4440565159E+03      0.7215027498E+00
0.8180000000E+00      0.1020876187E+04      0.4466442350E+03      0.7221495756E+00
0.8200000000E+00      0.1024467425E+04      0.4492388431E+03      0.7227926153E+00
0.8220000000E+00      0.1028064999E+04      0.4518403359E+03      0.7234318990E+00
0.8240000000E+00      0.1031668911E+04      0.4544487089E+03      0.7240674569E+00
0.8260000000E+00      0.1035279162E+04      0.4570639577E+03      0.7246993184E+00
0.8280000000E+00      0.1038895754E+04      0.4596860781E+03      0.7253275130E+00
0.8300000000E+00      0.1042518689E+04      0.4623150656E+03      0.7259520698E+00
0.8320000000E+00      0.1046147966E+04      0.4649509161E+03      0.7265730176E+00
0.8340000000E+00      0.1049783587E+04      0.4675936252E+03      0.7271903851E+00
0.8360000000E+00      0.1053425555E+04      0.4702431887E+03      0.7278042005E+00
0.8380000000E+00      0.1057073869E+04      0.4728996025E+03      0.7284144919E+00
0.8400000000E+00      0.1060728531E+04      0.4755628622E+03      0.7290212871E+00
0.8420000000E+00      0.1064389543E+04      0.4782329638E+03      0.7296246138E+00
0.8440000000E+00      0.1068056904E+04      0.4809099031E+03      0.7302244992E+00
0.8460000000E+00      0.1071730618E+04      0.4835936760E+03      0.7308209721E+00
0.8480000000E+00      0.1075410684E+04      0.4862842784E+03      0.7314140558E+00
0.8500000000E+00      0.1079097104E+04      0.4889817062E+03      0.7320037787E+00
0.8520000000E+00      0.1082789879E+04      0.4916859555E+03      0.7325901671E+00
0.8540000000E+00      0.1086489010E+04      0.4943970222E+03      0.7331732471E+00
0.8560000000E+00      0.1090194497E+04      0.4971149023E+03      0.7337530445E+00
0.8580000000E+00      0.1093906344E+04      0.4998395919E+03      0.7343295850E+00
0.8600000000E+00      0.1097624549E+04      0.5025710869E+03      0.7349028940E+00
0.8620000000E+00      0.1101349114E+04      0.5053093836E+03      0.7354729966E+00
0.8640000000E+00      0.1105080041E+04      0.5080544780E+03      0.7360399178E+00
0.8660000000E+00      0.1108817330E+04      0.5108063662E+03      0.7366036822E+00
0.8680000000E+00      0.1112560982E+04      0.5135650443E+03      0.7371643144E+00
0.8700000000E+00      0.1116310999E+04      0.5163305087E+03      0.7377218386E+00
0.8720000000E+00      0.1120067380E+04      0.5191027554E+03      0.7382762789E+00
0.8740000000E+00      0.1123830128E+04      0.5218817807E+03      0.7388276591E+00
0.8760000000E+00      0.1127599243E+04      0.5246675808E+03      0.7393760028E+00
0.8780000000E+00      0.1131374726E+04      0.5274601520E+03      0.7399213334E+00
0.8800000000E+00      0.1135156577E+04      0.5302594906E+03      0.7404636741E+00
0.8820000000E+00      0.1138944799E+04      0.5330655929E+03      0.7410030478E+00
0.8840000000E+00      0.1142739391E+04      0.5358784553E+03      0.7415394774E+00
0.8860000000E+00      0.1146540355E+04      0.5386980740E+03      0.7420729855E+00
0.8880000000E+00      0.1150347692E+04      0.5415244455E+03      0.7426035943E+00
0.8900000000E+00      0.1154161401E+04      0.5443575662E+03      0.7431313261E+00
0.8920000000E+00      0.1157981485E+04      0.5471974325E+03      0.7436562028E+00
0.8940000000E+00      0.1161807944E+04      0.5500440408E+03      0.7441782461E+00
0.8960000000E+00      0.1165640778E+04      0.5528973877E+03      0.7446974778E+00
0.8980000000E+00      0.1169479989E+04      0.5557574695E+03      0.7452139191E+00
0.9000000000E+00      0.1173325578E+04      0.5586242828E+03      0.7457275912E+00
0.9020000000E+00      0.1177177544E+04      0.5614978241E+03      0.7462385151E+00
0.9040000000E+00      0.1181035890E+04      0.5643780900E+03      0.7467467118E+00
0.9060000000E+00      0.1184900615E+04      0.5672650770E+03      0.7472522016E+00
0.9080000000E+00      0.1188771721E+04      0.5701587818E+03      0.7477550052E+00
0.9100000000E+00      0.1192649208E+04      0.5730592009E+03      0.7482551428E+00
0.9120000000E+00      0.1196533077E+04      0.5759663310E+03      0.7487526345E+00
0.9140000000E+00      0.1200423329E+04      0.5788801687E+03      0.7492475000E+00
0.9160000000E+00      0.1204319964E+04      0.5818007107E+03      0.7497397593E+00
0.9180000000E+00      0.1208222982E+04      0.5847279537E+03      0.7502294318E+00
0.9200000000E+00      0.1212132386E+04      0.5876618943E+03      0.7507165370E+00
0.9220000000E+00      0.1216048175E+04      0.5906025294E+03      0.7512010939E+00
0.9240000000E+00      0.1219970350E+04      0.5935498557E+03      0.7516831216E+00
0.9260000000E+00      0.1223898912E+04      0.5965038699E+03      0.7521626391E+00
0.9280000000E+00      0.1227833862E+04      0.5994645688E+03      0.7526396650E+00
0.9300000000E+00      0.1231775199E+04      0.6024319493E+03      0.7531142178E+00
0.9320000000E+00      0.1235722925E+04      0.6054060081E+03      0.7535863159E+00
0.9340000000E+00      0.1239677040E+04      0.6083867421E+03      0.7540559775E+00
0.9360000000E+00      0.1243637545E+04      0.6113741482E+03      0.7545232207E+00
0.9380000000E+00      0.1247604441E+04      0.6143682232E+03      0.7549880633E+00
0.9400000000E+00      0.1251577727E+04      0.6173689641E+03      0.7554505230E+00
0.9420000000E+00      0.1255557405E+04      0.6203763677E+03      0.7559106175E+00
0.9440000000E+00      0.1259543476E+04      0.6233904310E+03      0.7563683642E+00
0.9460000000E+00      0.1263535939E+04      0.6264111510E+03      0.7568237802E+00
0.9480000000E+00      0.1267534796E+04      0.6294385246E+03      0.7572768828E+00
0.9500000000E+00      0.1271540046E+04      0.6324725489E+03      0.7577276888E+00
0.9520000000E+00      0.1275551691E+04      0.6355132207E+03      0.7581762152E+00
0.9540000000E+00      0.1279569731E+04      0.6385605372E+03      0.7586224785E+00
0.9560000000E+00      0.1283594166E+04      0.6416144955E+03      0.7590664953E+00
0.9580000000E+00      0.1287624997E+04      0.6446750924E+03      0.7595082820E+00
0.9600000000E+00      0.1291662225E+04      0.6477423252E+03      0.7599478548E+00
0.9620000000E+00      0.1295705850E+04      0.6508161910E+03      0.7603852297E+00
0.9640000000E+00      0.1299755872E+04      0.6538966867E+03      0.7608204228E+00
0.9660000000E+00      0.1303812292E+04      0.6569838097E+03      0.7612534498E+00
0.9680000000E+00      0.1307875111E+04      0.6600775569E+03      0.7616843264E+00
0.9700000000E+00      0.1311944328E+04      0.6631779257E+03      0.7621130682E+00
0.9720000000E+00      0.1316019945E+04      0.6662849130E+03      0.7625396905E+00
0.9740000000E+00      0.1320101961E+04      0.6693985163E+03      0.7629642086E+00
0.9760000000E+00      0.1324190378E+04      0.6725187326E+03      0.7633866377E+00
0.9780000000E+00      0.1328285196E+04      0.6756455592E+03      0.7638069928E+00
0.9800000000E+00      0.1332386414E+04      0.6787789934E+03      0.7642252887E+00
0.9820000000E+00      0.1336494034E+04      0.6819190323E+03      0.7646415402E+00
0.9840000000E+00      0.1340608056E+04      0.6850656733E+03      0.7650557618E+00
0.9860000000E+00      0.1344728480E+04      0.6882189137E+03      0.7654679682E+00
0.9880000000E+00      0.1348855307E+04      0.6913787508E+03      0.7658781736E+00
0.9900000000E+00      0.1352988537E+04      0.6945451818E+03      0.7662863923E+00
0.9920000000E+00      0.1357128171E+04      0.6977182043E+03      0.7666926384E+00
0.9940000000E+00      0.1361274208E+04      0.7008978154E+03      0.7670969260E+00
0.9960000000E+00      0.1365426650E+04      0.7040840125E+03      0.7674992688E+00
0.9980000000E+00      0.1369585496E+04      0.7072767931E+03      0.7678996807E+00
0.1000000000E+01      0.1373750747E+04      0.7104761546E+03      0.7682981753E+00
0.1002000000E+01      0.1377922404E+04      0.7136820943E+03      0.7686947661E+00
0.1004000000E+01      0.1382100466E+04      0.7168946098E+03      0.7690894666E+00
0.1006000000E+01      0.1386284934E+04      0.7201136983E+03      0.7694822899E+00
0.1008000000E+01      0.1390475809E+04      0.7233393575E+03      0.7698732494E+00
0.1010000000E+01      0.1394673090E+04      0.7265715848E+03      0.7702623580E+00
0.1012000000E+01      0.1398876778E+04      0.7298103776E+03      0.7706496287E+00
0.1014000000E+01      0.1403086873E+04      0.7330557335E+03      0.7710350745E+00
0.1016000000E+01      0.1407303376E+04      0.7363076499E+03      0.7714187079E+00
0.1018000000E+01      0.1411526287E+04      0.7395661245E+03      0.7718005417E+00
0.1020000000E+01      0.1415755606E+04      0.7428311548E+03      0.7721805883E+00
0.1022000000E+01      0.1419991333E+04      0.7461027383E+03      0.7725588602E+00
0.1024000000E+01      0.1424233469E+04      0.7493808726E+03      0.7729353697E+00
0.1026000000E+01      0.1428482014E+04      0.7526655553E+03      0.7733101290E+00
0.1028000000E+01      0.1432736968E+04      0.7559567839E+03      0.7736831501E+00
0.1030000000E+01      0.1436998332E+04      0.7592545562E+03      0.7740544451E+00
0.1032000000E+01      0.1441266106E+04      0.7625588697E+03      0.7744240260E+00
0.1034000000E+01      0.1445540290E+04      0.7658697221E+03      0.7747919044E+00
0.1036000000E+01      0.1449820884E+04      0.7691871111E+03      0.7751580921E+00
0.1038000000E+01      0.1454107888E+04      0.7725110342E+03      0.7755226007E+00
0.1040000000E+01      0.1458401303E+04      0.7758414893E+03      0.7758854416E+00
0.1042000000E+01      0.1462701130E+04      0.7791784739E+03      0.7762466264E+00
0.1044000000E+01      0.1467007367E+04      0.7825219858E+03      0.7766061663E+00
0.1046000000E+01      0.1471320016E+04      0.7858720228E+03      0.7769640724E+00
0.1048000000E+01      0.1475639077E+04      0.7892285825E+03      0.7773203561E+00
0.1050000000E+01      0.1479964549E+04      0.7925916627E+03      0.7776750281E+00
0.1052000000E+01      0.1484296434E+04      0.7959612611E+03      0.7780280996E+00
0.1054000000E+01      0.1488634731E+04      0.7993373756E+03      0.7783795813E+00
0.1056000000E+01      0.1492979440E+04      0.8027200039E+03      0.7787294841E+00
0.1058000000E+01      0.1497330562E+04      0.8061091439E+03      0.7790778185E+00
0.1060000000E+01      0.1501688097E+04      0.8095047932E+03      0.7794245952E+00
0.1062000000E+01      0.1506052045E+04      0.8129069499E+03      0.7797698245E+00
0.1064000000E+01      0.1510422406E+04      0.8163156116E+03      0.7801135179E+00
0.1066000000E+01      0.1514799180E+04      0.8197307763E+03      0.7804556839E+00
0.1068000000E+01      0.1519182368E+04      0.8231524417E+03      0.7807963335E+00
0.1070000000E+01      0.1523571970E+04      0.8265806058E+03      0.7811354770E+00
0.1072000000E+01      0.1527967985E+04      0.8300152665E+03      0.7814731244E+00
0.1074000000E+01      0.1532370415E+04      0.8334564217E+03      0.7818092857E+00
0.1076000000E+01      0.1536779258E+04      0.8369040692E+03      0.7821439707E+00
0.1078000000E+01      0.1541194516E+04      0.8403582069E+03      0.7824771892E+00
0.1080000000E+01      0.1545616189E+04      0.8438188329E+03      0.7828089511E+00
0.1082000000E+01      0.1550044276E+04      0.8472859450E+03      0.7831392660E+00
0.1084000000E+01      0.1554478777E+04      0.8507595413E+03      0.7834681434E+00
0.1086000000E+01      0.1558919694E+04      0.8542396196E+03      0.7837955929E+00
0.1088000000E+01      0.1563367025E+04      0.8577261779E+03      0.7841216237E+00
0.1090000000E+01      0.1567820772E+04      0.8612192143E+03      0.7844462454E+00
0.1092000000E+01      0.1572280934E+04      0.8647187267E+03      0.7847694672E+00
0.1094000000E+01      0.1576747511E+04      0.8682247131E+03      0.7850912982E+00
0.1096000000E+01      0.1581220503E+04      0.8717371716E+03      0.7854117475E+00
0.1098000000E+01      0.1585699911E+04      0.8752561002E+03      0.7857308243E+00
0.1100000000E+01      0.1590185734E+04      0.8787814970E+03      0.7860485374E+00
0.1102000000E+01      0.1594677974E+04      0.8823133599E+03      0.7863648959E+00
0.1104000000E+01      0.1599176629E+04      0.8858516871E+03      0.7866799084E+00
0.1106000000E+01      0.1603681699E+04      0.8893964766E+03      0.7869935837E+00
0.1108000000E+01      0.1608193186E+04      0.8929477265E+03      0.7873059305E+00
0.1110000000E+01      0.1612711089E+04      0.8965054350E+03      0.7876169575E+00
0.1112000000E+01      0.1617235408E+04      0.9000696000E+03      0.7879266731E+00
0.1114000000E+01      0.1621766143E+04      0.9036402198E+03      0.7882350859E+00
0.1116000000E+01      0.1626303294E+04      0.9072172925E+03      0.7885422041E+00
0.1118000000E+01      0.1630846862E+04      0.9108008162E+03      0.7888480363E+00
0.1120000000E+01      0.1635396846E+04      0.9143907890E+03      0.7891525906E+00
0.1122000000E+01      0.1639953246E+04      0.9179872091E+03      0.7894558752E+00
0.1124000000E+01      0.1644516063E+04      0.9215900747E+03      0.7897578984E+00
0.1126000000E+01      0.1649085297E+04      0.9251993839E+03      0.7900586680E+00
0.1128000000E+01      0.1653660947E+04      0.9288151350E+03      0.7903581922E+00
0.1130000000E+01      0.1658243013E+04      0.9324373261E+03      0.7906564789E+00
0.1132000000E+01      0.1662831497E+04      0.9360659554E+03      0.7909535359E+00
0.1134000000E+01      0.1667426397E+04      0.9397010212E+03      0.7912493712E+00
0.1136000000E+01      0.1672027713E+04      0.9433425217E+03      0.7915439923E+00
0.1138000000E+01      0.1676635447E+04      0.9469904552E+03      0.7918374071E+00
0.1140000000E+01      0.1681249597E+04      0.9506448198E+03      0.7921296232E+00
0.1142000000E+01      0.1685870164E+04      0.9543056138E+03      0.7924206480E+00
0.1144000000E+01      0.1690497148E+04      0.9579728355E+03      0.7927104892E+00
0.1146000000E+01      0.1695130549E+04      0.9616464832E+03      0.7929991542E+00
0.1148000000E+01      0.1699770366E+04      0.9653265551E+03      0.7932866504E+00
0.1150000000E+01      0.1704416601E+04      0.9690130496E+03      0.7935729850E+00
0.1152000000E+01      0.1709069252E+04      0.9727059649E+03      0.7938581654E+00
0.1154000000E+01      0.1713728320E+04      0.9764052994E+03      0.7941421989E+00
0.1156000000E+01      0.1718393805E+04      0.9801110513E+03      0.7944250924E+00
0.1158000000E+01      0.1723065707E+04      0.9838232190E+03      0.7947068533E+00
0.1160000000E+01      0.1727744026E+04      0.9875418009E+03      0.7949874884E+00
0.1162000000E+01      0.1732428762E+04      0.9912667953E+03      0.7952670049E+00
0.1164000000E+01      0.1737119914E+04      0.9949982005E+03      0.7955454096E+00
0.1166000000E+01      0.1741817484E+04      0.9987360149E+03      0.7958227094E+00
0.1168000000E+01      0.1746521470E+04      0.1002480237E+04      0.7960989111E+00
0.1170000000E+01      0.1751231873E+04      0.1006230865E+04      0.7963740216E+00
0.1172000000E+01      0.1755948693E+04      0.1009987897E+04      0.7966480475E+00
0.1174000000E+01      0.1760671930E+04      0.1013751332E+04      0.7969209956E+00
0.1176000000E+01      0.1765401583E+04      0.1017521169E+04      0.7971928724E+00
0.1178000000E+01      0.1770137653E+04      0.1021297404E+04      0.7974636845E+00
0.1180000000E+01      0.1774880140E+04      0.1025080038E+04      0.7977334384E+00
0.1182000000E+01      0.1779629044E+04      0.1028869068E+04      0.7980021406E+00
0.1184000000E+01      0.1784384364E+04      0.1032664494E+04      0.7982697975E+00
0.1186000000E+01      0.1789146101E+04      0.1036466312E+04      0.7985364155E+00
0.1188000000E+01      0.1793914254E+04      0.1040274522E+04      0.7988020009E+00
0.1190000000E+01      0.1798688824E+04      0.1044089123E+04      0.7990665599E+00
0.1192000000E+01      0.1803469810E+04      0.1047910112E+04      0.7993300988E+00
0.1194000000E+01      0.1808257213E+04      0.1051737488E+04      0.7995926237E+00
0.1196000000E+01      0.1813051032E+04      0.1055571250E+04      0.7998541409E+00
0.1198000000E+01      0.1817851267E+04      0.1059411397E+04      0.8001146562E+00
0.1200000000E+01      0.1822657919E+04      0.1063257926E+04      0.8003741759E+00
