      Rhob                Epsilon              Pressure               SoundV
0.4730000000E-14      0.4409040000E-11      0.6303830000E-24      0.2528270000E-09
0.4760000000E-14      0.4431480000E-11      0.6303830000E-23      0.3286900000E-09
0.4910000000E-14      0.4571720000E-11      0.6303830000E-22      0.3811090000E-09
0.6990000000E-14      0.6506980000E-11      0.7552120000E-21      0.1661210000E-08
0.9900000000E-14      0.9199530000E-11      0.8737990000E-20      0.4506330000E-08
0.2720000000E-13      0.2529870000E-10      0.1061040000E-18      0.2185710000E-07
0.1270000000E-12      0.1189210000E-09      0.3632510000E-17      0.1280710000E-06
0.6930000000E-12      0.6450890000E-09      0.1185870000E-15      0.6813760000E-06
0.6295000000E-11      0.5856290000E-08      0.6081640000E-14      0.1980100000E-05
0.1581000000E-10      0.1470800000E-07      0.3100740000E-13      0.4121830000E-05
0.3972000000E-10      0.3694960000E-07      0.1517290000E-12      0.7788630000E-05
0.9976000000E-10      0.9278060000E-07      0.7183870000E-12      0.1422460000E-04
0.2506000000E-09      0.2331300000E-06      0.3286730000E-11      0.2500930000E-04
0.6294000000E-09      0.5856290000E-06      0.1446760000E-10      0.4207890000E-04
0.1581000000E-08      0.1470800000E-05      0.6088500000E-10      0.6739699893E-04
0.3972000000E-08      0.3695520000E-05      0.2441020000E-09      0.8516180000E-04
0.5000000000E-08      0.4651930000E-05      0.3282360000E-09      0.1052360000E-03
0.9976000000E-08      0.9283670000E-05      0.8956430000E-09      0.1422520000E-03
0.1990000000E-07      0.1852250000E-04      0.2392340000E-08      0.1863930000E-03
0.3972000000E-07      0.3696080000E-04      0.6278870000E-08      0.2408930000E-03
0.7924000000E-07      0.7376450000E-04      0.1625270000E-07      0.3085620000E-03
0.1581000000E-06      0.1471920000E-03      0.4166770000E-07      0.3417580000E-03
0.1990000000E-06      0.1853370000E-03      0.5453750000E-07      0.3860480000E-03
0.3155000000E-06      0.2937680000E-03      0.1016730000E-06      0.4315500000E-03
0.5000000000E-06      0.4656420000E-03      0.1890530000E-06      0.4889620000E-03
0.6294000000E-06      0.5861890000E-03      0.2577080000E-06      0.5509610000E-03
0.7924000000E-06      0.7382060000E-03      0.3143180000E-06      0.6137740000E-03
0.9976000000E-06      0.9294890000E-03      0.4281610000E-06      0.6540150000E-03
0.1581000000E-05      0.1470000000E-02      0.7939080000E-06      0.7285460000E-03
0.2506000000E-05      0.2340000000E-02      0.1470480000E-05      0.8500470000E-03
0.3972000000E-05      0.3700000000E-02      0.2722510000E-05      0.8906300000E-03
0.5000000000E-05      0.4660000000E-02      0.3533890000E-05      0.9510480000E-03
0.6294000000E-05      0.5870000000E-02      0.4807140000E-05      0.1100000000E-02
0.7924000000E-05      0.7390000000E-02      0.6541010000E-05      0.1180000000E-02
0.9976000000E-05      0.9310000000E-02      0.8894020000E-05      0.1280000000E-02
0.1256000000E-04      0.1172000000E-01      0.1209590000E-04      0.1300000000E-02
0.1581000000E-04      0.1476000000E-01      0.1562230000E-04      0.1320000000E-02
0.1990000000E-04      0.1858000000E-01      0.2124580000E-04      0.1390000000E-02
0.2506000000E-04      0.2340000000E-01      0.2888530000E-04      0.1470000000E-02
0.3155000000E-04      0.2947000000E-01      0.3713020000E-04      0.1550000000E-02
0.3972000000E-04      0.3712000000E-01      0.5048680000E-04      0.1820000000E-02
0.5000000000E-04      0.4674000000E-01      0.6865560000E-04      0.1960000000E-02
0.6294000000E-04      0.5884000000E-01      0.9330920000E-04      0.2110000000E-02
0.7924000000E-04      0.7416000000E-01      0.1268880000E-03      0.2150000000E-02
0.9976000000E-04      0.9334000000E-01      0.1620900000E-03      0.2190000000E-02
0.1105000000E-03      0.1034400000E+00      0.1805020000E-03      0.2220000000E-02
0.1256000000E-03      0.1175700000E+00      0.2053430000E-03      0.2270000000E-02
0.1581000000E-03      0.1480900000E+00      0.2791790000E-03      0.2300000000E-02
0.1990000000E-03      0.1865100000E+00      0.3630010000E-03      0.2350000000E-02
0.2506000000E-03      0.2349200000E+00      0.4704780000E-03      0.2420000000E-02
0.2572000000E-03      0.2411500000E+00      0.4871430000E-03      0.1640000000E-02
0.2670000000E-03      0.2502100000E+00      0.4925360000E-03      0.6323770000E-03
0.3126000000E-03      0.2932300000E+00      0.5213460000E-03      0.6351150000E-03
0.3951000000E-03      0.3707800000E+00      0.5679160000E-03      0.6395500000E-03
0.4759000000E-03      0.4467600000E+00      0.6136960000E-03      0.6456670000E-03
0.5812000000E-03      0.5456200000E+00      0.6758550000E-03      0.6505920000E-03
0.7143000000E-03      0.6709200000E+00      0.7601150000E-03      0.7025890000E-03
0.8786000000E-03      0.8252300000E+00      0.8731850000E-03      0.7646840000E-03
0.1077000000E-02      0.1012500000E+01      0.1020000000E-02      0.8354260000E-03
0.1314000000E-02      0.1235290000E+01      0.1220000000E-02      0.9276850000E-03
0.1748000000E-02      0.1643560000E+01      0.1620000000E-02      0.1000000000E-02
0.2000000000E-02      0.1880850000E+01      0.2000000000E-02      0.1100000000E-02
0.4000000000E-02      0.3764610000E+01      0.4510000000E-02      0.1460000000E-02
0.6000000000E-02      0.5649800000E+01      0.7500000000E-02      0.1680000000E-02
0.8000000000E-02      0.7536070000E+01      0.1086000000E-01      0.1880000000E-02
0.1000000000E-01      0.9423230000E+01      0.1458000000E-01      0.2070000000E-02
0.1200000000E-01      0.1131116000E+02      0.1867000000E-01      0.2280000000E-02
0.1400000000E-01      0.1319982000E+02      0.2318000000E-01      0.2510000000E-02
0.1600000000E-01      0.1508915000E+02      0.2814000000E-01      0.2760000000E-02
0.1800000000E-01      0.1697914000E+02      0.3361000000E-01      0.3040000000E-02
0.2000000000E-01      0.1886976000E+02      0.3965000000E-01      0.3340000000E-02
0.2200000000E-01      0.2076101000E+02      0.4624000000E-01      0.3660000000E-02
0.2400000000E-01      0.2265290000E+02      0.5348000000E-01      0.3990000000E-02
0.2600000000E-01      0.2454541000E+02      0.6133000000E-01      0.4330000000E-02
0.2800000000E-01      0.2643855000E+02      0.6988000000E-01      0.4680000000E-02
0.3000000000E-01      0.2833233000E+02      0.7906000000E-01      0.5030000000E-02
0.3200000000E-01      0.3022674000E+02      0.8895000000E-01      0.5390000000E-02
0.3400000000E-01      0.3212179000E+02      0.9948000000E-01      0.5740000000E-02
0.3600000000E-01      0.3401748000E+02      0.1107200000E+00      0.6090000000E-02
0.3800000000E-01      0.3591381000E+02      0.1225900000E+00      0.6440000000E-02
0.4000000000E-01      0.3781078000E+02      0.1351400000E+00      0.6790000000E-02
0.4200000000E-01      0.3970840000E+02      0.1483400000E+00      0.7110000000E-02
0.4400000000E-01      0.4160666000E+02      0.1621100000E+00      0.7420000000E-02
0.4600000000E-01      0.4350556000E+02      0.1765200000E+00      0.7740000000E-02
0.4800000000E-01      0.4540510000E+02      0.1915000000E+00      0.8040000000E-02
0.5000000000E-01      0.4730528000E+02      0.2070600000E+00      0.8310000000E-02
0.5200000000E-01      0.4920608000E+02      0.2230900000E+00      0.8580000000E-02
0.5400000000E-01      0.5110752000E+02      0.2396900000E+00      0.8870000000E-02
0.5600000000E-01      0.5300958000E+02      0.2568200000E+00      0.9120000000E-02
0.5800000000E-01      0.5491227000E+02      0.2743700000E+00      0.9340000000E-02
0.6000000000E-01      0.5681556000E+02      0.2923800000E+00      0.9690000000E-02
0.6200000000E-01      0.5871946000E+02      0.3101200000E+00      0.1002000000E-01
0.6400000000E-01      0.6062394000E+02      0.3290400000E+00      0.1028000000E-01
0.6600000000E-01      0.6252904000E+02      0.3483400000E+00      0.1069000000E-01
0.6800000000E-01      0.6443473000E+02      0.3679800000E+00      0.1101000000E-01
0.7000000000E-01      0.6616046266E+02      0.4984594696E+00      0.2272245415E-01
0.7200000000E-01      0.6806562661E+02      0.5428820561E+00      0.2388391971E-01
0.7400000000E-01      0.6997205562E+02      0.5895566468E+00      0.2505373936E-01
0.7600000000E-01      0.7187977663E+02      0.6385020897E+00      0.2623118766E-01
0.7800000000E-01      0.7378881564E+02      0.6897360603E+00      0.2741565280E-01
0.8000000000E-01      0.7569919776E+02      0.7432752681E+00      0.2860663106E-01
0.8200000000E-01      0.7761094725E+02      0.7991356529E+00      0.2980372102E-01
0.8400000000E-01      0.7952408755E+02      0.8573325708E+00      0.3100661789E-01
0.8600000000E-01      0.8143864136E+02      0.9178809696E+00      0.3221510762E-01
0.8800000000E-01      0.8335463068E+02      0.9807955546E+00      0.3342906115E-01
0.9000000000E-01      0.8527207683E+02      0.1046090943E+01      0.3464842855E-01
0.9200000000E-01      0.8719100049E+02      0.1113781811E+01      0.3587323347E-01
0.9400000000E-01      0.8911142180E+02      0.1183883024E+01      0.3710356744E-01
0.9600000000E-01      0.9103336033E+02      0.1256409766E+01      0.3833958449E-01
0.9800000000E-01      0.9295683517E+02      0.1331377654E+01      0.3958149558E-01
0.1000000000E+00      0.9488186495E+02      0.1408802841E+01      0.4082956433E-01
0.1020000000E+00      0.9680846788E+02      0.1488702118E+01      0.4208410077E-01
0.1040000000E+00      0.9873666181E+02      0.1571092996E+01      0.4334545733E-01
0.1060000000E+00      0.1006664642E+03      0.1655993790E+01      0.4461402412E-01
0.1080000000E+00      0.1025978923E+03      0.1743423687E+01      0.4589022445E-01
0.1100000000E+00      0.1045309630E+03      0.1833402812E+01      0.4717451064E-01
0.1120000000E+00      0.1064656930E+03      0.1925952284E+01      0.4846736000E-01
0.1140000000E+00      0.1084020984E+03      0.2020943103E+01      0.4916932102E-01
0.1160000000E+00      0.1103401767E+03      0.2116492566E+01      0.4956588421E-01
0.1180000000E+00      0.1122799130E+03      0.2213395763E+01      0.5035904177E-01
0.1200000000E+00      0.1142213064E+03      0.2312059270E+01      0.5127664264E-01
0.1220000000E+00      0.1161643601E+03      0.2412666337E+01      0.5226596553E-01
0.1240000000E+00      0.1181090799E+03      0.2515336411E+01      0.5330600038E-01
0.1260000000E+00      0.1200554729E+03      0.2620160371E+01      0.5438615352E-01
0.1280000000E+00      0.1220035474E+03      0.2727213854E+01      0.5550039363E-01
0.1300000000E+00      0.1239533123E+03      0.2836563569E+01      0.5664503602E-01
0.1320000000E+00      0.1259047777E+03      0.2948270722E+01      0.5781773518E-01
0.1340000000E+00      0.1278579537E+03      0.3062393036E+01      0.5901696744E-01
0.1360000000E+00      0.1298128514E+03      0.3178986033E+01      0.6024174069E-01
0.1380000000E+00      0.1317694822E+03      0.3298103877E+01      0.6149142041E-01
0.1400000000E+00      0.1337278579E+03      0.3419799953E+01      0.6276561956E-01
0.1420000000E+00      0.1356879909E+03      0.3544127275E+01      0.6406412595E-01
0.1440000000E+00      0.1376498937E+03      0.3671138771E+01      0.6538685252E-01
0.1460000000E+00      0.1396135795E+03      0.3800887502E+01      0.6673204527E-01
0.1480000000E+00      0.1415790617E+03      0.3933426805E+01      0.6810333878E-01
0.1500000000E+00      0.1435463541E+03      0.4068810415E+01      0.6949903637E-01
0.1520000000E+00      0.1455154708E+03      0.4207092534E+01      0.7091928357E-01
0.1540000000E+00      0.1474864264E+03      0.4348327896E+01      0.7236424708E-01
0.1560000000E+00      0.1494592357E+03      0.4492571799E+01      0.7383410618E-01
0.1580000000E+00      0.1514339137E+03      0.4639880129E+01      0.7532904612E-01
0.1600000000E+00      0.1534104762E+03      0.4790309373E+01      0.7684925279E-01
0.1620000000E+00      0.1553889386E+03      0.4943916760E+01      0.7839791874E-01
0.1640000000E+00      0.1573693174E+03      0.5100759696E+01      0.7996918550E-01
0.1660000000E+00      0.1593516289E+03      0.5260896592E+01      0.8156624172E-01
0.1680000000E+00      0.1613358899E+03      0.5424386292E+01      0.8318924113E-01
0.1700000000E+00      0.1633221174E+03      0.5591288184E+01      0.8483832372E-01
0.1720000000E+00      0.1653103288E+03      0.5761662186E+01      0.8651361404E-01
0.1740000000E+00      0.1673005417E+03      0.5935568713E+01      0.8821522004E-01
0.1760000000E+00      0.1692927741E+03      0.6113068649E+01      0.8994323197E-01
0.1780000000E+00      0.1712870443E+03      0.6294223319E+01      0.9169772169E-01
0.1800000000E+00      0.1732833706E+03      0.6479094454E+01      0.9347874195E-01
0.1820000000E+00      0.1752817720E+03      0.6667744157E+01      0.9528632592E-01
0.1840000000E+00      0.1772822675E+03      0.6860234871E+01      0.9712048691E-01
0.1860000000E+00      0.1792848763E+03      0.7056629340E+01      0.9898121796E-01
0.1880000000E+00      0.1812896185E+03      0.7256990525E+01      0.1008669225E+00
0.1900000000E+00      0.1832965132E+03      0.7461381771E+01      0.1027806854E+00
0.1920000000E+00      0.1853055809E+03      0.7669866462E+01      0.1047208753E+00
0.1940000000E+00      0.1873168418E+03      0.7882508189E+01      0.1066874038E+00
0.1960000000E+00      0.1893303166E+03      0.8099370662E+01      0.1086801622E+00
0.1980000000E+00      0.1913460261E+03      0.8320517675E+01      0.1106990216E+00
0.2000000000E+00      0.1933639912E+03      0.8546013064E+01      0.1127438336E+00
0.2020000000E+00      0.1953842333E+03      0.8775920677E+01      0.1148144300E+00
0.2040000000E+00      0.1974067738E+03      0.9010304733E+01      0.1169182719E+00
0.2060000000E+00      0.1994316343E+03      0.9249228182E+01      0.1190397767E+00
0.2080000000E+00      0.2014588367E+03      0.9492755083E+01      0.1211864475E+00
0.2100000000E+00      0.2034884031E+03      0.9740948958E+01      0.1233580412E+00
0.2120000000E+00      0.2055203556E+03      0.9993873159E+01      0.1255542973E+00
0.2140000000E+00      0.2075547167E+03      0.1025159084E+02      0.1277749382E+00
0.2160000000E+00      0.2095915091E+03      0.1051416491E+02      0.1300196692E+00
0.2180000000E+00      0.2116307553E+03      0.1078165802E+02      0.1322881799E+00
0.2200000000E+00      0.2136724784E+03      0.1105413251E+02      0.1345801437E+00
0.2220000000E+00      0.2157167013E+03      0.1133165004E+02      0.1368884537E+00
0.2240000000E+00      0.2177634473E+03      0.1161427298E+02      0.1392263633E+00
0.2260000000E+00      0.2198127398E+03      0.1190206225E+02      0.1415866580E+00
0.2280000000E+00      0.2218646021E+03      0.1219507868E+02      0.1439689540E+00
0.2300000000E+00      0.2239190578E+03      0.1249338266E+02      0.1463728547E+00
0.2320000000E+00      0.2259761307E+03      0.1279703413E+02      0.1487979513E+00
0.2340000000E+00      0.2280358444E+03      0.1310609251E+02      0.1512438230E+00
0.2360000000E+00      0.2300982230E+03      0.1342061671E+02      0.1537100380E+00
0.2380000000E+00      0.2321632904E+03      0.1374066506E+02      0.1561961542E+00
0.2400000000E+00      0.2342310706E+03      0.1406629536E+02      0.1587017195E+00
0.2420000000E+00      0.2363015879E+03      0.1439756479E+02      0.1612262723E+00
0.2440000000E+00      0.2383748664E+03      0.1473452993E+02      0.1637693426E+00
0.2460000000E+00      0.2404509303E+03      0.1507724672E+02      0.1663302498E+00
0.2480000000E+00      0.2425298042E+03      0.1542577043E+02      0.1689089677E+00
0.2500000000E+00      0.2446115122E+03      0.1578015569E+02      0.1715047461E+00
0.2520000000E+00      0.2466960790E+03      0.1614045642E+02      0.1741170864E+00
0.2540000000E+00      0.2487835289E+03      0.1650672583E+02      0.1767454840E+00
0.2560000000E+00      0.2508738864E+03      0.1687901643E+02      0.1793894298E+00
0.2580000000E+00      0.2529671762E+03      0.1725737997E+02      0.1820484096E+00
0.2600000000E+00      0.2550634226E+03      0.1764186747E+02      0.1847219058E+00
0.2620000000E+00      0.2571626503E+03      0.1803252919E+02      0.1874093971E+00
0.2640000000E+00      0.2592648839E+03      0.1842941459E+02      0.1901103595E+00
0.2660000000E+00      0.2613701479E+03      0.1883257237E+02      0.1928242668E+00
0.2680000000E+00      0.2634784668E+03      0.1924205044E+02      0.1955505909E+00
0.2700000000E+00      0.2655898653E+03      0.1965789590E+02      0.1982888029E+00
0.2720000000E+00      0.2677043677E+03      0.2008015504E+02      0.2010383726E+00
0.2740000000E+00      0.2698219988E+03      0.2050887334E+02      0.2037989750E+00
0.2760000000E+00      0.2719427828E+03      0.2094409544E+02      0.2065696694E+00
0.2780000000E+00      0.2740667443E+03      0.2138586516E+02      0.2093501329E+00
0.2800000000E+00      0.2761939076E+03      0.2183422549E+02      0.2121398374E+00
0.2820000000E+00      0.2783242971E+03      0.2228921858E+02      0.2149382570E+00
0.2840000000E+00      0.2804579372E+03      0.2275088574E+02      0.2177448673E+00
0.2860000000E+00      0.2825948520E+03      0.2321926745E+02      0.2205591470E+00
0.2880000000E+00      0.2847350658E+03      0.2369440333E+02      0.2233805771E+00
0.2900000000E+00      0.2868786026E+03      0.2417633215E+02      0.2262086424E+00
0.2920000000E+00      0.2890254866E+03      0.2466509185E+02      0.2290428309E+00
0.2940000000E+00      0.2911757418E+03      0.2516071952E+02      0.2318826349E+00
0.2960000000E+00      0.2933293920E+03      0.2566325140E+02      0.2347275508E+00
0.2980000000E+00      0.2954864611E+03      0.2617272291E+02      0.2375770798E+00
0.3000000000E+00      0.2976469729E+03      0.2668916860E+02      0.2404307281E+00
0.3020000000E+00      0.2998109509E+03      0.2721262220E+02      0.2432880068E+00
0.3040000000E+00      0.3019784187E+03      0.2774311661E+02      0.2461484329E+00
0.3060000000E+00      0.3041493999E+03      0.2828068390E+02      0.2490115290E+00
0.3080000000E+00      0.3063239178E+03      0.2882535530E+02      0.2518768237E+00
0.3100000000E+00      0.3085019956E+03      0.2937716125E+02      0.2547438519E+00
0.3120000000E+00      0.3106836565E+03      0.2993613135E+02      0.2576121549E+00
0.3140000000E+00      0.3128689236E+03      0.3050229440E+02      0.2604812808E+00
0.3160000000E+00      0.3150578198E+03      0.3107567840E+02      0.2633507843E+00
0.3180000000E+00      0.3172503679E+03      0.3165631055E+02      0.2662202273E+00
0.3200000000E+00      0.3194465906E+03      0.3224421728E+02      0.2690891788E+00
0.3220000000E+00      0.3216465105E+03      0.3283942421E+02      0.2719572152E+00
0.3240000000E+00      0.3238501500E+03      0.3344195622E+02      0.2748239202E+00
0.3260000000E+00      0.3260575316E+03      0.3405183740E+02      0.2776888852E+00
0.3280000000E+00      0.3282686773E+03      0.3466909110E+02      0.2805517092E+00
0.3300000000E+00      0.3304836092E+03      0.3529373991E+02      0.2834122610E+00
0.3320000000E+00      0.3327023494E+03      0.3592580569E+02      0.2862696299E+00
0.3340000000E+00      0.3349249195E+03      0.3656530955E+02      0.2891237017E+00
0.3360000000E+00      0.3371513414E+03      0.3721227192E+02      0.2919741068E+00
0.3380000000E+00      0.3393816364E+03      0.3786671249E+02      0.2948204838E+00
0.3400000000E+00      0.3416158260E+03      0.3852865025E+02      0.2976624794E+00
0.3420000000E+00      0.3438539314E+03      0.3919810351E+02      0.3004997480E+00
0.3440000000E+00      0.3460959737E+03      0.3987508990E+02      0.3033319525E+00
0.3460000000E+00      0.3483419740E+03      0.4055962637E+02      0.3061587638E+00
0.3480000000E+00      0.3505919529E+03      0.4125172921E+02      0.3089798607E+00
0.3500000000E+00      0.3528459312E+03      0.4195141406E+02      0.3117949304E+00
0.3520000000E+00      0.3551039294E+03      0.4265869594E+02      0.3146036681E+00
0.3540000000E+00      0.3573659678E+03      0.4337358921E+02      0.3174057769E+00
0.3560000000E+00      0.3596320666E+03      0.4409610762E+02      0.3202009680E+00
0.3580000000E+00      0.3619022460E+03      0.4482626434E+02      0.3229889608E+00
0.3600000000E+00      0.3641765259E+03      0.4556407190E+02      0.3257694824E+00
0.3620000000E+00      0.3664549259E+03      0.4630954228E+02      0.3285422678E+00
0.3640000000E+00      0.3687374657E+03      0.4706268686E+02      0.3313070600E+00
0.3660000000E+00      0.3710241648E+03      0.4782351647E+02      0.3340636096E+00
0.3680000000E+00      0.3733150424E+03      0.4859204137E+02      0.3368116749E+00
0.3700000000E+00      0.3756101177E+03      0.4936827130E+02      0.3395510220E+00
0.3720000000E+00      0.3779094097E+03      0.5015221544E+02      0.3422814245E+00
0.3740000000E+00      0.3802129371E+03      0.5094388246E+02      0.3450026633E+00
0.3760000000E+00      0.3825207188E+03      0.5174328053E+02      0.3477145268E+00
0.3780000000E+00      0.3848327731E+03      0.5255041729E+02      0.3504168108E+00
0.3800000000E+00      0.3871491184E+03      0.5336529992E+02      0.3531093181E+00
0.3820000000E+00      0.3894697730E+03      0.5418793510E+02      0.3557918587E+00
0.3840000000E+00      0.3917947548E+03      0.5501832905E+02      0.3584642497E+00
0.3860000000E+00      0.3941240816E+03      0.5585648780E+02      0.3611331411E+00
0.3880000000E+00      0.3964577718E+03      0.5670241580E+02      0.3637778851E+00
0.3900000000E+00      0.3987958422E+03      0.5755611878E+02      0.3664187976E+00
0.3920000000E+00      0.4011383105E+03      0.5841760089E+02      0.3690488964E+00
0.3940000000E+00      0.4034851939E+03      0.5928686613E+02      0.3716680321E+00
0.3960000000E+00      0.4058365097E+03      0.6016391812E+02      0.3742760613E+00
0.3980000000E+00      0.4081922746E+03      0.6104876007E+02      0.3768731913E+00
0.4000000000E+00      0.4105525055E+03      0.6194139477E+02      0.3794586015E+00
0.4020000000E+00      0.4129172191E+03      0.6284182465E+02      0.3820325131E+00
0.4040000000E+00      0.4152864318E+03      0.6375005178E+02      0.3845948071E+00
0.4060000000E+00      0.4176601600E+03      0.6466607785E+02      0.3871453703E+00
0.4080000000E+00      0.4200384198E+03      0.6558990420E+02      0.3896840954E+00
0.4100000000E+00      0.4224212273E+03      0.6652153183E+02      0.3922108806E+00
0.4120000000E+00      0.4248085983E+03      0.6746096139E+02      0.3947256295E+00
0.4140000000E+00      0.4272005486E+03      0.6840819321E+02      0.3972282512E+00
0.4160000000E+00      0.4295970938E+03      0.6936322730E+02      0.3997186598E+00
0.4180000000E+00      0.4319982491E+03      0.7032606336E+02      0.4021967747E+00
0.4200000000E+00      0.4344040300E+03      0.7129670079E+02      0.4046625201E+00
0.4220000000E+00      0.4368144516E+03      0.7227513869E+02      0.4071158252E+00
0.4240000000E+00      0.4392295287E+03      0.7326137586E+02      0.4095566239E+00
0.4260000000E+00      0.4416492764E+03      0.7425541085E+02      0.4119848548E+00
0.4280000000E+00      0.4440737091E+03      0.7525724192E+02      0.4144004610E+00
0.4300000000E+00      0.4465028415E+03      0.7626686707E+02      0.4168033900E+00
0.4320000000E+00      0.4489366879E+03      0.7728428403E+02      0.4191935937E+00
0.4340000000E+00      0.4513752626E+03      0.7830949032E+02      0.4215710282E+00
0.4360000000E+00      0.4538185797E+03      0.7934248317E+02      0.4239356536E+00
0.4380000000E+00      0.4562666531E+03      0.8038325961E+02      0.4262874341E+00
0.4400000000E+00      0.4587194967E+03      0.8143181643E+02      0.4286263377E+00
0.4420000000E+00      0.4611771241E+03      0.8248815019E+02      0.4309523363E+00
0.4440000000E+00      0.4636395489E+03      0.8355225726E+02      0.4332654053E+00
0.4460000000E+00      0.4661067842E+03      0.8462413382E+02      0.4355659020E+00
0.4480000000E+00      0.4685788438E+03      0.8570377572E+02      0.4378530773E+00
0.4500000000E+00      0.4710557405E+03      0.8679117877E+02      0.4401272703E+00
0.4520000000E+00      0.4735374874E+03      0.8788633852E+02      0.4423884701E+00
0.4540000000E+00      0.4760240972E+03      0.8898925035E+02      0.4446366693E+00
0.4560000000E+00      0.4785155828E+03      0.9009990946E+02      0.4468718633E+00
0.4580000000E+00      0.4810119566E+03      0.9121831088E+02      0.4490940508E+00
0.4600000000E+00      0.4835132312E+03      0.9234444948E+02      0.4513032331E+00
0.4620000000E+00      0.4860194188E+03      0.9347831994E+02      0.4534994145E+00
0.4640000000E+00      0.4885305317E+03      0.9461991683E+02      0.4556826022E+00
0.4660000000E+00      0.4910465818E+03      0.9576923454E+02      0.4578528057E+00
0.4680000000E+00      0.4935675812E+03      0.9692626733E+02      0.4600100374E+00
0.4700000000E+00      0.4960935417E+03      0.9809100929E+02      0.4621543119E+00
0.4720000000E+00      0.4986244751E+03      0.9926345437E+02      0.4642919425E+00
0.4740000000E+00      0.5011603926E+03      0.1004435965E+03      0.4664103425E+00
0.4760000000E+00      0.5037013058E+03      0.1016314294E+03      0.4685158435E+00
0.4780000000E+00      0.5062472261E+03      0.1028269466E+03      0.4706084695E+00
0.4800000000E+00      0.5087981645E+03      0.1040301417E+03      0.4726882465E+00
0.4820000000E+00      0.5113541323E+03      0.1052410079E+03      0.4747552024E+00
0.4840000000E+00      0.5139151403E+03      0.1064595387E+03      0.4768093673E+00
0.4860000000E+00      0.5164811993E+03      0.1076857270E+03      0.4788507730E+00
0.4880000000E+00      0.5190523202E+03      0.1089195661E+03      0.4808794532E+00
0.4900000000E+00      0.5216285134E+03      0.1101610488E+03      0.4828954433E+00
0.4920000000E+00      0.5242097895E+03      0.1114101681E+03      0.4848987804E+00
0.4940000000E+00      0.5267961588E+03      0.1126669168E+03      0.4868895033E+00
0.4960000000E+00      0.5293876315E+03      0.1139312874E+03      0.4888676522E+00
0.4980000000E+00      0.5319842179E+03      0.1152032728E+03      0.4908332689E+00
0.5000000000E+00      0.5345859279E+03      0.1164828654E+03      0.4927863967E+00
0.5020000000E+00      0.5371927715E+03      0.1177700577E+03      0.4947270801E+00
0.5040000000E+00      0.5398047585E+03      0.1190648422E+03      0.4966553650E+00
0.5060000000E+00      0.5424218984E+03      0.1203672111E+03      0.4985730770E+00
0.5080000000E+00      0.5450442011E+03      0.1216771567E+03      0.5004767101E+00
0.5100000000E+00      0.5476716760E+03      0.1229946713E+03      0.5023680898E+00
0.5120000000E+00      0.5503043325E+03      0.1243197470E+03      0.5042472669E+00
0.5140000000E+00      0.5529421797E+03      0.1256523759E+03      0.5061142930E+00
0.5160000000E+00      0.5555852270E+03      0.1269925501E+03      0.5079692209E+00
0.5180000000E+00      0.5582334833E+03      0.1283402616E+03      0.5098121044E+00
0.5200000000E+00      0.5608869577E+03      0.1296955023E+03      0.5116429981E+00
0.5220000000E+00      0.5635456590E+03      0.1310582642E+03      0.5134619575E+00
0.5240000000E+00      0.5662095961E+03      0.1324285391E+03      0.5152690389E+00
0.5260000000E+00      0.5688787774E+03      0.1338063188E+03      0.5170642997E+00
0.5280000000E+00      0.5715532118E+03      0.1351915953E+03      0.5188477975E+00
0.5300000000E+00      0.5742329076E+03      0.1365843602E+03      0.5206195911E+00
0.5320000000E+00      0.5769178732E+03      0.1379846052E+03      0.5223797397E+00
0.5340000000E+00      0.5796081169E+03      0.1393923221E+03      0.5241283033E+00
0.5360000000E+00      0.5823036470E+03      0.1408075026E+03      0.5258613563E+00
0.5380000000E+00      0.5850044714E+03      0.1422301383E+03      0.5275869598E+00
0.5400000000E+00      0.5877105984E+03      0.1436602209E+03      0.5293011611E+00
0.5420000000E+00      0.5904220357E+03      0.1450977419E+03      0.5310040223E+00
0.5440000000E+00      0.5931387912E+03      0.1465426929E+03      0.5326956059E+00
0.5460000000E+00      0.5958608727E+03      0.1479950656E+03      0.5343759750E+00
0.5480000000E+00      0.5985882878E+03      0.1494548514E+03      0.5360451929E+00
0.5500000000E+00      0.6013210441E+03      0.1509220420E+03      0.5377033234E+00
0.5520000000E+00      0.6040591491E+03      0.1523966289E+03      0.5393504306E+00
0.5540000000E+00      0.6068026102E+03      0.1538786035E+03      0.5409865788E+00
0.5560000000E+00      0.6095514347E+03      0.1553679575E+03      0.5426118329E+00
0.5580000000E+00      0.6123056298E+03      0.1568646823E+03      0.5442262576E+00
0.5600000000E+00      0.6150652027E+03      0.1583687694E+03      0.5458299183E+00
0.5620000000E+00      0.6178301605E+03      0.1598802103E+03      0.5474228803E+00
0.5640000000E+00      0.6206005102E+03      0.1613989966E+03      0.5490052092E+00
0.5660000000E+00      0.6233762586E+03      0.1629251197E+03      0.5505769707E+00
0.5680000000E+00      0.6261574126E+03      0.1644585711E+03      0.5521382307E+00
0.5700000000E+00      0.6289439790E+03      0.1659993424E+03      0.5536890552E+00
0.5720000000E+00      0.6317359645E+03      0.1675474250E+03      0.5552295103E+00
0.5740000000E+00      0.6345333755E+03      0.1691028105E+03      0.5567596622E+00
0.5760000000E+00      0.6373362188E+03      0.1706654902E+03      0.5582830633E+00
0.5780000000E+00      0.6401445010E+03      0.1722354558E+03      0.5597822269E+00
0.5800000000E+00      0.6429582275E+03      0.1738126991E+03      0.5612889633E+00
0.5820000000E+00      0.6457774057E+03      0.1753972111E+03      0.5627819836E+00
0.5840000000E+00      0.6486020418E+03      0.1769889835E+03      0.5642510626E+00
0.5860000000E+00      0.6514321408E+03      0.1785880083E+03      0.5657279188E+00
0.5880000000E+00      0.6542677100E+03      0.1801942765E+03      0.5671911592E+00
0.5900000000E+00      0.6571087553E+03      0.1818077798E+03      0.5686307508E+00
0.5920000000E+00      0.6599552816E+03      0.1834285103E+03      0.5700783194E+00
0.5940000000E+00      0.6628072960E+03      0.1850564589E+03      0.5715123772E+00
0.5960000000E+00      0.6656648042E+03      0.1866916175E+03      0.5729230766E+00
0.5980000000E+00      0.6685278108E+03      0.1883339782E+03      0.5743419485E+00
0.6000000000E+00      0.6713963227E+03      0.1899835319E+03      0.5757474187E+00
0.6020000000E+00      0.6742703454E+03      0.1916402706E+03      0.5771298182E+00
0.6040000000E+00      0.6771498834E+03      0.1933041864E+03      0.5785205813E+00
0.6060000000E+00      0.6800349434E+03      0.1949752704E+03      0.5798980553E+00
0.6080000000E+00      0.6829255306E+03      0.1966535145E+03      0.5812527434E+00
0.6100000000E+00      0.6858216493E+03      0.1983389109E+03      0.5826159815E+00
0.6120000000E+00      0.6887233061E+03      0.2000314508E+03      0.5839660462E+00
0.6140000000E+00      0.6916305061E+03      0.2017311261E+03      0.5852936065E+00
0.6160000000E+00      0.6945432533E+03      0.2034379292E+03      0.5866298989E+00
0.6180000000E+00      0.6974615541E+03      0.2051518512E+03      0.5879531358E+00
0.6200000000E+00      0.7003854130E+03      0.2068728844E+03      0.5892644867E+00
0.6220000000E+00      0.7033148351E+03      0.2086010205E+03      0.5905671041E+00
0.6240000000E+00      0.7062498253E+03      0.2103362516E+03      0.5918610513E+00
0.6260000000E+00      0.7091903884E+03      0.2120785696E+03      0.5931433931E+00
0.6280000000E+00      0.7121365294E+03      0.2138279663E+03      0.5944202050E+00
0.6300000000E+00      0.7150882530E+03      0.2155844339E+03      0.5956885348E+00
0.6320000000E+00      0.7180455639E+03      0.2173479644E+03      0.5969484447E+00
0.6340000000E+00      0.7210084668E+03      0.2191185498E+03      0.5981999966E+00
0.6360000000E+00      0.7239769662E+03      0.2208961822E+03      0.5994432520E+00
0.6380000000E+00      0.7269510667E+03      0.2226808537E+03      0.6006782725E+00
0.6400000000E+00      0.7299307728E+03      0.2244725565E+03      0.6019051190E+00
0.6420000000E+00      0.7329160890E+03      0.2262712826E+03      0.6031238523E+00
0.6440000000E+00      0.7359070196E+03      0.2280770244E+03      0.6043345328E+00
0.6460000000E+00      0.7389035690E+03      0.2298897740E+03      0.6055372208E+00
0.6480000000E+00      0.7419057414E+03      0.2317095238E+03      0.6067319760E+00
0.6500000000E+00      0.7449135411E+03      0.2335362659E+03      0.6079188578E+00
0.6520000000E+00      0.7479269724E+03      0.2353699927E+03      0.6090979256E+00
0.6540000000E+00      0.7509460392E+03      0.2372106965E+03      0.6102692383E+00
0.6560000000E+00      0.7539707458E+03      0.2390583698E+03      0.6114328542E+00
0.6580000000E+00      0.7570010961E+03      0.2409130049E+03      0.6125888316E+00
0.6600000000E+00      0.7600370942E+03      0.2427745943E+03      0.6137372285E+00
0.6620000000E+00      0.7630787440E+03      0.2446431304E+03      0.6148781022E+00
0.6640000000E+00      0.7661260495E+03      0.2465186058E+03      0.6160115101E+00
0.6660000000E+00      0.7691790143E+03      0.2484010129E+03      0.6171375090E+00
0.6680000000E+00      0.7722376425E+03      0.2502903444E+03      0.6182561553E+00
0.6700000000E+00      0.7753019377E+03      0.2521865929E+03      0.6193675053E+00
0.6720000000E+00      0.7783719036E+03      0.2540897509E+03      0.6204716148E+00
0.6740000000E+00      0.7814475440E+03      0.2559998111E+03      0.6215685392E+00
0.6760000000E+00      0.7845288624E+03      0.2579167663E+03      0.6226583337E+00
0.6780000000E+00      0.7876158625E+03      0.2598406092E+03      0.6237410529E+00
0.6800000000E+00      0.7907085478E+03      0.2617713324E+03      0.6248167514E+00
0.6820000000E+00      0.7938069218E+03      0.2637089289E+03      0.6258854832E+00
0.6840000000E+00      0.7969109879E+03      0.2656533915E+03      0.6269473020E+00
0.6860000000E+00      0.8000207497E+03      0.2676047130E+03      0.6280022611E+00
0.6880000000E+00      0.8031362104E+03      0.2695628862E+03      0.6290504135E+00
0.6900000000E+00      0.8062573734E+03      0.2715279042E+03      0.6300918118E+00
0.6920000000E+00      0.8093842421E+03      0.2734997599E+03      0.6311265084E+00
0.6940000000E+00      0.8125168196E+03      0.2754784463E+03      0.6321545552E+00
0.6960000000E+00      0.8156551092E+03      0.2774639564E+03      0.6331760036E+00
0.6980000000E+00      0.8187991141E+03      0.2794562833E+03      0.6341909051E+00
0.7000000000E+00      0.8219488375E+03      0.2814554200E+03      0.6351993102E+00
0.7020000000E+00      0.8251042824E+03      0.2834613598E+03      0.6362012696E+00
0.7040000000E+00      0.8282654518E+03      0.2854740957E+03      0.6371968334E+00
0.7060000000E+00      0.8314323490E+03      0.2874936209E+03      0.6381860514E+00
0.7080000000E+00      0.8346049768E+03      0.2895199288E+03      0.6391689729E+00
0.7100000000E+00      0.8377833381E+03      0.2915530125E+03      0.6401456470E+00
0.7120000000E+00      0.8409674361E+03      0.2935928654E+03      0.6411188309E+00
0.7140000000E+00      0.8441572734E+03      0.2956394807E+03      0.6420831454E+00
0.7160000000E+00      0.8473528530E+03      0.2976928519E+03      0.6430413578E+00
0.7180000000E+00      0.8505541777E+03      0.2997529723E+03      0.6439935156E+00
0.7200000000E+00      0.8537612503E+03      0.3018198354E+03      0.6449396661E+00
0.7220000000E+00      0.8569740735E+03      0.3038934346E+03      0.6458798564E+00
0.7240000000E+00      0.8601926501E+03      0.3059737635E+03      0.6468141328E+00
0.7260000000E+00      0.8634169828E+03      0.3080608156E+03      0.6477425418E+00
0.7280000000E+00      0.8666470742E+03      0.3101545843E+03      0.6486651291E+00
0.7300000000E+00      0.8698829268E+03      0.3122550634E+03      0.6495819403E+00
0.7320000000E+00      0.8731245435E+03      0.3143622465E+03      0.6504930206E+00
0.7340000000E+00      0.8763719265E+03      0.3164761272E+03      0.6513984149E+00
0.7360000000E+00      0.8796250786E+03      0.3185966992E+03      0.6522981676E+00
0.7380000000E+00      0.8828840022E+03      0.3207239563E+03      0.6531923229E+00
0.7400000000E+00      0.8861486998E+03      0.3228578922E+03      0.6540809247E+00
0.7420000000E+00      0.8894191738E+03      0.3249985008E+03      0.6549640163E+00
0.7440000000E+00      0.8926954266E+03      0.3271457757E+03      0.6558416410E+00
0.7460000000E+00      0.8959774606E+03      0.3292997110E+03      0.6567138415E+00
0.7480000000E+00      0.8992652782E+03      0.3314603005E+03      0.6575806604E+00
0.7500000000E+00      0.9025588816E+03      0.3336275382E+03      0.6584421397E+00
0.7520000000E+00      0.9058582732E+03      0.3358014180E+03      0.6592983212E+00
0.7540000000E+00      0.9091634552E+03      0.3379819338E+03      0.6601492465E+00
0.7560000000E+00      0.9124744298E+03      0.3401690798E+03      0.6609949566E+00
0.7580000000E+00      0.9157911994E+03      0.3423628500E+03      0.6618354924E+00
0.7600000000E+00      0.9191137659E+03      0.3445632384E+03      0.6626708944E+00
0.7620000000E+00      0.9224421317E+03      0.3467702392E+03      0.6635012027E+00
0.7640000000E+00      0.9257762988E+03      0.3489838466E+03      0.6643264572E+00
0.7660000000E+00      0.9291162693E+03      0.3512040548E+03      0.6651466973E+00
0.7680000000E+00      0.9324620453E+03      0.3534308579E+03      0.6659619624E+00
0.7700000000E+00      0.9358136288E+03      0.3556642502E+03      0.6667722913E+00
0.7720000000E+00      0.9391710219E+03      0.3579042260E+03      0.6675777225E+00
0.7740000000E+00      0.9425342266E+03      0.3601507796E+03      0.6683782943E+00
0.7760000000E+00      0.9459032448E+03      0.3624039054E+03      0.6691740447E+00
0.7780000000E+00      0.9492780785E+03      0.3646635977E+03      0.6699650114E+00
0.7800000000E+00      0.9526587297E+03      0.3669298510E+03      0.6707512316E+00
0.7820000000E+00      0.9560452001E+03      0.3692026596E+03      0.6715327423E+00
0.7840000000E+00      0.9594374917E+03      0.3714820181E+03      0.6723095804E+00
0.7860000000E+00      0.9628356064E+03      0.3737679209E+03      0.6730817821E+00
0.7880000000E+00      0.9662395459E+03      0.3760603627E+03      0.6738493838E+00
0.7900000000E+00      0.9696493121E+03      0.3783593378E+03      0.6746124211E+00
0.7920000000E+00      0.9730649067E+03      0.3806648411E+03      0.6753709295E+00
0.7940000000E+00      0.9764863316E+03      0.3829768669E+03      0.6761249445E+00
0.7960000000E+00      0.9799135884E+03      0.3852954101E+03      0.6768745008E+00
0.7980000000E+00      0.9833466789E+03      0.3876204653E+03      0.6776196332E+00
0.8000000000E+00      0.9867856047E+03      0.3899520273E+03      0.6783603760E+00
0.8020000000E+00      0.9902303676E+03      0.3922900906E+03      0.6790967632E+00
0.8040000000E+00      0.9936809692E+03      0.3946346502E+03      0.6798288288E+00
0.8060000000E+00      0.9971374110E+03      0.3969857009E+03      0.6805566061E+00
0.8080000000E+00      0.1000599695E+04      0.3993432374E+03      0.6812801285E+00
0.8100000000E+00      0.1004067822E+04      0.4017072546E+03      0.6819994290E+00
0.8120000000E+00      0.1007541794E+04      0.4040777475E+03      0.6827145401E+00
0.8140000000E+00      0.1011021613E+04      0.4064547109E+03      0.6834254943E+00
0.8160000000E+00      0.1014507281E+04      0.4088381398E+03      0.6841323237E+00
0.8180000000E+00      0.1017998797E+04      0.4112280291E+03      0.6848350603E+00
0.8200000000E+00      0.1021496165E+04      0.4136243740E+03      0.6855337356E+00
0.8220000000E+00      0.1024999386E+04      0.4160271693E+03      0.6862283809E+00
0.8240000000E+00      0.1028508460E+04      0.4184364102E+03      0.6869190274E+00
0.8260000000E+00      0.1032023391E+04      0.4208520917E+03      0.6876057058E+00
0.8280000000E+00      0.1035544178E+04      0.4232742091E+03      0.6882884466E+00
0.8300000000E+00      0.1039070823E+04      0.4257027573E+03      0.6889672803E+00
0.8320000000E+00      0.1042603328E+04      0.4281377317E+03      0.6896422368E+00
0.8340000000E+00      0.1046141694E+04      0.4305791273E+03      0.6903133458E+00
0.8360000000E+00      0.1049685922E+04      0.4330269395E+03      0.6909806371E+00
0.8380000000E+00      0.1053236014E+04      0.4354811635E+03      0.6916441397E+00
0.8400000000E+00      0.1056791971E+04      0.4379417946E+03      0.6923038828E+00
0.8420000000E+00      0.1060353794E+04      0.4404088280E+03      0.6929598951E+00
0.8440000000E+00      0.1063921485E+04      0.4428822592E+03      0.6936122053E+00
0.8460000000E+00      0.1067495045E+04      0.4453620834E+03      0.6942608415E+00
0.8480000000E+00      0.1071074474E+04      0.4478482962E+03      0.6949058319E+00
0.8500000000E+00      0.1074659775E+04      0.4503408928E+03      0.6955472043E+00
0.8520000000E+00      0.1078250949E+04      0.4528398688E+03      0.6961849862E+00
0.8540000000E+00      0.1081847995E+04      0.4553452196E+03      0.6968192051E+00
0.8560000000E+00      0.1085450917E+04      0.4578569408E+03      0.6974498881E+00
0.8580000000E+00      0.1089059715E+04      0.4603750277E+03      0.6980770619E+00
0.8600000000E+00      0.1092674390E+04      0.4628994761E+03      0.6987007534E+00
0.8620000000E+00      0.1096294942E+04      0.4654302814E+03      0.6993209890E+00
0.8640000000E+00      0.1099921375E+04      0.4679674393E+03      0.6999377948E+00
0.8660000000E+00      0.1103553687E+04      0.4705109454E+03      0.7005511969E+00
0.8680000000E+00      0.1107191881E+04      0.4730607953E+03      0.7011612209E+00
0.8700000000E+00      0.1110835958E+04      0.4756169847E+03      0.7017678926E+00
0.8720000000E+00      0.1114485918E+04      0.4781795094E+03      0.7023712371E+00
0.8740000000E+00      0.1118141763E+04      0.4807483650E+03      0.7029712797E+00
0.8760000000E+00      0.1121803494E+04      0.4833235473E+03      0.7035680452E+00
0.8780000000E+00      0.1125471111E+04      0.4859050521E+03      0.7041615582E+00
0.8800000000E+00      0.1129144615E+04      0.4884928751E+03      0.7047518434E+00
0.8820000000E+00      0.1132824009E+04      0.4910870123E+03      0.7053389250E+00
0.8840000000E+00      0.1136509292E+04      0.4936874594E+03      0.7059228269E+00
0.8860000000E+00      0.1140200465E+04      0.4962942123E+03      0.7065035732E+00
0.8880000000E+00      0.1143897530E+04      0.4989072669E+03      0.7070811874E+00
0.8900000000E+00      0.1147600487E+04      0.5015266192E+03      0.7076556929E+00
0.8920000000E+00      0.1151309337E+04      0.5041522651E+03      0.7082271132E+00
0.8940000000E+00      0.1155024082E+04      0.5067842005E+03      0.7087954711E+00
0.8960000000E+00      0.1158744721E+04      0.5094224214E+03      0.7093607896E+00
0.8980000000E+00      0.1162471257E+04      0.5120669239E+03      0.7099230914E+00
0.9000000000E+00      0.1166203689E+04      0.5147177040E+03      0.7104823988E+00
0.9020000000E+00      0.1169942019E+04      0.5173747578E+03      0.7110387343E+00
0.9040000000E+00      0.1173686247E+04      0.5200380813E+03      0.7115921198E+00
0.9060000000E+00      0.1177436374E+04      0.5227076706E+03      0.7121425773E+00
0.9080000000E+00      0.1181192402E+04      0.5253835219E+03      0.7126901285E+00
0.9100000000E+00      0.1184954330E+04      0.5280656314E+03      0.7132347950E+00
0.9120000000E+00      0.1188722160E+04      0.5307539951E+03      0.7137765981E+00
0.9140000000E+00      0.1192495893E+04      0.5334486093E+03      0.7143155589E+00
0.9160000000E+00      0.1196275528E+04      0.5361494703E+03      0.7148516984E+00
0.9180000000E+00      0.1200061068E+04      0.5388565741E+03      0.7153850376E+00
0.9200000000E+00      0.1203852512E+04      0.5415699172E+03      0.7159155968E+00
0.9220000000E+00      0.1207649861E+04      0.5442894958E+03      0.7164433968E+00
0.9240000000E+00      0.1211453116E+04      0.5470153062E+03      0.7169684577E+00
0.9260000000E+00      0.1215262279E+04      0.5497473447E+03      0.7174907996E+00
0.9280000000E+00      0.1219077348E+04      0.5524856077E+03      0.7180104426E+00
0.9300000000E+00      0.1222898326E+04      0.5552300915E+03      0.7185274062E+00
0.9320000000E+00      0.1226725213E+04      0.5579807926E+03      0.7190417103E+00
0.9340000000E+00      0.1230558009E+04      0.5607377072E+03      0.7195533741E+00
0.9360000000E+00      0.1234396715E+04      0.5635008320E+03      0.7200624171E+00
0.9380000000E+00      0.1238241332E+04      0.5662701633E+03      0.7205688582E+00
0.9400000000E+00      0.1242091860E+04      0.5690456976E+03      0.7210727165E+00
0.9420000000E+00      0.1245948300E+04      0.5718274313E+03      0.7215740107E+00
0.9440000000E+00      0.1249810653E+04      0.5746153611E+03      0.7220727594E+00
0.9460000000E+00      0.1253678919E+04      0.5774094834E+03      0.7225689812E+00
0.9480000000E+00      0.1257553099E+04      0.5802097948E+03      0.7230626943E+00
0.9500000000E+00      0.1261433193E+04      0.5830162918E+03      0.7235539169E+00
0.9520000000E+00      0.1265319202E+04      0.5858289711E+03      0.7240426671E+00
0.9540000000E+00      0.1269211127E+04      0.5886478293E+03      0.7245289626E+00
0.9560000000E+00      0.1273108968E+04      0.5914728627E+03      0.7250077429E+00
0.9580000000E+00      0.1277012725E+04      0.5943040685E+03      0.7254943113E+00
0.9600000000E+00      0.1280922399E+04      0.5971414432E+03      0.7259733505E+00
0.9620000000E+00      0.1284837991E+04      0.5999849833E+03      0.7264500050E+00
0.9640000000E+00      0.1288759501E+04      0.6028346857E+03      0.7269242920E+00
0.9660000000E+00      0.1292686930E+04      0.6056905470E+03      0.7273962283E+00
0.9680000000E+00      0.1296620278E+04      0.6085525641E+03      0.7278658309E+00
0.9700000000E+00      0.1300559545E+04      0.6114207335E+03      0.7283331164E+00
0.9720000000E+00      0.1304504733E+04      0.6142950523E+03      0.7287981014E+00
0.9740000000E+00      0.1308455841E+04      0.6171755171E+03      0.7292608022E+00
0.9760000000E+00      0.1312412870E+04      0.6200621247E+03      0.7297212352E+00
0.9780000000E+00      0.1316375820E+04      0.6229548721E+03      0.7301794165E+00
0.9800000000E+00      0.1320344693E+04      0.6258537560E+03      0.7306353621E+00
0.9820000000E+00      0.1324319488E+04      0.6287587734E+03      0.7310890879E+00
0.9840000000E+00      0.1328300205E+04      0.6316699212E+03      0.7315406095E+00
0.9860000000E+00      0.1332286846E+04      0.6345871962E+03      0.7319899427E+00
0.9880000000E+00      0.1336279410E+04      0.6375105953E+03      0.7324369728E+00
0.9900000000E+00      0.1340277899E+04      0.6404401156E+03      0.7328819755E+00
0.9920000000E+00      0.1344282312E+04      0.6433757540E+03      0.7333248357E+00
0.9940000000E+00      0.1348292649E+04      0.6463175075E+03      0.7337655685E+00
0.9960000000E+00      0.1352308912E+04      0.6492653731E+03      0.7342041889E+00
0.9980000000E+00      0.1356331100E+04      0.6522193477E+03      0.7346407118E+00
0.1000000000E+01      0.1360359214E+04      0.6551794285E+03      0.7350751517E+00
0.1002000000E+01      0.1364393255E+04      0.6581456124E+03      0.7355075234E+00
0.1004000000E+01      0.1368433222E+04      0.6611178966E+03      0.7359378413E+00
0.1006000000E+01      0.1372479116E+04      0.6640962782E+03      0.7363661197E+00
0.1008000000E+01      0.1376530937E+04      0.6670807541E+03      0.7367923729E+00
0.1010000000E+01      0.1380588686E+04      0.6700713217E+03      0.7372166150E+00
0.1012000000E+01      0.1384652363E+04      0.6730679779E+03      0.7376388599E+00
0.1014000000E+01      0.1388721968E+04      0.6760707199E+03      0.7380591217E+00
0.1016000000E+01      0.1392797502E+04      0.6790795450E+03      0.7384774140E+00
0.1018000000E+01      0.1396878965E+04      0.6820944502E+03      0.7388937504E+00
0.1020000000E+01      0.1400966357E+04      0.6851154328E+03      0.7393081446E+00
0.1022000000E+01      0.1405059678E+04      0.6881424901E+03      0.7397206100E+00
0.1024000000E+01      0.1409158929E+04      0.6911756191E+03      0.7401311598E+00
0.1026000000E+01      0.1413264110E+04      0.6942148173E+03      0.7405398074E+00
0.1028000000E+01      0.1417375221E+04      0.6972600818E+03      0.7409465657E+00
0.1030000000E+01      0.1421492263E+04      0.7003114099E+03      0.7413514478E+00
0.1032000000E+01      0.1425615235E+04      0.7033687989E+03      0.7417544666E+00
0.1034000000E+01      0.1429744139E+04      0.7064322462E+03      0.7421556348E+00
0.1036000000E+01      0.1433878974E+04      0.7095017490E+03      0.7425549651E+00
0.1038000000E+01      0.1438019740E+04      0.7125773047E+03      0.7429524702E+00
0.1040000000E+01      0.1442166438E+04      0.7156589106E+03      0.7433481624E+00
0.1042000000E+01      0.1446319069E+04      0.7187465642E+03      0.7437420541E+00
0.1044000000E+01      0.1450477631E+04      0.7218402627E+03      0.7441341576E+00
0.1046000000E+01      0.1454642126E+04      0.7249400037E+03      0.7445244851E+00
0.1048000000E+01      0.1458812553E+04      0.7280457844E+03      0.7449130486E+00
0.1050000000E+01      0.1462988913E+04      0.7311576024E+03      0.7452998601E+00
0.1052000000E+01      0.1467171207E+04      0.7342754551E+03      0.7456849314E+00
0.1054000000E+01      0.1471359433E+04      0.7373993400E+03      0.7460682744E+00
0.1056000000E+01      0.1475553593E+04      0.7405292545E+03      0.7464499007E+00
0.1058000000E+01      0.1479753686E+04      0.7436651960E+03      0.7468298219E+00
0.1060000000E+01      0.1483959713E+04      0.7468071622E+03      0.7472080495E+00
0.1062000000E+01      0.1488171675E+04      0.7499551505E+03      0.7475845949E+00
0.1064000000E+01      0.1492389570E+04      0.7531091585E+03      0.7479594694E+00
0.1066000000E+01      0.1496613399E+04      0.7562691836E+03      0.7483326841E+00
0.1068000000E+01      0.1500843163E+04      0.7594352235E+03      0.7487042503E+00
0.1070000000E+01      0.1505078861E+04      0.7626072757E+03      0.7490741790E+00
0.1072000000E+01      0.1509320494E+04      0.7657853379E+03      0.7494424810E+00
0.1074000000E+01      0.1513568062E+04      0.7689694075E+03      0.7498091673E+00
0.1076000000E+01      0.1517821565E+04      0.7721594822E+03      0.7501742486E+00
0.1078000000E+01      0.1522081003E+04      0.7753555597E+03      0.7505377356E+00
0.1080000000E+01      0.1526346376E+04      0.7785576376E+03      0.7508996389E+00
0.1082000000E+01      0.1530617685E+04      0.7817657135E+03      0.7512599690E+00
0.1084000000E+01      0.1534894928E+04      0.7849797852E+03      0.7516187363E+00
0.1086000000E+01      0.1539178108E+04      0.7881998501E+03      0.7519759513E+00
0.1088000000E+01      0.1543467223E+04      0.7914259062E+03      0.7523316240E+00
0.1090000000E+01      0.1547762274E+04      0.7946579510E+03      0.7526857647E+00
0.1092000000E+01      0.1552063261E+04      0.7978959824E+03      0.7530383836E+00
0.1094000000E+01      0.1556370183E+04      0.8011399979E+03      0.7533894906E+00
0.1096000000E+01      0.1560683042E+04      0.8043899954E+03      0.7537390956E+00
0.1098000000E+01      0.1565001837E+04      0.8076459726E+03      0.7540872086E+00
0.1100000000E+01      0.1569326568E+04      0.8109079274E+03      0.7544338392E+00
0.1102000000E+01      0.1573657235E+04      0.8141758573E+03      0.7547789973E+00
0.1104000000E+01      0.1577993838E+04      0.8174497604E+03      0.7551226923E+00
0.1106000000E+01      0.1582336378E+04      0.8207296343E+03      0.7554649339E+00
0.1108000000E+01      0.1586684855E+04      0.8240154769E+03      0.7558057316E+00
0.1110000000E+01      0.1591039268E+04      0.8273072860E+03      0.7561450946E+00
0.1112000000E+01      0.1595399617E+04      0.8306050595E+03      0.7564830325E+00
0.1114000000E+01      0.1599765903E+04      0.8339087951E+03      0.7568195543E+00
0.1116000000E+01      0.1604138126E+04      0.8372184909E+03      0.7571546693E+00
0.1118000000E+01      0.1608516285E+04      0.8405341446E+03      0.7574883866E+00
0.1120000000E+01      0.1612900381E+04      0.8438557541E+03      0.7578207152E+00
0.1122000000E+01      0.1617290414E+04      0.8471833174E+03      0.7581516641E+00
0.1124000000E+01      0.1621686384E+04      0.8505168323E+03      0.7584812421E+00
0.1126000000E+01      0.1626088291E+04      0.8538562969E+03      0.7588094581E+00
0.1128000000E+01      0.1630496134E+04      0.8572017089E+03      0.7591363208E+00
0.1130000000E+01      0.1634909914E+04      0.8605530664E+03      0.7594618390E+00
0.1132000000E+01      0.1639329631E+04      0.8639103674E+03      0.7597860212E+00
0.1134000000E+01      0.1643755285E+04      0.8672736097E+03      0.7601088759E+00
0.1136000000E+01      0.1648186876E+04      0.8706427914E+03      0.7604304117E+00
0.1138000000E+01      0.1652624404E+04      0.8740179105E+03      0.7607506370E+00
0.1140000000E+01      0.1657067868E+04      0.8773989649E+03      0.7610695601E+00
0.1142000000E+01      0.1661517270E+04      0.8807859528E+03      0.7613871893E+00
0.1144000000E+01      0.1665972608E+04      0.8841788721E+03      0.7617035328E+00
0.1146000000E+01      0.1670433883E+04      0.8875777208E+03      0.7620185988E+00
0.1148000000E+01      0.1674901095E+04      0.8909824970E+03      0.7623323954E+00
0.1150000000E+01      0.1679374244E+04      0.8943931988E+03      0.7626449306E+00
0.1152000000E+01      0.1683853330E+04      0.8978098242E+03      0.7629562123E+00
0.1154000000E+01      0.1688338352E+04      0.9012323713E+03      0.7632662485E+00
0.1156000000E+01      0.1692829312E+04      0.9046608382E+03      0.7635750470E+00
0.1158000000E+01      0.1697326208E+04      0.9080952231E+03      0.7638826156E+00
0.1160000000E+01      0.1701829040E+04      0.9115355239E+03      0.7641889621E+00
0.1162000000E+01      0.1706337810E+04      0.9149817389E+03      0.7644940940E+00
0.1164000000E+01      0.1710852515E+04      0.9184338661E+03      0.7647980190E+00
0.1166000000E+01      0.1715373158E+04      0.9218919038E+03      0.7651007447E+00
0.1168000000E+01      0.1719899737E+04      0.9253558500E+03      0.7654022785E+00
0.1170000000E+01      0.1724432252E+04      0.9288257030E+03      0.7657026278E+00
0.1172000000E+01      0.1728970704E+04      0.9323014609E+03      0.7660018001E+00
0.1174000000E+01      0.1733515093E+04      0.9357831218E+03      0.7662998026E+00
0.1176000000E+01      0.1738065417E+04      0.9392706841E+03      0.7665966427E+00
0.1178000000E+01      0.1742621678E+04      0.9427641458E+03      0.7668923275E+00
0.1180000000E+01      0.1747183875E+04      0.9462635052E+03      0.7671868641E+00
0.1182000000E+01      0.1751752008E+04      0.9497687606E+03      0.7674802598E+00
0.1184000000E+01      0.1756326077E+04      0.9532799101E+03      0.7677725214E+00
0.1186000000E+01      0.1760906082E+04      0.9567969520E+03      0.7680636560E+00
0.1188000000E+01      0.1765492023E+04      0.9603198845E+03      0.7683536706E+00
0.1190000000E+01      0.1770083900E+04      0.9638487060E+03      0.7686425721E+00
0.1192000000E+01      0.1774681713E+04      0.9673834146E+03      0.7689303671E+00
0.1194000000E+01      0.1779285461E+04      0.9709240087E+03      0.7692170627E+00
0.1196000000E+01      0.1783895145E+04      0.9744704866E+03      0.7695026654E+00
0.1198000000E+01      0.1788510764E+04      0.9780228465E+03      0.7697871819E+00
0.1200000000E+01      0.1793132319E+04      0.9815810868E+03      0.7700706189E+00
