      Rhob                Epsilon              Pressure               SoundV
0.4730000000E-14      0.4409040000E-11      0.6303830000E-24      0.2528270000E-09
0.4760000000E-14      0.4431480000E-11      0.6303830000E-23      0.3286900000E-09
0.4910000000E-14      0.4571720000E-11      0.6303830000E-22      0.3811090000E-09
0.6990000000E-14      0.6506980000E-11      0.7552120000E-21      0.1661210000E-08
0.9900000000E-14      0.9199530000E-11      0.8737990000E-20      0.4506330000E-08
0.2720000000E-13      0.2529870000E-10      0.1061040000E-18      0.2185710000E-07
0.1270000000E-12      0.1189210000E-09      0.3632510000E-17      0.1280710000E-06
0.6930000000E-12      0.6450890000E-09      0.1185870000E-15      0.6813760000E-06
0.6295000000E-11      0.5856290000E-08      0.6081640000E-14      0.1980100000E-05
0.1581000000E-10      0.1470800000E-07      0.3100740000E-13      0.4121830000E-05
0.3972000000E-10      0.3694960000E-07      0.1517290000E-12      0.7788630000E-05
0.9976000000E-10      0.9278060000E-07      0.7183870000E-12      0.1422460000E-04
0.2506000000E-09      0.2331300000E-06      0.3286730000E-11      0.2500930000E-04
0.6294000000E-09      0.5856290000E-06      0.1446760000E-10      0.4207890000E-04
0.1581000000E-08      0.1470800000E-05      0.6088500000E-10      0.6739699893E-04
0.3972000000E-08      0.3695520000E-05      0.2441020000E-09      0.8516180000E-04
0.5000000000E-08      0.4651930000E-05      0.3282360000E-09      0.1052360000E-03
0.9976000000E-08      0.9283670000E-05      0.8956430000E-09      0.1422520000E-03
0.1990000000E-07      0.1852250000E-04      0.2392340000E-08      0.1863930000E-03
0.3972000000E-07      0.3696080000E-04      0.6278870000E-08      0.2408930000E-03
0.7924000000E-07      0.7376450000E-04      0.1625270000E-07      0.3085620000E-03
0.1581000000E-06      0.1471920000E-03      0.4166770000E-07      0.3417580000E-03
0.1990000000E-06      0.1853370000E-03      0.5453750000E-07      0.3860480000E-03
0.3155000000E-06      0.2937680000E-03      0.1016730000E-06      0.4315500000E-03
0.5000000000E-06      0.4656420000E-03      0.1890530000E-06      0.4889620000E-03
0.6294000000E-06      0.5861890000E-03      0.2577080000E-06      0.5509610000E-03
0.7924000000E-06      0.7382060000E-03      0.3143180000E-06      0.6137740000E-03
0.9976000000E-06      0.9294890000E-03      0.4281610000E-06      0.6540150000E-03
0.1581000000E-05      0.1470000000E-02      0.7939080000E-06      0.7285460000E-03
0.2506000000E-05      0.2340000000E-02      0.1470480000E-05      0.8500470000E-03
0.3972000000E-05      0.3700000000E-02      0.2722510000E-05      0.8906300000E-03
0.5000000000E-05      0.4660000000E-02      0.3533890000E-05      0.9510480000E-03
0.6294000000E-05      0.5870000000E-02      0.4807140000E-05      0.1100000000E-02
0.7924000000E-05      0.7390000000E-02      0.6541010000E-05      0.1180000000E-02
0.9976000000E-05      0.9310000000E-02      0.8894020000E-05      0.1280000000E-02
0.1256000000E-04      0.1172000000E-01      0.1209590000E-04      0.1300000000E-02
0.1581000000E-04      0.1476000000E-01      0.1562230000E-04      0.1320000000E-02
0.1990000000E-04      0.1858000000E-01      0.2124580000E-04      0.1390000000E-02
0.2506000000E-04      0.2340000000E-01      0.2888530000E-04      0.1470000000E-02
0.3155000000E-04      0.2947000000E-01      0.3713020000E-04      0.1550000000E-02
0.3972000000E-04      0.3712000000E-01      0.5048680000E-04      0.1820000000E-02
0.5000000000E-04      0.4674000000E-01      0.6865560000E-04      0.1960000000E-02
0.6294000000E-04      0.5884000000E-01      0.9330920000E-04      0.2110000000E-02
0.7924000000E-04      0.7416000000E-01      0.1268880000E-03      0.2150000000E-02
0.9976000000E-04      0.9334000000E-01      0.1620900000E-03      0.2190000000E-02
0.1105000000E-03      0.1034400000E+00      0.1805020000E-03      0.2220000000E-02
0.1256000000E-03      0.1175700000E+00      0.2053430000E-03      0.2270000000E-02
0.1581000000E-03      0.1480900000E+00      0.2791790000E-03      0.2300000000E-02
0.1990000000E-03      0.1865100000E+00      0.3630010000E-03      0.2350000000E-02
0.2506000000E-03      0.2349200000E+00      0.4704780000E-03      0.2420000000E-02
0.2572000000E-03      0.2411500000E+00      0.4871430000E-03      0.1640000000E-02
0.2670000000E-03      0.2502100000E+00      0.4925360000E-03      0.6323770000E-03
0.3126000000E-03      0.2932300000E+00      0.5213460000E-03      0.6351150000E-03
0.3951000000E-03      0.3707800000E+00      0.5679160000E-03      0.6395500000E-03
0.4759000000E-03      0.4467600000E+00      0.6136960000E-03      0.6456670000E-03
0.5812000000E-03      0.5456200000E+00      0.6758550000E-03      0.6505920000E-03
0.7143000000E-03      0.6709200000E+00      0.7601150000E-03      0.7025890000E-03
0.8786000000E-03      0.8252300000E+00      0.8731850000E-03      0.7646840000E-03
0.1077000000E-02      0.1012500000E+01      0.1020000000E-02      0.8354260000E-03
0.1314000000E-02      0.1235290000E+01      0.1220000000E-02      0.9276850000E-03
0.1748000000E-02      0.1643560000E+01      0.1620000000E-02      0.1000000000E-02
0.2000000000E-02      0.1880850000E+01      0.2000000000E-02      0.1100000000E-02
0.4000000000E-02      0.3764610000E+01      0.4510000000E-02      0.1460000000E-02
0.6000000000E-02      0.5649800000E+01      0.7500000000E-02      0.1680000000E-02
0.8000000000E-02      0.7536070000E+01      0.1086000000E-01      0.1880000000E-02
0.1000000000E-01      0.9423230000E+01      0.1458000000E-01      0.2070000000E-02
0.1200000000E-01      0.1131116000E+02      0.1867000000E-01      0.2280000000E-02
0.1400000000E-01      0.1319982000E+02      0.2318000000E-01      0.2510000000E-02
0.1600000000E-01      0.1508915000E+02      0.2814000000E-01      0.2760000000E-02
0.1800000000E-01      0.1697914000E+02      0.3361000000E-01      0.3040000000E-02
0.2000000000E-01      0.1886976000E+02      0.3965000000E-01      0.3340000000E-02
0.2200000000E-01      0.2076101000E+02      0.4624000000E-01      0.3660000000E-02
0.2400000000E-01      0.2265290000E+02      0.5348000000E-01      0.3990000000E-02
0.2600000000E-01      0.2454541000E+02      0.6133000000E-01      0.4330000000E-02
0.2800000000E-01      0.2643855000E+02      0.6988000000E-01      0.4680000000E-02
0.3000000000E-01      0.2833233000E+02      0.7906000000E-01      0.5030000000E-02
0.3200000000E-01      0.3022674000E+02      0.8895000000E-01      0.5390000000E-02
0.3400000000E-01      0.3212179000E+02      0.9948000000E-01      0.5740000000E-02
0.3600000000E-01      0.3401748000E+02      0.1107200000E+00      0.6090000000E-02
0.3800000000E-01      0.3591381000E+02      0.1225900000E+00      0.6440000000E-02
0.4000000000E-01      0.3781078000E+02      0.1351400000E+00      0.6790000000E-02
0.4200000000E-01      0.3970840000E+02      0.1483400000E+00      0.7110000000E-02
0.4400000000E-01      0.4160666000E+02      0.1621100000E+00      0.7420000000E-02
0.4600000000E-01      0.4350556000E+02      0.1765200000E+00      0.7740000000E-02
0.4800000000E-01      0.4540510000E+02      0.1915000000E+00      0.8040000000E-02
0.5000000000E-01      0.4730528000E+02      0.2070600000E+00      0.8310000000E-02
0.5200000000E-01      0.4920608000E+02      0.2230900000E+00      0.8580000000E-02
0.5400000000E-01      0.5110752000E+02      0.2396900000E+00      0.8870000000E-02
0.5600000000E-01      0.5300958000E+02      0.2568200000E+00      0.9120000000E-02
0.5800000000E-01      0.5491227000E+02      0.2743700000E+00      0.9340000000E-02
0.6000000000E-01      0.5681556000E+02      0.2923800000E+00      0.9690000000E-02
0.6200000000E-01      0.5871946000E+02      0.3101200000E+00      0.1002000000E-01
0.6400000000E-01      0.6062394000E+02      0.3290400000E+00      0.1028000000E-01
0.6600000000E-01      0.6252904000E+02      0.3483400000E+00      0.1069000000E-01
0.6800000000E-01      0.6443473000E+02      0.3679800000E+00      0.1101000000E-01
0.7000000000E-01      0.6634095000E+02      0.3861300000E+00      0.1136000000E-01
0.1110000000E+00      0.1054887864E+03      0.4010418507E+00      0.1745193667E-01
0.1130000000E+00      0.1073970164E+03      0.4354914628E+00      0.1862641122E-01
0.1150000000E+00      0.1093058759E+03      0.4722232238E+00      0.1983452359E-01
0.1170000000E+00      0.1112153946E+03      0.5112936787E+00      0.2106660547E-01
0.1190000000E+00      0.1131256010E+03      0.5526392942E+00      0.2217042383E-01
0.1210000000E+00      0.1150365201E+03      0.5961554378E+00      0.2336331305E-01
0.1230000000E+00      0.1169481777E+03      0.6420314780E+00      0.2461440511E-01
0.1250000000E+00      0.1188606011E+03      0.6903582008E+00      0.2590454935E-01
0.1270000000E+00      0.1207738177E+03      0.7412057282E+00      0.2722717163E-01
0.1290000000E+00      0.1226878552E+03      0.7946353034E+00      0.2857873837E-01
0.1310000000E+00      0.1246027413E+03      0.8507029141E+00      0.2995690657E-01
0.1330000000E+00      0.1265185039E+03      0.9094608793E+00      0.3135545197E-01
0.1350000000E+00      0.1284351706E+03      0.9709586861E+00      0.3278177590E-01
0.1370000000E+00      0.1303527688E+03      0.1035243492E+01      0.3423030337E-01
0.1390000000E+00      0.1322713260E+03      0.1102360450E+01      0.3569996131E-01
0.1410000000E+00      0.1341908696E+03      0.1172352936E+01      0.3718977923E-01
0.1430000000E+00      0.1361114264E+03      0.1245262801E+01      0.3870565660E-01
0.1450000000E+00      0.1380330236E+03      0.1321130177E+01      0.4022822347E-01
0.1470000000E+00      0.1399556878E+03      0.1399994061E+01      0.4177345172E-01
0.1490000000E+00      0.1418794455E+03      0.1481892089E+01      0.4333559973E-01
0.1510000000E+00      0.1438043231E+03      0.1566860690E+01      0.4491396909E-01
0.1530000000E+00      0.1457303465E+03      0.1654935149E+01      0.4650789478E-01
0.1550000000E+00      0.1476575418E+03      0.1746149508E+01      0.4811331061E-01
0.1570000000E+00      0.1495859343E+03      0.1840537248E+01      0.4973633096E-01
0.1590000000E+00      0.1515155495E+03      0.1938130407E+01      0.5137308235E-01
0.1610000000E+00      0.1534464126E+03      0.2038960239E+01      0.5302300730E-01
0.1630000000E+00      0.1553785484E+03      0.2143057102E+01      0.5468557099E-01
0.1650000000E+00      0.1573119816E+03      0.2250450505E+01      0.5636026011E-01
0.1670000000E+00      0.1592467367E+03      0.2361169140E+01      0.5804658187E-01
0.1690000000E+00      0.1611828377E+03      0.2475240918E+01      0.5974406306E-01
0.1710000000E+00      0.1631203086E+03      0.2592693009E+01      0.6145224958E-01
0.1730000000E+00      0.1650591731E+03      0.2713551870E+01      0.6317070436E-01
0.1750000000E+00      0.1669994546E+03      0.2837843278E+01      0.6489900878E-01
0.1770000000E+00      0.1689411759E+03      0.2965592603E+01      0.6664210221E-01
0.1790000000E+00      0.1708843606E+03      0.3096823877E+01      0.6838904385E-01
0.1810000000E+00      0.1728290312E+03      0.3231561252E+01      0.7014467719E-01
0.1830000000E+00      0.1747752099E+03      0.3369828081E+01      0.7190864661E-01
0.1850000000E+00      0.1767229191E+03      0.3511647177E+01      0.7368061096E-01
0.1870000000E+00      0.1786721808E+03      0.3657040841E+01      0.7546024286E-01
0.1890000000E+00      0.1806230167E+03      0.3806030884E+01      0.7724722902E-01
0.1910000000E+00      0.1825754482E+03      0.3958638652E+01      0.7904126864E-01
0.1930000000E+00      0.1845294968E+03      0.4114885049E+01      0.8084209819E-01
0.1950000000E+00      0.1864851833E+03      0.4274790555E+01      0.8264939237E-01
0.1970000000E+00      0.1884425288E+03      0.4438375251E+01      0.8446291159E-01
0.1990000000E+00      0.1904015537E+03      0.4605658837E+01      0.8628240281E-01
0.2010000000E+00      0.1923622785E+03      0.4776660653E+01      0.8810762377E-01
0.2030000000E+00      0.1943247234E+03      0.4951399694E+01      0.8993834262E-01
0.2050000000E+00      0.1962889083E+03      0.5129894634E+01      0.9177433758E-01
0.2070000000E+00      0.1982548530E+03      0.5312163835E+01      0.9360964001E-01
0.2090000000E+00      0.2002225770E+03      0.5498225370E+01      0.9545541897E-01
0.2110000000E+00      0.2021920996E+03      0.5688097037E+01      0.9730586339E-01
0.2130000000E+00      0.2041634401E+03      0.5881796371E+01      0.9916078773E-01
0.2150000000E+00      0.2061366174E+03      0.6079340664E+01      0.1010200147E+00
0.2170000000E+00      0.2081116502E+03      0.6280746974E+01      0.1028833747E+00
0.2190000000E+00      0.2100885572E+03      0.6486032140E+01      0.1047507056E+00
0.2210000000E+00      0.2120673566E+03      0.6695212795E+01      0.1066218526E+00
0.2230000000E+00      0.2140480668E+03      0.6908305377E+01      0.1084966676E+00
0.2250000000E+00      0.2160307056E+03      0.7125326143E+01      0.1103750090E+00
0.2270000000E+00      0.2180152910E+03      0.7346291177E+01      0.1122567415E+00
0.2290000000E+00      0.2200018407E+03      0.7571216399E+01      0.1141417357E+00
0.2310000000E+00      0.2219903721E+03      0.7800117581E+01      0.1160298679E+00
0.2330000000E+00      0.2239809026E+03      0.8033010352E+01      0.1179210197E+00
0.2350000000E+00      0.2259734493E+03      0.8269910205E+01      0.1198150778E+00
0.2370000000E+00      0.2279680293E+03      0.8510832512E+01      0.1217119339E+00
0.2390000000E+00      0.2299646593E+03      0.8755792525E+01      0.1236114842E+00
0.2410000000E+00      0.2319633562E+03      0.9004805388E+01      0.1255136470E+00
0.2430000000E+00      0.2339641364E+03      0.9257886142E+01      0.1274182910E+00
0.2450000000E+00      0.2359670163E+03      0.9515049733E+01      0.1293253431E+00
0.2470000000E+00      0.2379720123E+03      0.9776311019E+01      0.1312347154E+00
0.2490000000E+00      0.2399791403E+03      0.1004168477E+02      0.1331463240E+00
0.2510000000E+00      0.2419884164E+03      0.1031118569E+02      0.1350600877E+00
0.2530000000E+00      0.2439998564E+03      0.1058482839E+02      0.1369759289E+00
0.2550000000E+00      0.2460134756E+03      0.1086262765E+02      0.1388990059E+00
0.2570000000E+00      0.2480292903E+03      0.1114459753E+02      0.1408188532E+00
0.2590000000E+00      0.2500473156E+03      0.1143075268E+02      0.1427405607E+00
0.2610000000E+00      0.2520675667E+03      0.1172110748E+02      0.1446640613E+00
0.2630000000E+00      0.2540900589E+03      0.1201567625E+02      0.1465892895E+00
0.2650000000E+00      0.2561148072E+03      0.1231447327E+02      0.1485161824E+00
0.2670000000E+00      0.2581418266E+03      0.1261751277E+02      0.1504446788E+00
0.2690000000E+00      0.2601711319E+03      0.1292480895E+02      0.1523747193E+00
0.2710000000E+00      0.2622027377E+03      0.1323637595E+02      0.1543062460E+00
0.2730000000E+00      0.2642366587E+03      0.1355222789E+02      0.1562392028E+00
0.2750000000E+00      0.2662729093E+03      0.1387237885E+02      0.1581650542E+00
0.2770000000E+00      0.2683115040E+03      0.1419684286E+02      0.1601005522E+00
0.2790000000E+00      0.2703524570E+03      0.1452563395E+02      0.1620373185E+00
0.2810000000E+00      0.2723957825E+03      0.1485876608E+02      0.1639753017E+00
0.2830000000E+00      0.2744414944E+03      0.1519625321E+02      0.1659144512E+00
0.2850000000E+00      0.2764896069E+03      0.1553810926E+02      0.1678547173E+00
0.2870000000E+00      0.2785401336E+03      0.1588434811E+02      0.1697960510E+00
0.2890000000E+00      0.2805930885E+03      0.1623498364E+02      0.1717408153E+00
0.2910000000E+00      0.2826484852E+03      0.1659002968E+02      0.1736841560E+00
0.2930000000E+00      0.2847063373E+03      0.1694950004E+02      0.1756284206E+00
0.2950000000E+00      0.2867666581E+03      0.1731340851E+02      0.1775735623E+00
0.2970000000E+00      0.2888294613E+03      0.1768176883E+02      0.1795195346E+00
0.2990000000E+00      0.2908947599E+03      0.1805459474E+02      0.1814662912E+00
0.3010000000E+00      0.2929625674E+03      0.1843189994E+02      0.1834137861E+00
0.3030000000E+00      0.2950328968E+03      0.1881369810E+02      0.1853619732E+00
0.3050000000E+00      0.2971057611E+03      0.1920000286E+02      0.1873108068E+00
0.3070000000E+00      0.2991811734E+03      0.1959082784E+02      0.1892602411E+00
0.3090000000E+00      0.3012591465E+03      0.1998618663E+02      0.1912102302E+00
0.3110000000E+00      0.3033396933E+03      0.2038609278E+02      0.1931607282E+00
0.3130000000E+00      0.3054228265E+03      0.2079055982E+02      0.1951116893E+00
0.3150000000E+00      0.3075085587E+03      0.2119960122E+02      0.1970630672E+00
0.3170000000E+00      0.3095969026E+03      0.2161323046E+02      0.1990148157E+00
0.3190000000E+00      0.3116878706E+03      0.2203146094E+02      0.2009668882E+00
0.3210000000E+00      0.3137814750E+03      0.2245430611E+02      0.2029243879E+00
0.3230000000E+00      0.3158777285E+03      0.2288177921E+02      0.2048770631E+00
0.3250000000E+00      0.3179766433E+03      0.2331389360E+02      0.2068299211E+00
0.3270000000E+00      0.3200782315E+03      0.2375066255E+02      0.2087829144E+00
0.3290000000E+00      0.3221825054E+03      0.2419209927E+02      0.2107359948E+00
0.3310000000E+00      0.3242894769E+03      0.2463821696E+02      0.2126891142E+00
0.3330000000E+00      0.3263991582E+03      0.2508902875E+02      0.2146422240E+00
0.3350000000E+00      0.3285115612E+03      0.2554454772E+02      0.2165952750E+00
0.3370000000E+00      0.3306266978E+03      0.2600478692E+02      0.2185432663E+00
0.3390000000E+00      0.3327445798E+03      0.2646975935E+02      0.2204959979E+00
0.3410000000E+00      0.3348652190E+03      0.2693947793E+02      0.2224485215E+00
0.3430000000E+00      0.3369886271E+03      0.2741395556E+02      0.2244007865E+00
0.3450000000E+00      0.3391148157E+03      0.2789320506E+02      0.2263527418E+00
0.3470000000E+00      0.3412437964E+03      0.2837723922E+02      0.2283043362E+00
0.3490000000E+00      0.3433755808E+03      0.2886607074E+02      0.2302555179E+00
0.3510000000E+00      0.3455101802E+03      0.2935971227E+02      0.2322062347E+00
0.3530000000E+00      0.3476476061E+03      0.2985817642E+02      0.2341564341E+00
0.3550000000E+00      0.3497878699E+03      0.3036147571E+02      0.2361060632E+00
0.3570000000E+00      0.3519309828E+03      0.3086962260E+02      0.2380550687E+00
0.3590000000E+00      0.3540769561E+03      0.3138262949E+02      0.2400033970E+00
0.3610000000E+00      0.3562258009E+03      0.3190050870E+02      0.2419509939E+00
0.3630000000E+00      0.3583775283E+03      0.3242327249E+02      0.2438978053E+00
0.3650000000E+00      0.3605321495E+03      0.3295093305E+02      0.2458437763E+00
0.3670000000E+00      0.3626896753E+03      0.3348350247E+02      0.2477888519E+00
0.3690000000E+00      0.3648501169E+03      0.3402099280E+02      0.2497329770E+00
0.3710000000E+00      0.3670134850E+03      0.3456341598E+02      0.2516760957E+00
0.3730000000E+00      0.3691797906E+03      0.3511078390E+02      0.2536181523E+00
0.3750000000E+00      0.3713490444E+03      0.3566310834E+02      0.2555590906E+00
0.3770000000E+00      0.3735212571E+03      0.3622040102E+02      0.2574988584E+00
0.3790000000E+00      0.3756964396E+03      0.3678267357E+02      0.2594373908E+00
0.3810000000E+00      0.3778746023E+03      0.3734993753E+02      0.2613746350E+00
0.3830000000E+00      0.3800557558E+03      0.3792220435E+02      0.2633105340E+00
0.3850000000E+00      0.3822399108E+03      0.3849948540E+02      0.2652450305E+00
0.3870000000E+00      0.3844270777E+03      0.3908179196E+02      0.2671780674E+00
0.3890000000E+00      0.3866172670E+03      0.3966913522E+02      0.2691095869E+00
0.3910000000E+00      0.3888104889E+03      0.4026152626E+02      0.2710395317E+00
0.3930000000E+00      0.3910067539E+03      0.4085897608E+02      0.2729678438E+00
0.3950000000E+00      0.3932060723E+03      0.4146149560E+02      0.2748944656E+00
0.3970000000E+00      0.3954084542E+03      0.4206909561E+02      0.2768193392E+00
0.3990000000E+00      0.3976139100E+03      0.4268178682E+02      0.2787424068E+00
0.4010000000E+00      0.3998224496E+03      0.4329957984E+02      0.2806636105E+00
0.4030000000E+00      0.4020340832E+03      0.4392248519E+02      0.2825828923E+00
0.4050000000E+00      0.4042488208E+03      0.4455051327E+02      0.2845001946E+00
0.4070000000E+00      0.4064666725E+03      0.4518367439E+02      0.2864154593E+00
0.4090000000E+00      0.4086876482E+03      0.4582197874E+02      0.2883286289E+00
0.4110000000E+00      0.4109117578E+03      0.4646543643E+02      0.2902396457E+00
0.4130000000E+00      0.4131390110E+03      0.4711405746E+02      0.2921484520E+00
0.4150000000E+00      0.4153694179E+03      0.4776785169E+02      0.2940549906E+00
0.4170000000E+00      0.4176029880E+03      0.4842682893E+02      0.2959592042E+00
0.4190000000E+00      0.4198397311E+03      0.4909099884E+02      0.2978610356E+00
0.4210000000E+00      0.4220796569E+03      0.4976037097E+02      0.2997604280E+00
0.4230000000E+00      0.4243227749E+03      0.5043495480E+02      0.3016573247E+00
0.4250000000E+00      0.4265690949E+03      0.5111475965E+02      0.3035516693E+00
0.4270000000E+00      0.4288186261E+03      0.5179979477E+02      0.3054434053E+00
0.4290000000E+00      0.4310713783E+03      0.5249006927E+02      0.3073324771E+00
0.4310000000E+00      0.4333273607E+03      0.5318559216E+02      0.3092188287E+00
0.4330000000E+00      0.4355865828E+03      0.5388637235E+02      0.3111024050E+00
0.4350000000E+00      0.4378490540E+03      0.5459241861E+02      0.3129831507E+00
0.4370000000E+00      0.4401147834E+03      0.5530373963E+02      0.3148610113E+00
0.4390000000E+00      0.4423837804E+03      0.5602034394E+02      0.3167359322E+00
0.4410000000E+00      0.4446560541E+03      0.5674224001E+02      0.3186078596E+00
0.4430000000E+00      0.4469316137E+03      0.5746943616E+02      0.3204767398E+00
0.4450000000E+00      0.4492104684E+03      0.5820194060E+02      0.3223425195E+00
0.4470000000E+00      0.4514926272E+03      0.5893976143E+02      0.3242051459E+00
0.4490000000E+00      0.4537780991E+03      0.5968290664E+02      0.3260645668E+00
0.4510000000E+00      0.4560668930E+03      0.6043138410E+02      0.3279207300E+00
0.4530000000E+00      0.4583590180E+03      0.6118520156E+02      0.3297735842E+00
0.4550000000E+00      0.4606544829E+03      0.6194436665E+02      0.3316230784E+00
0.4570000000E+00      0.4629532966E+03      0.6270888690E+02      0.3334691620E+00
0.4590000000E+00      0.4652554678E+03      0.6347876972E+02      0.3353117850E+00
0.4610000000E+00      0.4675610053E+03      0.6425402240E+02      0.3371508979E+00
0.4630000000E+00      0.4698699178E+03      0.6503465210E+02      0.3389864516E+00
0.4650000000E+00      0.4721822139E+03      0.6582066590E+02      0.3408183978E+00
0.4670000000E+00      0.4744979024E+03      0.6661207074E+02      0.3426466884E+00
0.4690000000E+00      0.4768169917E+03      0.6740887344E+02      0.3444712762E+00
0.4710000000E+00      0.4791394904E+03      0.6821108072E+02      0.3462921142E+00
0.4730000000E+00      0.4814654070E+03      0.6901869918E+02      0.3481091634E+00
0.4750000000E+00      0.4837947499E+03      0.6983173529E+02      0.3499223640E+00
0.4770000000E+00      0.4861275276E+03      0.7065019544E+02      0.3517316780E+00
0.4790000000E+00      0.4884637483E+03      0.7147408587E+02      0.3535370608E+00
0.4810000000E+00      0.4908034204E+03      0.7230341273E+02      0.3553384687E+00
0.4830000000E+00      0.4931465522E+03      0.7313818204E+02      0.3571358583E+00
0.4850000000E+00      0.4954931518E+03      0.7397839972E+02      0.3589291872E+00
0.4870000000E+00      0.4978432275E+03      0.7482407156E+02      0.3607184131E+00
0.4890000000E+00      0.5001967873E+03      0.7567520327E+02      0.3625034949E+00
0.4910000000E+00      0.5025538395E+03      0.7653180040E+02      0.3642843918E+00
0.4930000000E+00      0.5049143920E+03      0.7739386844E+02      0.3660610636E+00
0.4950000000E+00      0.5072784528E+03      0.7826141273E+02      0.3678334710E+00
0.4970000000E+00      0.5096460299E+03      0.7913443852E+02      0.3696015752E+00
0.4990000000E+00      0.5120171312E+03      0.8001295094E+02      0.3713653380E+00
0.5010000000E+00      0.5143917646E+03      0.8089695501E+02      0.3731247220E+00
0.5030000000E+00      0.5167699380E+03      0.8178645566E+02      0.3748796904E+00
0.5050000000E+00      0.5191516590E+03      0.8268145767E+02      0.3766302071E+00
0.5070000000E+00      0.5215369355E+03      0.8358196577E+02      0.3783762365E+00
0.5090000000E+00      0.5239257752E+03      0.8448798452E+02      0.3801177439E+00
0.5110000000E+00      0.5263181857E+03      0.8539951843E+02      0.3818546953E+00
0.5130000000E+00      0.5287141747E+03      0.8631657187E+02      0.3835870570E+00
0.5150000000E+00      0.5311137496E+03      0.8723914912E+02      0.3853147965E+00
0.5170000000E+00      0.5335169181E+03      0.8816725433E+02      0.3870378815E+00
0.5190000000E+00      0.5359236877E+03      0.8910089159E+02      0.3887562807E+00
0.5210000000E+00      0.5383340657E+03      0.9004006485E+02      0.3904699634E+00
0.5230000000E+00      0.5407480597E+03      0.9098477797E+02      0.3921788994E+00
0.5250000000E+00      0.5431656769E+03      0.9193503470E+02      0.3938830595E+00
0.5270000000E+00      0.5455869247E+03      0.9289083872E+02      0.3955824149E+00
0.5290000000E+00      0.5480118103E+03      0.9385219357E+02      0.3972769376E+00
0.5310000000E+00      0.5504403411E+03      0.9481910271E+02      0.3989666002E+00
0.5330000000E+00      0.5528725242E+03      0.9579156950E+02      0.4006513762E+00
0.5350000000E+00      0.5553083667E+03      0.9676959721E+02      0.4023312394E+00
0.5370000000E+00      0.5577478758E+03      0.9775318899E+02      0.4040061646E+00
0.5390000000E+00      0.5601910585E+03      0.9874234792E+02      0.4056761271E+00
0.5410000000E+00      0.5626379220E+03      0.9973707697E+02      0.4073411029E+00
0.5430000000E+00      0.5650884730E+03      0.1007373790E+03      0.4090010686E+00
0.5450000000E+00      0.5675427188E+03      0.1017432568E+03      0.4106560017E+00
0.5470000000E+00      0.5700006660E+03      0.1027547131E+03      0.4123058800E+00
0.5490000000E+00      0.5724623216E+03      0.1037717505E+03      0.4139506823E+00
0.5510000000E+00      0.5749276925E+03      0.1047943715E+03      0.4155903877E+00
0.5530000000E+00      0.5773967853E+03      0.1058225784E+03      0.4172249764E+00
0.5550000000E+00      0.5798696069E+03      0.1068563737E+03      0.4188544287E+00
0.5570000000E+00      0.5823461640E+03      0.1078957596E+03      0.4204787260E+00
0.5590000000E+00      0.5848264632E+03      0.1089407381E+03      0.4220978501E+00
0.5610000000E+00      0.5873105111E+03      0.1099913115E+03      0.4237117835E+00
0.5630000000E+00      0.5897983144E+03      0.1110474816E+03      0.4253205092E+00
0.5650000000E+00      0.5922898795E+03      0.1121092504E+03      0.4269240111E+00
0.5670000000E+00      0.5947852130E+03      0.1131766197E+03      0.4285222735E+00
0.5690000000E+00      0.5972843214E+03      0.1142495912E+03      0.4301152814E+00
0.5710000000E+00      0.5997872110E+03      0.1153281665E+03      0.4317030202E+00
0.5730000000E+00      0.6022938883E+03      0.1164123472E+03      0.4332854763E+00
0.5750000000E+00      0.6048043596E+03      0.1175021348E+03      0.4348626363E+00
0.5770000000E+00      0.6073186312E+03      0.1185975308E+03      0.4364344876E+00
0.5790000000E+00      0.6098367094E+03      0.1196985363E+03      0.4380010182E+00
0.5810000000E+00      0.6123586005E+03      0.1208051527E+03      0.4395622230E+00
0.5830000000E+00      0.6148843105E+03      0.1219173811E+03      0.4411180783E+00
0.5850000000E+00      0.6174138457E+03      0.1230352227E+03      0.4426685801E+00
0.5870000000E+00      0.6199472121E+03      0.1241586785E+03      0.4442137187E+00
0.5890000000E+00      0.6224844159E+03      0.1252877493E+03      0.4457534849E+00
0.5910000000E+00      0.6250254631E+03      0.1264224361E+03      0.4472878700E+00
0.5930000000E+00      0.6275703597E+03      0.1275627396E+03      0.4488168660E+00
0.5950000000E+00      0.6301191117E+03      0.1287086606E+03      0.4503404652E+00
0.5970000000E+00      0.6326717249E+03      0.1298601998E+03      0.4518586606E+00
0.5990000000E+00      0.6352282052E+03      0.1310173577E+03      0.4533714457E+00
0.6010000000E+00      0.6377885586E+03      0.1321801349E+03      0.4548788145E+00
0.6030000000E+00      0.6403527908E+03      0.1333485318E+03      0.4563807616E+00
0.6050000000E+00      0.6429209076E+03      0.1345225487E+03      0.4578772819E+00
0.6070000000E+00      0.6454929148E+03      0.1357021860E+03      0.4593683711E+00
0.6090000000E+00      0.6480688179E+03      0.1368874440E+03      0.4608540251E+00
0.6110000000E+00      0.6506486228E+03      0.1380783228E+03      0.4623342404E+00
0.6130000000E+00      0.6532323350E+03      0.1392748226E+03      0.4638090141E+00
0.6150000000E+00      0.6558199601E+03      0.1404769434E+03      0.4652783436E+00
0.6170000000E+00      0.6584115037E+03      0.1416846851E+03      0.4667422270E+00
0.6190000000E+00      0.6610069713E+03      0.1428980478E+03      0.4682006625E+00
0.6210000000E+00      0.6636063683E+03      0.1441170314E+03      0.4696536491E+00
0.6230000000E+00      0.6662097003E+03      0.1453416356E+03      0.4711011861E+00
0.6250000000E+00      0.6688169726E+03      0.1465718601E+03      0.4725432733E+00
0.6270000000E+00      0.6714281906E+03      0.1478077048E+03      0.4739799108E+00
0.6290000000E+00      0.6740433597E+03      0.1490491691E+03      0.4754110993E+00
0.6310000000E+00      0.6766624851E+03      0.1502962528E+03      0.4768368399E+00
0.6330000000E+00      0.6792855721E+03      0.1515489554E+03      0.4782571340E+00
0.6350000000E+00      0.6819126260E+03      0.1528072763E+03      0.4796719835E+00
0.6370000000E+00      0.6845436520E+03      0.1540712149E+03      0.4810813908E+00
0.6390000000E+00      0.6871786551E+03      0.1553407706E+03      0.4824853585E+00
0.6410000000E+00      0.6898176407E+03      0.1566159428E+03      0.4838838896E+00
0.6430000000E+00      0.6924606137E+03      0.1578967307E+03      0.4852769877E+00
0.6450000000E+00      0.6951075792E+03      0.1591831335E+03      0.4866646567E+00
0.6470000000E+00      0.6977585422E+03      0.1604751503E+03      0.4880469007E+00
0.6490000000E+00      0.7004135078E+03      0.1617727804E+03      0.4894237243E+00
0.6510000000E+00      0.7030724809E+03      0.1630760228E+03      0.4907951325E+00
0.6530000000E+00      0.7057354665E+03      0.1643848764E+03      0.4921611307E+00
0.6550000000E+00      0.7084024694E+03      0.1656993403E+03      0.4935217243E+00
0.6570000000E+00      0.7110734944E+03      0.1670194134E+03      0.4948769196E+00
0.6590000000E+00      0.7137485465E+03      0.1683450946E+03      0.4962267227E+00
0.6610000000E+00      0.7164276304E+03      0.1696763827E+03      0.4975711404E+00
0.6630000000E+00      0.7191107509E+03      0.1710132765E+03      0.4989101796E+00
0.6650000000E+00      0.7217979127E+03      0.1723557748E+03      0.5002438477E+00
0.6670000000E+00      0.7244891205E+03      0.1737038762E+03      0.5015721523E+00
0.6690000000E+00      0.7271843790E+03      0.1750575795E+03      0.5028951012E+00
0.6710000000E+00      0.7298836928E+03      0.1764168833E+03      0.5042127028E+00
0.6730000000E+00      0.7325870665E+03      0.1777817861E+03      0.5055249656E+00
0.6750000000E+00      0.7352945047E+03      0.1791522866E+03      0.5068318982E+00
0.6770000000E+00      0.7380060120E+03      0.1805283831E+03      0.5081335100E+00
0.6790000000E+00      0.7407215927E+03      0.1819100743E+03      0.5094298101E+00
0.6810000000E+00      0.7434412515E+03      0.1832973584E+03      0.5107208083E+00
0.6830000000E+00      0.7461649928E+03      0.1846902340E+03      0.5120065145E+00
0.6850000000E+00      0.7488928210E+03      0.1860886994E+03      0.5132869388E+00
0.6870000000E+00      0.7516247404E+03      0.1874927529E+03      0.5145620916E+00
0.6890000000E+00      0.7543607554E+03      0.1889023928E+03      0.5158319837E+00
0.6910000000E+00      0.7571008704E+03      0.1903176173E+03      0.5170966259E+00
0.6930000000E+00      0.7598450896E+03      0.1917384247E+03      0.5183560294E+00
0.6950000000E+00      0.7625934173E+03      0.1931648132E+03      0.5196102055E+00
0.6970000000E+00      0.7653458578E+03      0.1945967809E+03      0.5208591660E+00
0.6990000000E+00      0.7681024152E+03      0.1960343260E+03      0.5221029226E+00
0.7010000000E+00      0.7708630938E+03      0.1974774465E+03      0.5233414874E+00
0.7030000000E+00      0.7736278976E+03      0.1989261405E+03      0.5245748726E+00
0.7050000000E+00      0.7763968308E+03      0.2003804061E+03      0.5258030907E+00
0.7070000000E+00      0.7791698974E+03      0.2018402412E+03      0.5270261545E+00
0.7090000000E+00      0.7819471016E+03      0.2033056439E+03      0.5282440767E+00
0.7110000000E+00      0.7847284474E+03      0.2047766121E+03      0.5294568705E+00
0.7130000000E+00      0.7875139387E+03      0.2062531436E+03      0.5306645491E+00
0.7150000000E+00      0.7903035796E+03      0.2077352365E+03      0.5318671305E+00
0.7170000000E+00      0.7930973740E+03      0.2092228885E+03      0.5330646192E+00
0.7190000000E+00      0.7958953258E+03      0.2107160976E+03      0.5342570336E+00
0.7210000000E+00      0.7986974388E+03      0.2122148614E+03      0.5354443876E+00
0.7230000000E+00      0.8015037171E+03      0.2137191779E+03      0.5366266954E+00
0.7250000000E+00      0.8043141643E+03      0.2152290448E+03      0.5378039712E+00
0.7270000000E+00      0.8071287843E+03      0.2167444598E+03      0.5389762296E+00
0.7290000000E+00      0.8099475809E+03      0.2182654206E+03      0.5401434850E+00
0.7310000000E+00      0.8127705578E+03      0.2197919250E+03      0.5413057523E+00
0.7330000000E+00      0.8155977188E+03      0.2213239707E+03      0.5424630463E+00
0.7350000000E+00      0.8184290676E+03      0.2228615552E+03      0.5436153821E+00
0.7370000000E+00      0.8212646078E+03      0.2244046762E+03      0.5447627748E+00
0.7390000000E+00      0.8241043431E+03      0.2259533314E+03      0.5459052398E+00
0.7410000000E+00      0.8269482771E+03      0.2275075183E+03      0.5470427924E+00
0.7430000000E+00      0.8297964134E+03      0.2290672345E+03      0.5481754482E+00
0.7450000000E+00      0.8326487555E+03      0.2306324775E+03      0.5493032228E+00
0.7470000000E+00      0.8355053071E+03      0.2322032449E+03      0.5504261321E+00
0.7490000000E+00      0.8383660715E+03      0.2337795342E+03      0.5515441919E+00
0.7510000000E+00      0.8412310524E+03      0.2353613429E+03      0.5526574183E+00
0.7530000000E+00      0.8441002532E+03      0.2369486685E+03      0.5537658273E+00
0.7550000000E+00      0.8469736773E+03      0.2385415084E+03      0.5548694351E+00
0.7570000000E+00      0.8498513282E+03      0.2401398601E+03      0.5559682581E+00
0.7590000000E+00      0.8527332092E+03      0.2417437210E+03      0.5570623127E+00
0.7610000000E+00      0.8556193237E+03      0.2433530886E+03      0.5581516153E+00
0.7630000000E+00      0.8585096750E+03      0.2449679602E+03      0.5592361825E+00
0.7650000000E+00      0.8614042665E+03      0.2465883332E+03      0.5603160310E+00
0.7670000000E+00      0.8643031015E+03      0.2482142050E+03      0.5613911775E+00
0.7690000000E+00      0.8672061831E+03      0.2498455729E+03      0.5624616388E+00
0.7710000000E+00      0.8701135148E+03      0.2514824344E+03      0.5635274318E+00
0.7730000000E+00      0.8730250996E+03      0.2531247866E+03      0.5645885735E+00
0.7750000000E+00      0.8759409409E+03      0.2547726270E+03      0.5656450809E+00
0.7770000000E+00      0.8788610417E+03      0.2564259528E+03      0.5666969711E+00
0.7790000000E+00      0.8817854052E+03      0.2580847614E+03      0.5677442613E+00
0.7810000000E+00      0.8847140346E+03      0.2597490499E+03      0.5687869686E+00
0.7830000000E+00      0.8876469329E+03      0.2614188158E+03      0.5698251104E+00
0.7850000000E+00      0.8905841033E+03      0.2630940561E+03      0.5708587039E+00
0.7870000000E+00      0.8935255488E+03      0.2647747683E+03      0.5718877665E+00
0.7890000000E+00      0.8964712724E+03      0.2664609494E+03      0.5729123158E+00
0.7910000000E+00      0.8994212771E+03      0.2681525969E+03      0.5739323690E+00
0.7930000000E+00      0.9023755660E+03      0.2698497077E+03      0.5749479437E+00
0.7950000000E+00      0.9053341420E+03      0.2715522793E+03      0.5759590576E+00
0.7970000000E+00      0.9082970081E+03      0.2732603087E+03      0.5769657280E+00
0.7990000000E+00      0.9112641672E+03      0.2749737931E+03      0.5779679728E+00
0.8010000000E+00      0.9142356221E+03      0.2766927298E+03      0.5789658095E+00
0.8030000000E+00      0.9172113759E+03      0.2784171159E+03      0.5799592558E+00
0.8050000000E+00      0.9201914313E+03      0.2801469485E+03      0.5809483294E+00
0.8070000000E+00      0.9231757911E+03      0.2818822249E+03      0.5819330480E+00
0.8090000000E+00      0.9261644583E+03      0.2836229421E+03      0.5829134295E+00
0.8110000000E+00      0.9291574356E+03      0.2853690974E+03      0.5838894915E+00
0.8130000000E+00      0.9321547257E+03      0.2871206878E+03      0.5848612519E+00
0.8150000000E+00      0.9351563315E+03      0.2888777105E+03      0.5858287285E+00
0.8170000000E+00      0.9381622557E+03      0.2906401626E+03      0.5867919391E+00
0.8190000000E+00      0.9411725009E+03      0.2924080413E+03      0.5877509016E+00
0.8210000000E+00      0.9441870700E+03      0.2941813435E+03      0.5887056337E+00
0.8230000000E+00      0.9472059655E+03      0.2959600666E+03      0.5896561534E+00
0.8250000000E+00      0.9502291901E+03      0.2977442074E+03      0.5906024785E+00
0.8270000000E+00      0.9532567464E+03      0.2995337632E+03      0.5915446269E+00
0.8290000000E+00      0.9562886372E+03      0.3013287311E+03      0.5924826164E+00
0.8310000000E+00      0.9593248649E+03      0.3031291081E+03      0.5934164649E+00
0.8330000000E+00      0.9623654321E+03      0.3049348913E+03      0.5943461903E+00
0.8350000000E+00      0.9654103415E+03      0.3067460777E+03      0.5952718104E+00
0.8370000000E+00      0.9684595955E+03      0.3085626646E+03      0.5961933431E+00
0.8390000000E+00      0.9715131966E+03      0.3103846489E+03      0.5971108063E+00
0.8410000000E+00      0.9745711474E+03      0.3122120277E+03      0.5980242177E+00
0.8430000000E+00      0.9776334503E+03      0.3140447981E+03      0.5989335952E+00
0.8450000000E+00      0.9807001079E+03      0.3158829571E+03      0.5998389567E+00
0.8470000000E+00      0.9837711225E+03      0.3177265019E+03      0.6007403199E+00
0.8490000000E+00      0.9868464965E+03      0.3195754294E+03      0.6016377027E+00
0.8510000000E+00      0.9899262324E+03      0.3214297368E+03      0.6025311227E+00
0.8530000000E+00      0.9930103326E+03      0.3232894211E+03      0.6034205978E+00
0.8550000000E+00      0.9960987995E+03      0.3251544793E+03      0.6043061458E+00
0.8570000000E+00      0.9991916353E+03      0.3270249085E+03      0.6051877842E+00
0.8590000000E+00      0.1002288842E+04      0.3289007058E+03      0.6060655309E+00
0.8610000000E+00      0.1005390423E+04      0.3307818682E+03      0.6069394035E+00
0.8630000000E+00      0.1008496380E+04      0.3326683927E+03      0.6078094196E+00
0.8650000000E+00      0.1011606715E+04      0.3345602765E+03      0.6086755969E+00
0.8670000000E+00      0.1014721430E+04      0.3364575166E+03      0.6095379529E+00
0.8690000000E+00      0.1017840529E+04      0.3383601099E+03      0.6103965053E+00
0.8710000000E+00      0.1020964012E+04      0.3402680537E+03      0.6112512716E+00
0.8730000000E+00      0.1024091882E+04      0.3421813448E+03      0.6121022693E+00
0.8750000000E+00      0.1027224142E+04      0.3440999805E+03      0.6129495158E+00
0.8770000000E+00      0.1030360793E+04      0.3460239576E+03      0.6137930286E+00
0.8790000000E+00      0.1033501838E+04      0.3479532734E+03      0.6146328252E+00
0.8810000000E+00      0.1036647279E+04      0.3498879248E+03      0.6154689254E+00
0.8830000000E+00      0.1039797118E+04      0.3518279089E+03      0.6163013415E+00
0.8850000000E+00      0.1042951357E+04      0.3537732227E+03      0.6171300933E+00
0.8870000000E+00      0.1046109998E+04      0.3557238633E+03      0.6179551981E+00
0.8890000000E+00      0.1049273043E+04      0.3576798278E+03      0.6187766731E+00
0.8910000000E+00      0.1052440495E+04      0.3596411132E+03      0.6195945355E+00
0.8930000000E+00      0.1055612356E+04      0.3616077167E+03      0.6204088025E+00
0.8950000000E+00      0.1058788626E+04      0.3635796351E+03      0.6212194912E+00
0.8970000000E+00      0.1061969309E+04      0.3655568657E+03      0.6220266186E+00
0.8990000000E+00      0.1065154407E+04      0.3675394055E+03      0.6228302017E+00
0.9010000000E+00      0.1068343921E+04      0.3695272516E+03      0.6236302575E+00
0.9030000000E+00      0.1071537853E+04      0.3715204010E+03      0.6244268030E+00
0.9050000000E+00      0.1074736206E+04      0.3735188508E+03      0.6252198551E+00
0.9070000000E+00      0.1077938981E+04      0.3755225981E+03      0.6260094305E+00
0.9090000000E+00      0.1081146181E+04      0.3775316400E+03      0.6267955460E+00
0.9110000000E+00      0.1084357806E+04      0.3795459736E+03      0.6275782185E+00
0.9130000000E+00      0.1087573860E+04      0.3815655959E+03      0.6283574645E+00
0.9150000000E+00      0.1090794343E+04      0.3835905040E+03      0.6291333008E+00
0.9170000000E+00      0.1094019259E+04      0.3856206951E+03      0.6299057440E+00
0.9190000000E+00      0.1097248608E+04      0.3876561662E+03      0.6306748105E+00
0.9210000000E+00      0.1100482392E+04      0.3896969145E+03      0.6314405169E+00
0.9230000000E+00      0.1103720614E+04      0.3917429370E+03      0.6322028796E+00
0.9250000000E+00      0.1106963275E+04      0.3937942309E+03      0.6329619150E+00
0.9270000000E+00      0.1110210377E+04      0.3958507932E+03      0.6337176395E+00
0.9290000000E+00      0.1113461921E+04      0.3979126212E+03      0.6344700694E+00
0.9310000000E+00      0.1116717910E+04      0.3999797118E+03      0.6352192207E+00
0.9330000000E+00      0.1119978346E+04      0.4020520623E+03      0.6359651099E+00
0.9350000000E+00      0.1123243229E+04      0.4041296698E+03      0.6367077528E+00
0.9370000000E+00      0.1126512562E+04      0.4062125314E+03      0.6374471658E+00
0.9390000000E+00      0.1129786346E+04      0.4083006442E+03      0.6381833646E+00
0.9410000000E+00      0.1133064584E+04      0.4103940054E+03      0.6389163654E+00
0.9430000000E+00      0.1136347276E+04      0.4124926121E+03      0.6396461840E+00
0.9450000000E+00      0.1139634425E+04      0.4145964616E+03      0.6403728362E+00
0.9470000000E+00      0.1142926032E+04      0.4167055508E+03      0.6410963378E+00
0.9490000000E+00      0.1146222098E+04      0.4188198771E+03      0.6418167046E+00
0.9510000000E+00      0.1149522626E+04      0.4209394376E+03      0.6425339522E+00
0.9530000000E+00      0.1152827617E+04      0.4230642295E+03      0.6432480962E+00
0.9550000000E+00      0.1156137073E+04      0.4251942498E+03      0.6439591523E+00
0.9570000000E+00      0.1159450995E+04      0.4273294959E+03      0.6446671358E+00
0.9590000000E+00      0.1162769385E+04      0.4294699650E+03      0.6453720622E+00
0.9610000000E+00      0.1166092244E+04      0.4316156541E+03      0.6460739469E+00
0.9630000000E+00      0.1169419575E+04      0.4337665605E+03      0.6467728053E+00
0.9650000000E+00      0.1172751377E+04      0.4359226814E+03      0.6474686525E+00
0.9670000000E+00      0.1176087654E+04      0.4380840141E+03      0.6481615037E+00
0.9690000000E+00      0.1179428406E+04      0.4402505557E+03      0.6488513742E+00
0.9710000000E+00      0.1182773636E+04      0.4424223035E+03      0.6495382789E+00
0.9730000000E+00      0.1186123344E+04      0.4445992546E+03      0.6502222329E+00
0.9750000000E+00      0.1189477532E+04      0.4467814064E+03      0.6509032511E+00
0.9770000000E+00      0.1192836202E+04      0.4489687561E+03      0.6515813484E+00
0.9790000000E+00      0.1196199354E+04      0.4511613009E+03      0.6522565397E+00
0.9810000000E+00      0.1199566991E+04      0.4533590380E+03      0.6529288397E+00
0.9830000000E+00      0.1202939114E+04      0.4555619648E+03      0.6535982632E+00
0.9850000000E+00      0.1206315724E+04      0.4577700785E+03      0.6542648247E+00
0.9870000000E+00      0.1209696823E+04      0.4599833763E+03      0.6549285389E+00
0.9890000000E+00      0.1213082413E+04      0.4622018556E+03      0.6555894202E+00
0.9910000000E+00      0.1216472493E+04      0.4644255136E+03      0.6562474832E+00
0.9930000000E+00      0.1219867067E+04      0.4666543477E+03      0.6569027421E+00
0.9950000000E+00      0.1223266135E+04      0.4688883550E+03      0.6575552115E+00
0.9970000000E+00      0.1226669699E+04      0.4711275330E+03      0.6582049054E+00
0.9990000000E+00      0.1230077759E+04      0.4733718789E+03      0.6588518382E+00
0.1001000000E+01      0.1233490318E+04      0.4756213900E+03      0.6594960240E+00
0.1003000000E+01      0.1236907377E+04      0.4778760637E+03      0.6601374768E+00
0.1005000000E+01      0.1240328937E+04      0.4801358973E+03      0.6607762107E+00
0.1007000000E+01      0.1243754999E+04      0.4824008881E+03      0.6614122396E+00
0.1009000000E+01      0.1247185564E+04      0.4846710335E+03      0.6620455775E+00
0.1011000000E+01      0.1250620635E+04      0.4869463309E+03      0.6626762381E+00
0.1013000000E+01      0.1254060211E+04      0.4892267775E+03      0.6633042352E+00
0.1015000000E+01      0.1257504295E+04      0.4915123708E+03      0.6639295826E+00
0.1017000000E+01      0.1260952888E+04      0.4938031080E+03      0.6645522938E+00
0.1019000000E+01      0.1264405991E+04      0.4960989867E+03      0.6651723824E+00
0.1021000000E+01      0.1267863605E+04      0.4984000041E+03      0.6657898620E+00
0.1023000000E+01      0.1271325731E+04      0.5007061578E+03      0.6664047460E+00
0.1025000000E+01      0.1274792371E+04      0.5030174449E+03      0.6670170478E+00
0.1027000000E+01      0.1278263526E+04      0.5053338631E+03      0.6676267807E+00
0.1029000000E+01      0.1281739197E+04      0.5076554096E+03      0.6682339580E+00
0.1031000000E+01      0.1285219385E+04      0.5099820819E+03      0.6688385929E+00
0.1033000000E+01      0.1288704091E+04      0.5123138775E+03      0.6694406985E+00
0.1035000000E+01      0.1292193318E+04      0.5146507937E+03      0.6700402879E+00
0.1037000000E+01      0.1295687064E+04      0.5169928280E+03      0.6706373741E+00
0.1039000000E+01      0.1299185333E+04      0.5193399778E+03      0.6712319700E+00
0.1041000000E+01      0.1302688125E+04      0.5216922407E+03      0.6718240886E+00
0.1043000000E+01      0.1306195440E+04      0.5240496140E+03      0.6724137427E+00
0.1045000000E+01      0.1309707281E+04      0.5264120952E+03      0.6730009449E+00
0.1047000000E+01      0.1313223649E+04      0.5287796819E+03      0.6735857081E+00
0.1049000000E+01      0.1316744544E+04      0.5311523714E+03      0.6741680449E+00
0.1051000000E+01      0.1320269967E+04      0.5335301613E+03      0.6747479678E+00
0.1053000000E+01      0.1323799920E+04      0.5359130491E+03      0.6753254893E+00
0.1055000000E+01      0.1327334404E+04      0.5383010323E+03      0.6759006220E+00
0.1057000000E+01      0.1330873420E+04      0.5406941084E+03      0.6764733781E+00
0.1059000000E+01      0.1334416969E+04      0.5430922749E+03      0.6770437701E+00
0.1061000000E+01      0.1337965051E+04      0.5454955293E+03      0.6776118101E+00
0.1063000000E+01      0.1341517669E+04      0.5479038692E+03      0.6781775104E+00
0.1065000000E+01      0.1345074822E+04      0.5503172921E+03      0.6787408831E+00
0.1067000000E+01      0.1348636513E+04      0.5527357956E+03      0.6793019404E+00
0.1069000000E+01      0.1352202741E+04      0.5551593772E+03      0.6798606942E+00
0.1071000000E+01      0.1355773509E+04      0.5575880346E+03      0.6804171564E+00
0.1073000000E+01      0.1359348816E+04      0.5600217651E+03      0.6809713391E+00
0.1075000000E+01      0.1362928665E+04      0.5624605665E+03      0.6815232539E+00
0.1077000000E+01      0.1366513056E+04      0.5649044363E+03      0.6820729128E+00
0.1079000000E+01      0.1370101989E+04      0.5673533722E+03      0.6826203274E+00
0.1081000000E+01      0.1373695467E+04      0.5698073716E+03      0.6831655094E+00
0.1083000000E+01      0.1377293490E+04      0.5722664323E+03      0.6837084704E+00
0.1085000000E+01      0.1380896058E+04      0.5747305519E+03      0.6842492218E+00
0.1087000000E+01      0.1384503173E+04      0.5771997279E+03      0.6847877753E+00
0.1089000000E+01      0.1388114836E+04      0.5796739579E+03      0.6853241422E+00
0.1091000000E+01      0.1391731048E+04      0.5821532398E+03      0.6858583338E+00
0.1093000000E+01      0.1395351809E+04      0.5846375710E+03      0.6863903615E+00
0.1095000000E+01      0.1398977121E+04      0.5871269492E+03      0.6869202365E+00
0.1097000000E+01      0.1402606984E+04      0.5896213721E+03      0.6874479701E+00
0.1099000000E+01      0.1406241400E+04      0.5921208374E+03      0.6879735732E+00
0.1101000000E+01      0.1409880368E+04      0.5946253428E+03      0.6884970570E+00
0.1103000000E+01      0.1413523891E+04      0.5971348858E+03      0.6890184339E+00
0.1105000000E+01      0.1417171969E+04      0.5996494643E+03      0.6895377120E+00
0.1107000000E+01      0.1420824603E+04      0.6021690758E+03      0.6900549037E+00
0.1109000000E+01      0.1424481793E+04      0.6046937182E+03      0.6905700197E+00
0.1111000000E+01      0.1428143541E+04      0.6072233891E+03      0.6910830709E+00
0.1113000000E+01      0.1431809847E+04      0.6097580863E+03      0.6915940679E+00
0.1115000000E+01      0.1435480712E+04      0.6122978074E+03      0.6921030214E+00
0.1117000000E+01      0.1439156138E+04      0.6148425502E+03      0.6926099421E+00
0.1119000000E+01      0.1442836124E+04      0.6173923125E+03      0.6931148404E+00
0.1121000000E+01      0.1446520672E+04      0.6199470920E+03      0.6936177269E+00
0.1123000000E+01      0.1450209783E+04      0.6225068864E+03      0.6941186120E+00
0.1125000000E+01      0.1453903457E+04      0.6250716936E+03      0.6946175060E+00
0.1127000000E+01      0.1457601695E+04      0.6276415113E+03      0.6951144194E+00
0.1129000000E+01      0.1461304498E+04      0.6302163372E+03      0.6956093623E+00
0.1131000000E+01      0.1465011866E+04      0.6327961692E+03      0.6961023450E+00
0.1133000000E+01      0.1468723801E+04      0.6353810050E+03      0.6965933777E+00
0.1135000000E+01      0.1472440304E+04      0.6379708425E+03      0.6970824703E+00
0.1137000000E+01      0.1476161374E+04      0.6405656795E+03      0.6975696331E+00
0.1139000000E+01      0.1479887013E+04      0.6431655138E+03      0.6980548759E+00
0.1141000000E+01      0.1483617221E+04      0.6457703431E+03      0.6985382088E+00
0.1143000000E+01      0.1487352000E+04      0.6483801654E+03      0.6990196416E+00
0.1145000000E+01      0.1491091350E+04      0.6509949785E+03      0.6994991840E+00
0.1147000000E+01      0.1494835271E+04      0.6536147802E+03      0.6999768461E+00
0.1149000000E+01      0.1498583765E+04      0.6562395684E+03      0.7004526373E+00
0.1151000000E+01      0.1502336833E+04      0.6588693409E+03      0.7009265675E+00
0.1153000000E+01      0.1506094473E+04      0.6615040956E+03      0.7013986462E+00
0.1155000000E+01      0.1509856689E+04      0.6641438304E+03      0.7018688829E+00
0.1157000000E+01      0.1513623480E+04      0.6667885431E+03      0.7023372873E+00
0.1159000000E+01      0.1517394847E+04      0.6694382317E+03      0.7028038687E+00
0.1161000000E+01      0.1521170790E+04      0.6720928941E+03      0.7032686366E+00
0.1163000000E+01      0.1524951311E+04      0.6747525281E+03      0.7037316003E+00
0.1165000000E+01      0.1528736410E+04      0.6774171316E+03      0.7041927692E+00
0.1167000000E+01      0.1532526087E+04      0.6800867027E+03      0.7046521525E+00
0.1169000000E+01      0.1536320344E+04      0.6827612391E+03      0.7051097592E+00
0.1171000000E+01      0.1540119181E+04      0.6854407389E+03      0.7055655988E+00
0.1173000000E+01      0.1543922599E+04      0.6881252000E+03      0.7060196802E+00
0.1175000000E+01      0.1547730597E+04      0.6908146203E+03      0.7064720125E+00
0.1177000000E+01      0.1551543178E+04      0.6935089978E+03      0.7069226046E+00
0.1179000000E+01      0.1555360342E+04      0.6962083304E+03      0.7073714656E+00
0.1181000000E+01      0.1559182088E+04      0.6989126162E+03      0.7078186044E+00
0.1183000000E+01      0.1563008419E+04      0.7016218530E+03      0.7082640297E+00
0.1185000000E+01      0.1566839334E+04      0.7043360389E+03      0.7087077504E+00
0.1187000000E+01      0.1570674834E+04      0.7070551719E+03      0.7091497752E+00
0.1189000000E+01      0.1574514919E+04      0.7097792500E+03      0.7095901129E+00
0.1191000000E+01      0.1578359591E+04      0.7125082711E+03      0.7100287721E+00
0.1193000000E+01      0.1582208850E+04      0.7152422332E+03      0.7104657613E+00
0.1195000000E+01      0.1586062697E+04      0.7179811345E+03      0.7109010893E+00
0.1197000000E+01      0.1589921131E+04      0.7207249729E+03      0.7113347644E+00
0.1199000000E+01      0.1593784154E+04      0.7234737465E+03      0.7117667952E+00
