      Rhob                Epsilon              Pressure               SoundV
0.4730000000E-14      0.4409040000E-11      0.6303830000E-24      0.2528270000E-09
0.4760000000E-14      0.4431480000E-11      0.6303830000E-23      0.3286900000E-09
0.4910000000E-14      0.4571720000E-11      0.6303830000E-22      0.3811090000E-09
0.6990000000E-14      0.6506980000E-11      0.7552120000E-21      0.1661210000E-08
0.9900000000E-14      0.9199530000E-11      0.8737990000E-20      0.4506330000E-08
0.2720000000E-13      0.2529870000E-10      0.1061040000E-18      0.2185710000E-07
0.1270000000E-12      0.1189210000E-09      0.3632510000E-17      0.1280710000E-06
0.6930000000E-12      0.6450890000E-09      0.1185870000E-15      0.6813760000E-06
0.6295000000E-11      0.5856290000E-08      0.6081640000E-14      0.1980100000E-05
0.1581000000E-10      0.1470800000E-07      0.3100740000E-13      0.4121830000E-05
0.3972000000E-10      0.3694960000E-07      0.1517290000E-12      0.7788630000E-05
0.9976000000E-10      0.9278060000E-07      0.7183870000E-12      0.1422460000E-04
0.2506000000E-09      0.2331300000E-06      0.3286730000E-11      0.2500930000E-04
0.6294000000E-09      0.5856290000E-06      0.1446760000E-10      0.4207890000E-04
0.1581000000E-08      0.1470800000E-05      0.6088500000E-10      0.6739699893E-04
0.3972000000E-08      0.3695520000E-05      0.2441020000E-09      0.8516180000E-04
0.5000000000E-08      0.4651930000E-05      0.3282360000E-09      0.1052360000E-03
0.9976000000E-08      0.9283670000E-05      0.8956430000E-09      0.1422520000E-03
0.1990000000E-07      0.1852250000E-04      0.2392340000E-08      0.1863930000E-03
0.3972000000E-07      0.3696080000E-04      0.6278870000E-08      0.2408930000E-03
0.7924000000E-07      0.7376450000E-04      0.1625270000E-07      0.3085620000E-03
0.1581000000E-06      0.1471920000E-03      0.4166770000E-07      0.3417580000E-03
0.1990000000E-06      0.1853370000E-03      0.5453750000E-07      0.3860480000E-03
0.3155000000E-06      0.2937680000E-03      0.1016730000E-06      0.4315500000E-03
0.5000000000E-06      0.4656420000E-03      0.1890530000E-06      0.4889620000E-03
0.6294000000E-06      0.5861890000E-03      0.2577080000E-06      0.5509610000E-03
0.7924000000E-06      0.7382060000E-03      0.3143180000E-06      0.6137740000E-03
0.9976000000E-06      0.9294890000E-03      0.4281610000E-06      0.6540150000E-03
0.1581000000E-05      0.1470000000E-02      0.7939080000E-06      0.7285460000E-03
0.2506000000E-05      0.2340000000E-02      0.1470480000E-05      0.8500470000E-03
0.3972000000E-05      0.3700000000E-02      0.2722510000E-05      0.8906300000E-03
0.5000000000E-05      0.4660000000E-02      0.3533890000E-05      0.9510480000E-03
0.6294000000E-05      0.5870000000E-02      0.4807140000E-05      0.1100000000E-02
0.7924000000E-05      0.7390000000E-02      0.6541010000E-05      0.1180000000E-02
0.9976000000E-05      0.9310000000E-02      0.8894020000E-05      0.1280000000E-02
0.1256000000E-04      0.1172000000E-01      0.1209590000E-04      0.1300000000E-02
0.1581000000E-04      0.1476000000E-01      0.1562230000E-04      0.1320000000E-02
0.1990000000E-04      0.1858000000E-01      0.2124580000E-04      0.1390000000E-02
0.2506000000E-04      0.2340000000E-01      0.2888530000E-04      0.1470000000E-02
0.3155000000E-04      0.2947000000E-01      0.3713020000E-04      0.1550000000E-02
0.3972000000E-04      0.3712000000E-01      0.5048680000E-04      0.1820000000E-02
0.5000000000E-04      0.4674000000E-01      0.6865560000E-04      0.1960000000E-02
0.6294000000E-04      0.5884000000E-01      0.9330920000E-04      0.2110000000E-02
0.7924000000E-04      0.7416000000E-01      0.1268880000E-03      0.2150000000E-02
0.9976000000E-04      0.9334000000E-01      0.1620900000E-03      0.2190000000E-02
0.1105000000E-03      0.1034400000E+00      0.1805020000E-03      0.2220000000E-02
0.1256000000E-03      0.1175700000E+00      0.2053430000E-03      0.2270000000E-02
0.1581000000E-03      0.1480900000E+00      0.2791790000E-03      0.2300000000E-02
0.1990000000E-03      0.1865100000E+00      0.3630010000E-03      0.2350000000E-02
0.2506000000E-03      0.2349200000E+00      0.4704780000E-03      0.2420000000E-02
0.2572000000E-03      0.2411500000E+00      0.4871430000E-03      0.1640000000E-02
0.2670000000E-03      0.2502100000E+00      0.4925360000E-03      0.6323770000E-03
0.3126000000E-03      0.2932300000E+00      0.5213460000E-03      0.6351150000E-03
0.3951000000E-03      0.3707800000E+00      0.5679160000E-03      0.6395500000E-03
0.4759000000E-03      0.4467600000E+00      0.6136960000E-03      0.6456670000E-03
0.5812000000E-03      0.5456200000E+00      0.6758550000E-03      0.6505920000E-03
0.7143000000E-03      0.6709200000E+00      0.7601150000E-03      0.7025890000E-03
0.8786000000E-03      0.8252300000E+00      0.8731850000E-03      0.7646840000E-03
0.1077000000E-02      0.1012500000E+01      0.1020000000E-02      0.8354260000E-03
0.1314000000E-02      0.1235290000E+01      0.1220000000E-02      0.9276850000E-03
0.1748000000E-02      0.1643560000E+01      0.1620000000E-02      0.1000000000E-02
0.2000000000E-02      0.1880850000E+01      0.2000000000E-02      0.1100000000E-02
0.4000000000E-02      0.3764610000E+01      0.4510000000E-02      0.1460000000E-02
0.6000000000E-02      0.5649800000E+01      0.7500000000E-02      0.1680000000E-02
0.8000000000E-02      0.7536070000E+01      0.1086000000E-01      0.1880000000E-02
0.1000000000E-01      0.9423230000E+01      0.1458000000E-01      0.2070000000E-02
0.1200000000E-01      0.1131116000E+02      0.1867000000E-01      0.2280000000E-02
0.1400000000E-01      0.1319982000E+02      0.2318000000E-01      0.2510000000E-02
0.1600000000E-01      0.1508915000E+02      0.2814000000E-01      0.2760000000E-02
0.1800000000E-01      0.1697914000E+02      0.3361000000E-01      0.3040000000E-02
0.2000000000E-01      0.1886976000E+02      0.3965000000E-01      0.3340000000E-02
0.2200000000E-01      0.2076101000E+02      0.4624000000E-01      0.3660000000E-02
0.2400000000E-01      0.2265290000E+02      0.5348000000E-01      0.3990000000E-02
0.2600000000E-01      0.2454541000E+02      0.6133000000E-01      0.4330000000E-02
0.2800000000E-01      0.2643855000E+02      0.6988000000E-01      0.4680000000E-02
0.3000000000E-01      0.2833233000E+02      0.7906000000E-01      0.5030000000E-02
0.3200000000E-01      0.3022674000E+02      0.8895000000E-01      0.5390000000E-02
0.3400000000E-01      0.3212179000E+02      0.9948000000E-01      0.5740000000E-02
0.3600000000E-01      0.3401748000E+02      0.1107200000E+00      0.6090000000E-02
0.3800000000E-01      0.3591381000E+02      0.1225900000E+00      0.6440000000E-02
0.4000000000E-01      0.3781078000E+02      0.1351400000E+00      0.6790000000E-02
0.4200000000E-01      0.3970840000E+02      0.1483400000E+00      0.7110000000E-02
0.4400000000E-01      0.4160666000E+02      0.1621100000E+00      0.7420000000E-02
0.4600000000E-01      0.4350556000E+02      0.1765200000E+00      0.7740000000E-02
0.4800000000E-01      0.4540510000E+02      0.1915000000E+00      0.8040000000E-02
0.5000000000E-01      0.4730528000E+02      0.2070600000E+00      0.8310000000E-02
0.5200000000E-01      0.4920608000E+02      0.2230900000E+00      0.8580000000E-02
0.5400000000E-01      0.5110752000E+02      0.2396900000E+00      0.8870000000E-02
0.5600000000E-01      0.5300958000E+02      0.2568200000E+00      0.9120000000E-02
0.5800000000E-01      0.5491227000E+02      0.2743700000E+00      0.9340000000E-02
0.6000000000E-01      0.5681556000E+02      0.2923800000E+00      0.9690000000E-02
0.6200000000E-01      0.5871946000E+02      0.3101200000E+00      0.1002000000E-01
0.6400000000E-01      0.6062394000E+02      0.3290400000E+00      0.1028000000E-01
0.6600000000E-01      0.6252904000E+02      0.3483400000E+00      0.1069000000E-01
0.6800000000E-01      0.6443473000E+02      0.3679800000E+00      0.1101000000E-01
0.7000000000E-01      0.6634095000E+02      0.3861300000E+00      0.1136000000E-01
0.1080000000E+00      0.1026132436E+03      0.3959028250E+00      0.1232517678E-01
0.1100000000E+00      0.1045210433E+03      0.4204720236E+00      0.1341184412E-01
0.1120000000E+00      0.1064293089E+03      0.4471866866E+00      0.1456594731E-01
0.1140000000E+00      0.1083380716E+03      0.4761779705E+00      0.1578841447E-01
0.1160000000E+00      0.1102473638E+03      0.5075789329E+00      0.1708006832E-01
0.1180000000E+00      0.1121572190E+03      0.5415243535E+00      0.1844162752E-01
0.1200000000E+00      0.1140676710E+03      0.5779785697E+00      0.1971329116E-01
0.1220000000E+00      0.1159787515E+03      0.6170397928E+00      0.2114751811E-01
0.1240000000E+00      0.1178904955E+03      0.6589405556E+00      0.2266924911E-01
0.1260000000E+00      0.1198029393E+03      0.7038473646E+00      0.2427228732E-01
0.1280000000E+00      0.1217161206E+03      0.7519145740E+00      0.2595274580E-01
0.1300000000E+00      0.1236300786E+03      0.8032917141E+00      0.2770867043E-01
0.1320000000E+00      0.1255448532E+03      0.8581258248E+00      0.2953885823E-01
0.1340000000E+00      0.1274604857E+03      0.9165624459E+00      0.3144244423E-01
0.1360000000E+00      0.1293770181E+03      0.9787460869E+00      0.3341872207E-01
0.1380000000E+00      0.1312944933E+03      0.1044820454E+01      0.3546705503E-01
0.1400000000E+00      0.1332129550E+03      0.1114928555E+01      0.3758682758E-01
0.1420000000E+00      0.1351324478E+03      0.1189212728E+01      0.3977741804E-01
0.1440000000E+00      0.1370530169E+03      0.1267814721E+01      0.4203480327E-01
0.1460000000E+00      0.1389747085E+03      0.1350875324E+01      0.4436499107E-01
0.1480000000E+00      0.1408975691E+03      0.1438534812E+01      0.4676395270E-01
0.1500000000E+00      0.1428216461E+03      0.1530932558E+01      0.4923092794E-01
0.1520000000E+00      0.1447469873E+03      0.1628207055E+01      0.5176511149E-01
0.1540000000E+00      0.1466736412E+03      0.1730495842E+01      0.5436565229E-01
0.1560000000E+00      0.1486016566E+03      0.1837935436E+01      0.5703165327E-01
0.1580000000E+00      0.1505310833E+03      0.1950661094E+01      0.5975845455E-01
0.1600000000E+00      0.1524619709E+03      0.2068807414E+01      0.6255233755E-01
0.1620000000E+00      0.1543943697E+03      0.2192507269E+01      0.6540871801E-01
0.1640000000E+00      0.1563283305E+03      0.2321892401E+01      0.6832652429E-01
0.1660000000E+00      0.1582639044E+03      0.2457093193E+01      0.7130464511E-01
0.1680000000E+00      0.1602011428E+03      0.2598238604E+01      0.7434192990E-01
0.1700000000E+00      0.1621400972E+03      0.2745456335E+01      0.7744217115E-01
0.1720000000E+00      0.1640808200E+03      0.2898871892E+01      0.8059432264E-01
0.1740000000E+00      0.1660233633E+03      0.3058609842E+01      0.8380197973E-01
0.1760000000E+00      0.1679677795E+03      0.3224792888E+01      0.8706385869E-01
0.1780000000E+00      0.1699141212E+03      0.3397542045E+01      0.9037864713E-01
0.1800000000E+00      0.1718624412E+03      0.3576976586E+01      0.9374500683E-01
0.1820000000E+00      0.1738127926E+03      0.3763214002E+01      0.9716157457E-01
0.1840000000E+00      0.1757652284E+03      0.3956369961E+01      0.1006269650E+00
0.1860000000E+00      0.1777198016E+03      0.4156558269E+01      0.1041397724E+00
0.1880000000E+00      0.1796765657E+03      0.4363890836E+01      0.1076985728E+00
0.1900000000E+00      0.1816355738E+03      0.4578477641E+01      0.1113019258E+00
0.1920000000E+00      0.1835968793E+03      0.4800426706E+01      0.1149483768E+00
0.1940000000E+00      0.1855605355E+03      0.5029844064E+01      0.1186313492E+00
0.1960000000E+00      0.1875265956E+03      0.5266833736E+01      0.1223594435E+00
0.1980000000E+00      0.1894951130E+03      0.5511497709E+01      0.1261262030E+00
0.2000000000E+00      0.1914661409E+03      0.5763935916E+01      0.1299301349E+00
0.2020000000E+00      0.1934397323E+03      0.6024246217E+01      0.1337697414E+00
0.2040000000E+00      0.1954159403E+03      0.6292524387E+01      0.1376435467E+00
0.2060000000E+00      0.1973948179E+03      0.6568864099E+01      0.1415499976E+00
0.2080000000E+00      0.1993764178E+03      0.6853356917E+01      0.1454876175E+00
0.2100000000E+00      0.2013607926E+03      0.7146092285E+01      0.1494549062E+00
0.2120000000E+00      0.2033479950E+03      0.7447157524E+01      0.1534503670E+00
0.2140000000E+00      0.2053380771E+03      0.7756637825E+01      0.1574725083E+00
0.2160000000E+00      0.2073310911E+03      0.8074616247E+01      0.1615198450E+00
0.2180000000E+00      0.2093270890E+03      0.8401173720E+01      0.1655909000E+00
0.2200000000E+00      0.2113261223E+03      0.8736389044E+01      0.1696842057E+00
0.2220000000E+00      0.2133282427E+03      0.9080338893E+01      0.1737983052E+00
0.2240000000E+00      0.2153335012E+03      0.9433097822E+01      0.1779317538E+00
0.2260000000E+00      0.2173419489E+03      0.9794738273E+01      0.1820831198E+00
0.2280000000E+00      0.2193536364E+03      0.1016533059E+02      0.1862509864E+00
0.2300000000E+00      0.2213686139E+03      0.1054494317E+02      0.1904384139E+00
0.2320000000E+00      0.2233869321E+03      0.1093364186E+02      0.1946351724E+00
0.2340000000E+00      0.2254086404E+03      0.1133149093E+02      0.1988442785E+00
0.2360000000E+00      0.2274337884E+03      0.1173855242E+02      0.2030643835E+00
0.2380000000E+00      0.2294624252E+03      0.1215488633E+02      0.2072941584E+00
0.2400000000E+00      0.2314945998E+03      0.1258055067E+02      0.2115322948E+00
0.2420000000E+00      0.2335303605E+03      0.1301560143E+02      0.2157775052E+00
0.2440000000E+00      0.2355697556E+03      0.1346009263E+02      0.2200285240E+00
0.2460000000E+00      0.2376128329E+03      0.1391407633E+02      0.2242841082E+00
0.2480000000E+00      0.2396596398E+03      0.1437760265E+02      0.2285354496E+00
0.2500000000E+00      0.2417102235E+03      0.1485071980E+02      0.2327963407E+00
0.2520000000E+00      0.2437646305E+03      0.1533347412E+02      0.2370582076E+00
0.2540000000E+00      0.2458229072E+03      0.1582591007E+02      0.2413199033E+00
0.2560000000E+00      0.2478850995E+03      0.1632807026E+02      0.2455803059E+00
0.2580000000E+00      0.2499512531E+03      0.1683999554E+02      0.2498383190E+00
0.2600000000E+00      0.2520214130E+03      0.1736172491E+02      0.2540928720E+00
0.2620000000E+00      0.2540956239E+03      0.1789329568E+02      0.2583429206E+00
0.2640000000E+00      0.2561739303E+03      0.1843474339E+02      0.2625874466E+00
0.2660000000E+00      0.2582563760E+03      0.1898610190E+02      0.2668254582E+00
0.2680000000E+00      0.2603430046E+03      0.1954740341E+02      0.2710559905E+00
0.2700000000E+00      0.2624338591E+03      0.2011867845E+02      0.2752781051E+00
0.2720000000E+00      0.2645289822E+03      0.2069995598E+02      0.2794908906E+00
0.2740000000E+00      0.2666284163E+03      0.2129126337E+02      0.2836934621E+00
0.2760000000E+00      0.2687322031E+03      0.2189262642E+02      0.2878849619E+00
0.2780000000E+00      0.2708403841E+03      0.2250406946E+02      0.2920645585E+00
0.2800000000E+00      0.2729530002E+03      0.2312561530E+02      0.2962314475E+00
0.2820000000E+00      0.2750700921E+03      0.2375728530E+02      0.3003848509E+00
0.2840000000E+00      0.2771916998E+03      0.2439909941E+02      0.3045240169E+00
0.2860000000E+00      0.2793178630E+03      0.2505107619E+02      0.3086482202E+00
0.2880000000E+00      0.2814486210E+03      0.2571323284E+02      0.3127567613E+00
0.2900000000E+00      0.2835840128E+03      0.2638558522E+02      0.3168489666E+00
0.2920000000E+00      0.2857240765E+03      0.2706814791E+02      0.3209241878E+00
0.2940000000E+00      0.2878688503E+03      0.2776093422E+02      0.3249818021E+00
0.2960000000E+00      0.2900183718E+03      0.2846395622E+02      0.3290212116E+00
0.2980000000E+00      0.2921726779E+03      0.2917722479E+02      0.3330418430E+00
0.3000000000E+00      0.2943318055E+03      0.2990074963E+02      0.3370431474E+00
0.3020000000E+00      0.2964957907E+03      0.3063453930E+02      0.3410245998E+00
0.3040000000E+00      0.2986646694E+03      0.3137860124E+02      0.3449856987E+00
0.3060000000E+00      0.3008384770E+03      0.3213294184E+02      0.3489259660E+00
0.3080000000E+00      0.3030172486E+03      0.3289756640E+02      0.3528449464E+00
0.3100000000E+00      0.3052010184E+03      0.3367247926E+02      0.3567465386E+00
0.3120000000E+00      0.3073898210E+03      0.3445768367E+02      0.3606217382E+00
0.3140000000E+00      0.3095836899E+03      0.3525318200E+02      0.3644744168E+00
0.3160000000E+00      0.3117826584E+03      0.3605897566E+02      0.3683042063E+00
0.3180000000E+00      0.3139867595E+03      0.3687506516E+02      0.3721107593E+00
0.3200000000E+00      0.3161960255E+03      0.3770145013E+02      0.3758937488E+00
0.3220000000E+00      0.3184104885E+03      0.3853812934E+02      0.3796528674E+00
0.3240000000E+00      0.3206301803E+03      0.3938510076E+02      0.3833878273E+00
0.3260000000E+00      0.3228551320E+03      0.4024236153E+02      0.3870983597E+00
0.3280000000E+00      0.3250853745E+03      0.4110990806E+02      0.3907842143E+00
0.3300000000E+00      0.3273209382E+03      0.4198773598E+02      0.3944451586E+00
0.3320000000E+00      0.3295618532E+03      0.4287584023E+02      0.3980809779E+00
0.3340000000E+00      0.3318081492E+03      0.4377421504E+02      0.4016914745E+00
0.3360000000E+00      0.3340598553E+03      0.4468285397E+02      0.4052764676E+00
0.3380000000E+00      0.3363170005E+03      0.4560174995E+02      0.4088357922E+00
0.3400000000E+00      0.3385796133E+03      0.4653089528E+02      0.4123692994E+00
0.3420000000E+00      0.3408477217E+03      0.4747028166E+02      0.4158768556E+00
0.3440000000E+00      0.3431213535E+03      0.4841990021E+02      0.4193583417E+00
0.3460000000E+00      0.3454005360E+03      0.4937974152E+02      0.4228136533E+00
0.3480000000E+00      0.3476852963E+03      0.5034979562E+02      0.4262427000E+00
0.3500000000E+00      0.3499756609E+03      0.5133005206E+02      0.4296454048E+00
0.3520000000E+00      0.3522716560E+03      0.5232049987E+02      0.4330217038E+00
0.3540000000E+00      0.3545733076E+03      0.5332112764E+02      0.4363715457E+00
0.3560000000E+00      0.3568806411E+03      0.5433192350E+02      0.4396948916E+00
0.3580000000E+00      0.3591936818E+03      0.5535287516E+02      0.4429917143E+00
0.3600000000E+00      0.3615124544E+03      0.5638396989E+02      0.4462619981E+00
0.3620000000E+00      0.3638369835E+03      0.5742519461E+02      0.4495057383E+00
0.3640000000E+00      0.3661672931E+03      0.5847653585E+02      0.4527229406E+00
0.3660000000E+00      0.3685034071E+03      0.5953797977E+02      0.4559136214E+00
0.3680000000E+00      0.3708453488E+03      0.6060951222E+02      0.4590778064E+00
0.3700000000E+00      0.3731931415E+03      0.6169111871E+02      0.4622155311E+00
0.3720000000E+00      0.3755468078E+03      0.6278278446E+02      0.4653268399E+00
0.3740000000E+00      0.3779063704E+03      0.6388449437E+02      0.4684117861E+00
0.3760000000E+00      0.3802718512E+03      0.6499623312E+02      0.4714704312E+00
0.3780000000E+00      0.3826432721E+03      0.6611798508E+02      0.4745028507E+00
0.3800000000E+00      0.3850206547E+03      0.6724973440E+02      0.4775091102E+00
0.3820000000E+00      0.3874040200E+03      0.6839146501E+02      0.4804893002E+00
0.3840000000E+00      0.3897933892E+03      0.6954316061E+02      0.4834435124E+00
0.3860000000E+00      0.3921887826E+03      0.7070480469E+02      0.4863718450E+00
0.3880000000E+00      0.3945902206E+03      0.7187638058E+02      0.4892744029E+00
0.3900000000E+00      0.3969977232E+03      0.7305787141E+02      0.4921512970E+00
0.3920000000E+00      0.3994113102E+03      0.7424926015E+02      0.4950026438E+00
0.3940000000E+00      0.4018310008E+03      0.7545052962E+02      0.4978285656E+00
0.3960000000E+00      0.4042568143E+03      0.7666166251E+02      0.5006291898E+00
0.3980000000E+00      0.4066887694E+03      0.7788264136E+02      0.5034046489E+00
0.4000000000E+00      0.4091268848E+03      0.7911344861E+02      0.5061550798E+00
0.4020000000E+00      0.4115711788E+03      0.8035406658E+02      0.5088806241E+00
0.4040000000E+00      0.4140216694E+03      0.8160447750E+02      0.5115814277E+00
0.4060000000E+00      0.4164783743E+03      0.8286466351E+02      0.5142576402E+00
0.4080000000E+00      0.4189413110E+03      0.8413460667E+02      0.5169094150E+00
0.4100000000E+00      0.4214104968E+03      0.8541428896E+02      0.5195369090E+00
0.4120000000E+00      0.4238859487E+03      0.8670369232E+02      0.5221402825E+00
0.4140000000E+00      0.4263676833E+03      0.8800279862E+02      0.5247196986E+00
0.4160000000E+00      0.4288557172E+03      0.8931158970E+02      0.5272753237E+00
0.4180000000E+00      0.4313500667E+03      0.9063004734E+02      0.5298073263E+00
0.4200000000E+00      0.4338507476E+03      0.9195815332E+02      0.5323158778E+00
0.4220000000E+00      0.4363577757E+03      0.9329588938E+02      0.5348011516E+00
0.4240000000E+00      0.4388711666E+03      0.9464323726E+02      0.5372633235E+00
0.4260000000E+00      0.4413909355E+03      0.9600017867E+02      0.5397025710E+00
0.4280000000E+00      0.4439170975E+03      0.9736669534E+02      0.5421190733E+00
0.4300000000E+00      0.4464496674E+03      0.9874276900E+02      0.5445130114E+00
0.4320000000E+00      0.4489886599E+03      0.1001283814E+03      0.5468845677E+00
0.4340000000E+00      0.4515340892E+03      0.1015235142E+03      0.5492339257E+00
0.4360000000E+00      0.4540859697E+03      0.1029281494E+03      0.5515612704E+00
0.4380000000E+00      0.4566443151E+03      0.1043422685E+03      0.5538667874E+00
0.4400000000E+00      0.4592091394E+03      0.1057658536E+03      0.5561506634E+00
0.4420000000E+00      0.4617804559E+03      0.1071988865E+03      0.5584130859E+00
0.4440000000E+00      0.4643582781E+03      0.1086413490E+03      0.5606542430E+00
0.4460000000E+00      0.4669426191E+03      0.1100932232E+03      0.5628743231E+00
0.4480000000E+00      0.4695334917E+03      0.1115544911E+03      0.5650735152E+00
0.4500000000E+00      0.4721309088E+03      0.1130251347E+03      0.5672520086E+00
0.4520000000E+00      0.4747348829E+03      0.1145051362E+03      0.5694099927E+00
0.4540000000E+00      0.4773454264E+03      0.1159944778E+03      0.5715476569E+00
0.4560000000E+00      0.4799625513E+03      0.1174931417E+03      0.5736651972E+00
0.4580000000E+00      0.4825862697E+03      0.1190011103E+03      0.5757627900E+00
0.4600000000E+00      0.4852165935E+03      0.1205183659E+03      0.5778406311E+00
0.4620000000E+00      0.4878535341E+03      0.1220448910E+03      0.5798989092E+00
0.4640000000E+00      0.4904971031E+03      0.1235806682E+03      0.5819378131E+00
0.4660000000E+00      0.4931473117E+03      0.1251256801E+03      0.5839575307E+00
0.4680000000E+00      0.4958041711E+03      0.1266799095E+03      0.5859582497E+00
0.4700000000E+00      0.4984676921E+03      0.1282433391E+03      0.5879401572E+00
0.4720000000E+00      0.5011378855E+03      0.1298159519E+03      0.5899034396E+00
0.4740000000E+00      0.5038147620E+03      0.1313977307E+03      0.5918482827E+00
0.4760000000E+00      0.5064983320E+03      0.1329886588E+03      0.5937748713E+00
0.4780000000E+00      0.5091886057E+03      0.1345887193E+03      0.5956833898E+00
0.4800000000E+00      0.5118855933E+03      0.1361978953E+03      0.5975740213E+00
0.4820000000E+00      0.5145893047E+03      0.1378161704E+03      0.5994469484E+00
0.4840000000E+00      0.5172997498E+03      0.1394435279E+03      0.6013023523E+00
0.4860000000E+00      0.5200169383E+03      0.1410799515E+03      0.6031404137E+00
0.4880000000E+00      0.5227408797E+03      0.1427254247E+03      0.6049613118E+00
0.4900000000E+00      0.5254715832E+03      0.1443799315E+03      0.6067652251E+00
0.4920000000E+00      0.5282090583E+03      0.1460434556E+03      0.6085523307E+00
0.4940000000E+00      0.5309533140E+03      0.1477159810E+03      0.6103228046E+00
0.4960000000E+00      0.5337043592E+03      0.1493974918E+03      0.6120768219E+00
0.4980000000E+00      0.5364622028E+03      0.1510879722E+03      0.6138145560E+00
0.5000000000E+00      0.5392268535E+03      0.1527874065E+03      0.6155361794E+00
0.5020000000E+00      0.5419983197E+03      0.1544957792E+03      0.6172418634E+00
0.5040000000E+00      0.5447766100E+03      0.1562130747E+03      0.6189317777E+00
0.5060000000E+00      0.5475617327E+03      0.1579392777E+03      0.6206060909E+00
0.5080000000E+00      0.5503536958E+03      0.1596743729E+03      0.6222649703E+00
0.5100000000E+00      0.5531525075E+03      0.1614183452E+03      0.6239085817E+00
0.5120000000E+00      0.5559581757E+03      0.1631711795E+03      0.6255370896E+00
0.5140000000E+00      0.5587707082E+03      0.1649328610E+03      0.6271506571E+00
0.5160000000E+00      0.5615901126E+03      0.1667033747E+03      0.6287494460E+00
0.5180000000E+00      0.5644163966E+03      0.1684827061E+03      0.6303336166E+00
0.5200000000E+00      0.5672495676E+03      0.1702708405E+03      0.6319033278E+00
0.5220000000E+00      0.5700896330E+03      0.1720677635E+03      0.6334587371E+00
0.5240000000E+00      0.5729365999E+03      0.1738734607E+03      0.6350000005E+00
0.5260000000E+00      0.5757904755E+03      0.1756879178E+03      0.6365272726E+00
0.5280000000E+00      0.5786512668E+03      0.1775111207E+03      0.6380407065E+00
0.5300000000E+00      0.5815189807E+03      0.1793430554E+03      0.6395404539E+00
0.5320000000E+00      0.5843936240E+03      0.1811837080E+03      0.6410266651E+00
0.5340000000E+00      0.5872752035E+03      0.1830330647E+03      0.6424994887E+00
0.5360000000E+00      0.5901637256E+03      0.1848911118E+03      0.6439590722E+00
0.5380000000E+00      0.5930591969E+03      0.1867578357E+03      0.6454055612E+00
0.5400000000E+00      0.5959616239E+03      0.1886332229E+03      0.6468391003E+00
0.5420000000E+00      0.5988710127E+03      0.1905172601E+03      0.6482598322E+00
0.5440000000E+00      0.6017873696E+03      0.1924099341E+03      0.6496678985E+00
0.5460000000E+00      0.6047107008E+03      0.1943112318E+03      0.6510634390E+00
0.5480000000E+00      0.6076410121E+03      0.1962211400E+03      0.6524465923E+00
0.5500000000E+00      0.6105783097E+03      0.1981396459E+03      0.6538175002E+00
0.5520000000E+00      0.6135225992E+03      0.2000667367E+03      0.6551762887E+00
0.5540000000E+00      0.6164738865E+03      0.2020023997E+03      0.6565230969E+00
0.5560000000E+00      0.6194321772E+03      0.2039466223E+03      0.6578580574E+00
0.5580000000E+00      0.6223974768E+03      0.2058993920E+03      0.6591813014E+00
0.5600000000E+00      0.6253697909E+03      0.2078606964E+03      0.6604929589E+00
0.5620000000E+00      0.6283491249E+03      0.2098305233E+03      0.6617931582E+00
0.5640000000E+00      0.6313354841E+03      0.2118088606E+03      0.6630820263E+00
0.5660000000E+00      0.6343288738E+03      0.2137956960E+03      0.6643596889E+00
0.5680000000E+00      0.6373292991E+03      0.2157910178E+03      0.6656262702E+00
0.5700000000E+00      0.6403367650E+03      0.2177948141E+03      0.6668818928E+00
0.5720000000E+00      0.6433512767E+03      0.2198070730E+03      0.6681266784E+00
0.5740000000E+00      0.6463728390E+03      0.2218277830E+03      0.6693607468E+00
0.5760000000E+00      0.6494014569E+03      0.2238569325E+03      0.6705842168E+00
0.5780000000E+00      0.6524371350E+03      0.2258945101E+03      0.6717972057E+00
0.5800000000E+00      0.6554798781E+03      0.2279405045E+03      0.6729998294E+00
0.5820000000E+00      0.6585296909E+03      0.2299949043E+03      0.6741922027E+00
0.5840000000E+00      0.6615865779E+03      0.2320576985E+03      0.6753744387E+00
0.5860000000E+00      0.6646505436E+03      0.2341288760E+03      0.6765466496E+00
0.5880000000E+00      0.6677215924E+03      0.2362084259E+03      0.6777089461E+00
0.5900000000E+00      0.6707997288E+03      0.2382963372E+03      0.6788614374E+00
0.5920000000E+00      0.6738849570E+03      0.2403925994E+03      0.6800042318E+00
0.5940000000E+00      0.6769772813E+03      0.2424972016E+03      0.6811374360E+00
0.5960000000E+00      0.6800767057E+03      0.2446101334E+03      0.6822611558E+00
0.5980000000E+00      0.6831832346E+03      0.2467313842E+03      0.6833754953E+00
0.6000000000E+00      0.6862968718E+03      0.2488609438E+03      0.6844805578E+00
0.6020000000E+00      0.6894176213E+03      0.2509988017E+03      0.6855764450E+00
0.6040000000E+00      0.6925454872E+03      0.2531449479E+03      0.6866632578E+00
0.6060000000E+00      0.6956804732E+03      0.2552993722E+03      0.6877410954E+00
0.6080000000E+00      0.6988225831E+03      0.2574620645E+03      0.6888100563E+00
0.6100000000E+00      0.7019718208E+03      0.2596330151E+03      0.6898702374E+00
0.6120000000E+00      0.7051281898E+03      0.2618122140E+03      0.6909217348E+00
0.6140000000E+00      0.7082916939E+03      0.2639996515E+03      0.6919646432E+00
0.6160000000E+00      0.7114623366E+03      0.2661953179E+03      0.6929990562E+00
0.6180000000E+00      0.7146401214E+03      0.2683992037E+03      0.6940250664E+00
0.6200000000E+00      0.7178250518E+03      0.2706112993E+03      0.6950427651E+00
0.6220000000E+00      0.7210171312E+03      0.2728315955E+03      0.6960522426E+00
0.6240000000E+00      0.7242163630E+03      0.2750600827E+03      0.6970535882E+00
0.6260000000E+00      0.7274227506E+03      0.2772967519E+03      0.6980468898E+00
0.6280000000E+00      0.7306362970E+03      0.2795415939E+03      0.6990322346E+00
0.6300000000E+00      0.7338570057E+03      0.2817945995E+03      0.7000097086E+00
0.6320000000E+00      0.7370848797E+03      0.2840557599E+03      0.7009793966E+00
0.6340000000E+00      0.7403199222E+03      0.2863250660E+03      0.7019413825E+00
0.6360000000E+00      0.7435621362E+03      0.2886025091E+03      0.7028957494E+00
0.6380000000E+00      0.7468115247E+03      0.2908880803E+03      0.7038425789E+00
0.6400000000E+00      0.7500680908E+03      0.2931817711E+03      0.7047819520E+00
0.6420000000E+00      0.7533318373E+03      0.2954835729E+03      0.7057139486E+00
0.6440000000E+00      0.7566027672E+03      0.2977934770E+03      0.7066386475E+00
0.6460000000E+00      0.7598808832E+03      0.3001114751E+03      0.7075561267E+00
0.6480000000E+00      0.7631661883E+03      0.3024375587E+03      0.7084664632E+00
0.6500000000E+00      0.7664586851E+03      0.3047717197E+03      0.7093697331E+00
0.6520000000E+00      0.7697583763E+03      0.3071139497E+03      0.7102660114E+00
0.6540000000E+00      0.7730652646E+03      0.3094642406E+03      0.7111553724E+00
0.6560000000E+00      0.7763793527E+03      0.3118225843E+03      0.7120378893E+00
0.6580000000E+00      0.7797006431E+03      0.3141889729E+03      0.7129136345E+00
0.6600000000E+00      0.7830291385E+03      0.3165633984E+03      0.7137826796E+00
0.6620000000E+00      0.7863648412E+03      0.3189458529E+03      0.7146450952E+00
0.6640000000E+00      0.7897077537E+03      0.3213363286E+03      0.7155009510E+00
0.6660000000E+00      0.7930578786E+03      0.3237348178E+03      0.7163503160E+00
0.6680000000E+00      0.7964152182E+03      0.3261413128E+03      0.7171932583E+00
0.6700000000E+00      0.7997797748E+03      0.3285558061E+03      0.7180298477E+00
0.6720000000E+00      0.8031515508E+03      0.3309782901E+03      0.7188601453E+00
0.6740000000E+00      0.8065305484E+03      0.3334087573E+03      0.7196842194E+00
0.6760000000E+00      0.8099167699E+03      0.3358472004E+03      0.7205021348E+00
0.6780000000E+00      0.8133102176E+03      0.3382936120E+03      0.7213139556E+00
0.6800000000E+00      0.8167108935E+03      0.3407479849E+03      0.7221197449E+00
0.6820000000E+00      0.8201187999E+03      0.3432103118E+03      0.7229195652E+00
0.6840000000E+00      0.8235339389E+03      0.3456805857E+03      0.7237134783E+00
0.6860000000E+00      0.8269563125E+03      0.3481587993E+03      0.7245015451E+00
0.6880000000E+00      0.8303859227E+03      0.3506449458E+03      0.7252838257E+00
0.6900000000E+00      0.8338227717E+03      0.3531390182E+03      0.7260603798E+00
0.6920000000E+00      0.8372668613E+03      0.3556410095E+03      0.7268312659E+00
0.6940000000E+00      0.8407181935E+03      0.3581509129E+03      0.7275965423E+00
0.6960000000E+00      0.8441767703E+03      0.3606687217E+03      0.7283562661E+00
0.6980000000E+00      0.8476425935E+03      0.3631944291E+03      0.7291104940E+00
0.7000000000E+00      0.8511156650E+03      0.3657280284E+03      0.7298592821E+00
0.7020000000E+00      0.8545959867E+03      0.3682695132E+03      0.7306026855E+00
0.7040000000E+00      0.8580835602E+03      0.3708188767E+03      0.7313407590E+00
0.7060000000E+00      0.8615783875E+03      0.3733761126E+03      0.7320735563E+00
0.7080000000E+00      0.8650804701E+03      0.3759412143E+03      0.7328011309E+00
0.7100000000E+00      0.8685898100E+03      0.3785141755E+03      0.7335235353E+00
0.7120000000E+00      0.8721064086E+03      0.3810949899E+03      0.7342408216E+00
0.7140000000E+00      0.8756302678E+03      0.3836836513E+03      0.7349530412E+00
0.7160000000E+00      0.8791613891E+03      0.3862801532E+03      0.7356602449E+00
0.7180000000E+00      0.8826997742E+03      0.3888844898E+03      0.7363624828E+00
0.7200000000E+00      0.8862454245E+03      0.3914966547E+03      0.7370598045E+00
0.7220000000E+00      0.8897983418E+03      0.3941166419E+03      0.7377522589E+00
0.7240000000E+00      0.8933585274E+03      0.3967444455E+03      0.7384398945E+00
0.7260000000E+00      0.8969259830E+03      0.3993800594E+03      0.7391227590E+00
0.7280000000E+00      0.9005007100E+03      0.4020234778E+03      0.7398008997E+00
0.7300000000E+00      0.9040827098E+03      0.4046746948E+03      0.7404743632E+00
0.7320000000E+00      0.9076719839E+03      0.4073337045E+03      0.7411431957E+00
0.7340000000E+00      0.9112685337E+03      0.4100005013E+03      0.7418074427E+00
0.7360000000E+00      0.9148723606E+03      0.4126750794E+03      0.7424671493E+00
0.7380000000E+00      0.9184834659E+03      0.4153574331E+03      0.7431223598E+00
0.7400000000E+00      0.9221018510E+03      0.4180475568E+03      0.7437731184E+00
0.7420000000E+00      0.9257275172E+03      0.4207454449E+03      0.7444194683E+00
0.7440000000E+00      0.9293604658E+03      0.4234510920E+03      0.7450614527E+00
0.7460000000E+00      0.9330006980E+03      0.4261644924E+03      0.7456991138E+00
0.7480000000E+00      0.9366482152E+03      0.4288856409E+03      0.7463324936E+00
0.7500000000E+00      0.9403030185E+03      0.4316145320E+03      0.7469616335E+00
0.7520000000E+00      0.9439651092E+03      0.4343511603E+03      0.7475865744E+00
0.7540000000E+00      0.9476344884E+03      0.4370955205E+03      0.7482073569E+00
0.7560000000E+00      0.9513111574E+03      0.4398476075E+03      0.7488240209E+00
0.7580000000E+00      0.9549951172E+03      0.4426074159E+03      0.7494366059E+00
0.7600000000E+00      0.9586863690E+03      0.4453749406E+03      0.7500451509E+00
0.7620000000E+00      0.9623849139E+03      0.4481501764E+03      0.7506496946E+00
0.7640000000E+00      0.9660907530E+03      0.4509331184E+03      0.7512502751E+00
0.7660000000E+00      0.9698038874E+03      0.4537237613E+03      0.7518469302E+00
0.7680000000E+00      0.9735243181E+03      0.4565221003E+03      0.7524396970E+00
0.7700000000E+00      0.9772520462E+03      0.4593281303E+03      0.7530286124E+00
0.7720000000E+00      0.9809870726E+03      0.4621418464E+03      0.7536137128E+00
0.7740000000E+00      0.9847293984E+03      0.4649632438E+03      0.7541950342E+00
0.7760000000E+00      0.9884790246E+03      0.4677923175E+03      0.7547726122E+00
0.7780000000E+00      0.9922359520E+03      0.4706290628E+03      0.7553464819E+00
0.7800000000E+00      0.9960001818E+03      0.4734734750E+03      0.7559166781E+00
0.7820000000E+00      0.9997717147E+03      0.4763255491E+03      0.7564832352E+00
0.7840000000E+00      0.1003550552E+04      0.4791852807E+03      0.7570461870E+00
0.7860000000E+00      0.1007336694E+04      0.4820526650E+03      0.7576055672E+00
0.7880000000E+00      0.1011130142E+04      0.4849276974E+03      0.7581614090E+00
0.7900000000E+00      0.1014930896E+04      0.4878103733E+03      0.7587137451E+00
0.7920000000E+00      0.1018738958E+04      0.4907006881E+03      0.7592626080E+00
0.7940000000E+00      0.1022554329E+04      0.4935986374E+03      0.7598080297E+00
0.7960000000E+00      0.1026377009E+04      0.4965042167E+03      0.7603500420E+00
0.7980000000E+00      0.1030206999E+04      0.4994174216E+03      0.7608886763E+00
0.8000000000E+00      0.1034044300E+04      0.5023382476E+03      0.7614239634E+00
0.8020000000E+00      0.1037888912E+04      0.5052666903E+03      0.7619559340E+00
0.8040000000E+00      0.1041740836E+04      0.5082027455E+03      0.7624846184E+00
0.8060000000E+00      0.1045600074E+04      0.5111464087E+03      0.7630100466E+00
0.8080000000E+00      0.1049466626E+04      0.5140976759E+03      0.7635322481E+00
0.8100000000E+00      0.1053340492E+04      0.5170565427E+03      0.7640512523E+00
0.8120000000E+00      0.1057221673E+04      0.5200230048E+03      0.7645670880E+00
0.8140000000E+00      0.1061110170E+04      0.5229970583E+03      0.7650797840E+00
0.8160000000E+00      0.1065005984E+04      0.5259786988E+03      0.7655893685E+00
0.8180000000E+00      0.1068909115E+04      0.5289679224E+03      0.7660958695E+00
0.8200000000E+00      0.1072819564E+04      0.5319647249E+03      0.7665993147E+00
0.8220000000E+00      0.1076737331E+04      0.5349691022E+03      0.7670997314E+00
0.8240000000E+00      0.1080662418E+04      0.5379810505E+03      0.7675971468E+00
0.8260000000E+00      0.1084594824E+04      0.5410005656E+03      0.7680915875E+00
0.8280000000E+00      0.1088534550E+04      0.5440276437E+03      0.7685830801E+00
0.8300000000E+00      0.1092481598E+04      0.5470622809E+03      0.7690716521E+00
0.8320000000E+00      0.1096435967E+04      0.5501044731E+03      0.7695573266E+00
0.8340000000E+00      0.1100397658E+04      0.5531542167E+03      0.7700401307E+00
0.8360000000E+00      0.1104366672E+04      0.5562115076E+03      0.7705200895E+00
0.8380000000E+00      0.1108343008E+04      0.5592763423E+03      0.7709972283E+00
0.8400000000E+00      0.1112326669E+04      0.5623487168E+03      0.7714715717E+00
0.8420000000E+00      0.1116317653E+04      0.5654286274E+03      0.7719431443E+00
0.8440000000E+00      0.1120315962E+04      0.5685160704E+03      0.7724119703E+00
0.8460000000E+00      0.1124321597E+04      0.5716110422E+03      0.7728780736E+00
0.8480000000E+00      0.1128334556E+04      0.5747135390E+03      0.7733414780E+00
0.8500000000E+00      0.1132354842E+04      0.5778235573E+03      0.7738022069E+00
0.8520000000E+00      0.1136382455E+04      0.5809410934E+03      0.7742602835E+00
0.8540000000E+00      0.1140417394E+04      0.5840661437E+03      0.7747157308E+00
0.8560000000E+00      0.1144459661E+04      0.5871987047E+03      0.7751685714E+00
0.8580000000E+00      0.1148509256E+04      0.5903387729E+03      0.7756188278E+00
0.8600000000E+00      0.1152566179E+04      0.5934863447E+03      0.7760665222E+00
0.8620000000E+00      0.1156630431E+04      0.5966414168E+03      0.7765116767E+00
0.8640000000E+00      0.1160702012E+04      0.5998039856E+03      0.7769543128E+00
0.8660000000E+00      0.1164780922E+04      0.6029740477E+03      0.7773944522E+00
0.8680000000E+00      0.1168867162E+04      0.6061515998E+03      0.7778321161E+00
0.8700000000E+00      0.1172960732E+04      0.6093366384E+03      0.7782673255E+00
0.8720000000E+00      0.1177061632E+04      0.6125291602E+03      0.7787001013E+00
0.8740000000E+00      0.1181169864E+04      0.6157291619E+03      0.7791304641E+00
0.8760000000E+00      0.1185285427E+04      0.6189366402E+03      0.7795584343E+00
0.8780000000E+00      0.1189408321E+04      0.6221515918E+03      0.7799840320E+00
0.8800000000E+00      0.1193538547E+04      0.6253740135E+03      0.7804072771E+00
0.8820000000E+00      0.1197676105E+04      0.6286039020E+03      0.7808281895E+00
0.8840000000E+00      0.1201820996E+04      0.6318412541E+03      0.7812467887E+00
0.8860000000E+00      0.1205973220E+04      0.6350860667E+03      0.7816630940E+00
0.8880000000E+00      0.1210132776E+04      0.6383383366E+03      0.7820771245E+00
0.8900000000E+00      0.1214299666E+04      0.6415980607E+03      0.7824888991E+00
0.8920000000E+00      0.1218473890E+04      0.6448652358E+03      0.7828984367E+00
0.8940000000E+00      0.1222655447E+04      0.6481398589E+03      0.7833057556E+00
0.8960000000E+00      0.1226844339E+04      0.6514219269E+03      0.7837108743E+00
0.8980000000E+00      0.1231040565E+04      0.6547114368E+03      0.7841138110E+00
0.9000000000E+00      0.1235244125E+04      0.6580083855E+03      0.7845145835E+00
0.9020000000E+00      0.1239455020E+04      0.6613127700E+03      0.7849132096E+00
0.9040000000E+00      0.1243673251E+04      0.6646245874E+03      0.7853097070E+00
0.9060000000E+00      0.1247898816E+04      0.6679438346E+03      0.7857040931E+00
0.9080000000E+00      0.1252131717E+04      0.6712705089E+03      0.7860963850E+00
0.9100000000E+00      0.1256371954E+04      0.6746046071E+03      0.7864865999E+00
0.9120000000E+00      0.1260619526E+04      0.6779461265E+03      0.7868747545E+00
0.9140000000E+00      0.1264874435E+04      0.6812950642E+03      0.7872608658E+00
0.9160000000E+00      0.1269136679E+04      0.6846514173E+03      0.7876449500E+00
0.9180000000E+00      0.1273406260E+04      0.6880151830E+03      0.7880270237E+00
0.9200000000E+00      0.1277683178E+04      0.6913863584E+03      0.7884071030E+00
0.9220000000E+00      0.1281967432E+04      0.6947649408E+03      0.7887852039E+00
0.9240000000E+00      0.1286259024E+04      0.6981509275E+03      0.7891613424E+00
0.9260000000E+00      0.1290557952E+04      0.7015443155E+03      0.7895355341E+00
0.9280000000E+00      0.1294864217E+04      0.7049451023E+03      0.7899077946E+00
0.9300000000E+00      0.1299177820E+04      0.7083532850E+03      0.7902781393E+00
0.9320000000E+00      0.1303498759E+04      0.7117688610E+03      0.7906465834E+00
0.9340000000E+00      0.1307827037E+04      0.7151918277E+03      0.7910131420E+00
0.9360000000E+00      0.1312162652E+04      0.7186221823E+03      0.7913778300E+00
0.9380000000E+00      0.1316505605E+04      0.7220599221E+03      0.7917406622E+00
0.9400000000E+00      0.1320855895E+04      0.7255050447E+03      0.7921016533E+00
0.9420000000E+00      0.1325213523E+04      0.7289575474E+03      0.7924608177E+00
0.9440000000E+00      0.1329578490E+04      0.7324174275E+03      0.7928181698E+00
0.9460000000E+00      0.1333950794E+04      0.7358846825E+03      0.7931737238E+00
0.9480000000E+00      0.1338330437E+04      0.7393593099E+03      0.7935274937E+00
0.9500000000E+00      0.1342717418E+04      0.7428413071E+03      0.7938794935E+00
0.9520000000E+00      0.1347111737E+04      0.7463306717E+03      0.7942297369E+00
0.9540000000E+00      0.1351513394E+04      0.7498274010E+03      0.7945782376E+00
0.9560000000E+00      0.1355922390E+04      0.7533314927E+03      0.7949250092E+00
0.9580000000E+00      0.1360338724E+04      0.7568429442E+03      0.7952700649E+00
0.9600000000E+00      0.1364762397E+04      0.7603617531E+03      0.7956134180E+00
0.9620000000E+00      0.1369193408E+04      0.7638879170E+03      0.7959550816E+00
0.9640000000E+00      0.1373631758E+04      0.7674214335E+03      0.7962950688E+00
0.9660000000E+00      0.1378077446E+04      0.7709623001E+03      0.7966333924E+00
0.9680000000E+00      0.1382530473E+04      0.7745105145E+03      0.7969700651E+00
0.9700000000E+00      0.1386990839E+04      0.7780660743E+03      0.7973050995E+00
0.9720000000E+00      0.1391458543E+04      0.7816289771E+03      0.7976385081E+00
0.9740000000E+00      0.1395933586E+04      0.7851992206E+03      0.7979703033E+00
0.9760000000E+00      0.1400415967E+04      0.7887768026E+03      0.7983004973E+00
0.9780000000E+00      0.1404905687E+04      0.7923617206E+03      0.7986291023E+00
0.9800000000E+00      0.1409402746E+04      0.7959539724E+03      0.7989561303E+00
0.9820000000E+00      0.1413907143E+04      0.7995535558E+03      0.7992815930E+00
0.9840000000E+00      0.1418418879E+04      0.8031604684E+03      0.7996055025E+00
0.9860000000E+00      0.1422937954E+04      0.8067747080E+03      0.7999278702E+00
0.9880000000E+00      0.1427464367E+04      0.8103962724E+03      0.8002487078E+00
0.9900000000E+00      0.1431998118E+04      0.8140251594E+03      0.8005680266E+00
0.9920000000E+00      0.1436539208E+04      0.8176613668E+03      0.8008858381E+00
0.9940000000E+00      0.1441087637E+04      0.8213048923E+03      0.8012021535E+00
0.9960000000E+00      0.1445643404E+04      0.8249557339E+03      0.8015169838E+00
0.9980000000E+00      0.1450206509E+04      0.8286138893E+03      0.8018303401E+00
0.1000000000E+01      0.1454776952E+04      0.8322793564E+03      0.8021422333E+00
0.1002000000E+01      0.1459354734E+04      0.8359521332E+03      0.8024526742E+00
0.1004000000E+01      0.1463939854E+04      0.8396322174E+03      0.8027616735E+00
0.1006000000E+01      0.1468532312E+04      0.8433196069E+03      0.8030692417E+00
0.1008000000E+01      0.1473132108E+04      0.8470142998E+03      0.8033753895E+00
0.1010000000E+01      0.1477739242E+04      0.8507162939E+03      0.8036801271E+00
0.1012000000E+01      0.1482353714E+04      0.8544255871E+03      0.8039834650E+00
0.1014000000E+01      0.1486975524E+04      0.8581421774E+03      0.8042854132E+00
0.1016000000E+01      0.1491604671E+04      0.8618660628E+03      0.8045859820E+00
0.1018000000E+01      0.1496241157E+04      0.8655972412E+03      0.8048851812E+00
0.1020000000E+01      0.1500884980E+04      0.8693357107E+03      0.8051830210E+00
0.1022000000E+01      0.1505536140E+04      0.8730814692E+03      0.8054795110E+00
0.1024000000E+01      0.1510194637E+04      0.8768345148E+03      0.8057746610E+00
0.1026000000E+01      0.1514860472E+04      0.8805948455E+03      0.8060684807E+00
0.1028000000E+01      0.1519533644E+04      0.8843624593E+03      0.8063609796E+00
0.1030000000E+01      0.1524214154E+04      0.8881373543E+03      0.8066521672E+00
0.1032000000E+01      0.1528902000E+04      0.8919195286E+03      0.8069420529E+00
0.1034000000E+01      0.1533597183E+04      0.8957089802E+03      0.8072306460E+00
0.1036000000E+01      0.1538299703E+04      0.8995057072E+03      0.8075179556E+00
0.1038000000E+01      0.1543009559E+04      0.9033097078E+03      0.8078039909E+00
0.1040000000E+01      0.1547726752E+04      0.9071209801E+03      0.8080887610E+00
0.1042000000E+01      0.1552451281E+04      0.9109395222E+03      0.8083722748E+00
0.1044000000E+01      0.1557183146E+04      0.9147653321E+03      0.8086545412E+00
0.1046000000E+01      0.1561922348E+04      0.9185984082E+03      0.8089355689E+00
0.1048000000E+01      0.1566668885E+04      0.9224387485E+03      0.8092153668E+00
0.1050000000E+01      0.1571422759E+04      0.9262863513E+03      0.8094939440E+00
0.1052000000E+01      0.1576183968E+04      0.9301412146E+03      0.8097713078E+00
0.1054000000E+01      0.1580952512E+04      0.9340033368E+03      0.8100474674E+00
0.1056000000E+01      0.1585728392E+04      0.9378727160E+03      0.8103224312E+00
0.1058000000E+01      0.1590511607E+04      0.9417493504E+03      0.8105962074E+00
0.1060000000E+01      0.1595302157E+04      0.9456332383E+03      0.8108688044E+00
0.1062000000E+01      0.1600100043E+04      0.9495243779E+03      0.8111402303E+00
0.1064000000E+01      0.1604905262E+04      0.9534227675E+03      0.8114104933E+00
0.1066000000E+01      0.1609717817E+04      0.9573284053E+03      0.8116796013E+00
0.1068000000E+01      0.1614537706E+04      0.9612412896E+03      0.8119475623E+00
0.1070000000E+01      0.1619364929E+04      0.9651614187E+03      0.8122143842E+00
0.1072000000E+01      0.1624199487E+04      0.9690887910E+03      0.8124800748E+00
0.1074000000E+01      0.1629041378E+04      0.9730234046E+03      0.8127446419E+00
0.1076000000E+01      0.1633890603E+04      0.9769652580E+03      0.8130080930E+00
0.1078000000E+01      0.1638747162E+04      0.9809143494E+03      0.8132704360E+00
0.1080000000E+01      0.1643611054E+04      0.9848706772E+03      0.8135316783E+00
0.1082000000E+01      0.1648482279E+04      0.9888342397E+03      0.8137918273E+00
0.1084000000E+01      0.1653360838E+04      0.9928050353E+03      0.8140508905E+00
0.1086000000E+01      0.1658246729E+04      0.9967830624E+03      0.8143088752E+00
0.1088000000E+01      0.1663139953E+04      0.1000768319E+04      0.8145657887E+00
0.1090000000E+01      0.1668040509E+04      0.1004760805E+04      0.8148216382E+00
0.1092000000E+01      0.1672948398E+04      0.1008760516E+04      0.8150764309E+00
0.1094000000E+01      0.1677863619E+04      0.1012767453E+04      0.8153301739E+00
0.1096000000E+01      0.1682786172E+04      0.1016781613E+04      0.8155828741E+00
0.1098000000E+01      0.1687716056E+04      0.1020802996E+04      0.8158345386E+00
0.1100000000E+01      0.1692653272E+04      0.1024831598E+04      0.8160851742E+00
0.1102000000E+01      0.1697597819E+04      0.1028867419E+04      0.8163347878E+00
0.1104000000E+01      0.1702549697E+04      0.1032910458E+04      0.8165833861E+00
0.1106000000E+01      0.1707508906E+04      0.1036960712E+04      0.8168309760E+00
0.1108000000E+01      0.1712475446E+04      0.1041018180E+04      0.8170775641E+00
0.1110000000E+01      0.1717449317E+04      0.1045082861E+04      0.8173231569E+00
0.1112000000E+01      0.1722430517E+04      0.1049154754E+04      0.8175677611E+00
0.1114000000E+01      0.1727419048E+04      0.1053233855E+04      0.8178113831E+00
0.1116000000E+01      0.1732414908E+04      0.1057320165E+04      0.8180540293E+00
0.1118000000E+01      0.1737418098E+04      0.1061413682E+04      0.8182957063E+00
0.1120000000E+01      0.1742428617E+04      0.1065514404E+04      0.8185364202E+00
0.1122000000E+01      0.1747446466E+04      0.1069622329E+04      0.8187761773E+00
0.1124000000E+01      0.1752471643E+04      0.1073737457E+04      0.8190149839E+00
0.1126000000E+01      0.1757504150E+04      0.1077859786E+04      0.8192528462E+00
0.1128000000E+01      0.1762543984E+04      0.1081989314E+04      0.8194897703E+00
0.1130000000E+01      0.1767591147E+04      0.1086126040E+04      0.8197257622E+00
0.1132000000E+01      0.1772645638E+04      0.1090269962E+04      0.8199608279E+00
0.1134000000E+01      0.1777707456E+04      0.1094421080E+04      0.8201949734E+00
0.1136000000E+01      0.1782776603E+04      0.1098579392E+04      0.8204282046E+00
0.1138000000E+01      0.1787853076E+04      0.1102744895E+04      0.8206605274E+00
0.1140000000E+01      0.1792936877E+04      0.1106917590E+04      0.8208919476E+00
0.1142000000E+01      0.1798028004E+04      0.1111097474E+04      0.8211224709E+00
0.1144000000E+01      0.1803126458E+04      0.1115284547E+04      0.8213521031E+00
0.1146000000E+01      0.1808232238E+04      0.1119478806E+04      0.8215808499E+00
0.1148000000E+01      0.1813345344E+04      0.1123680251E+04      0.8218087167E+00
0.1150000000E+01      0.1818465777E+04      0.1127888880E+04      0.8220357093E+00
0.1152000000E+01      0.1823593535E+04      0.1132104692E+04      0.8222618332E+00
0.1154000000E+01      0.1828728618E+04      0.1136327685E+04      0.8224870937E+00
0.1156000000E+01      0.1833871026E+04      0.1140557858E+04      0.8227114964E+00
0.1158000000E+01      0.1839020759E+04      0.1144795210E+04      0.8229350467E+00
0.1160000000E+01      0.1844177817E+04      0.1149039740E+04      0.8231577498E+00
0.1162000000E+01      0.1849342199E+04      0.1153291446E+04      0.8233796111E+00
0.1164000000E+01      0.1854513905E+04      0.1157550326E+04      0.8236006359E+00
0.1166000000E+01      0.1859692935E+04      0.1161816381E+04      0.8238208293E+00
0.1168000000E+01      0.1864879288E+04      0.1166089607E+04      0.8240401965E+00
0.1170000000E+01      0.1870072965E+04      0.1170370005E+04      0.8242587427E+00
0.1172000000E+01      0.1875273965E+04      0.1174657573E+04      0.8244764729E+00
0.1174000000E+01      0.1880482288E+04      0.1178952309E+04      0.8246933921E+00
0.1176000000E+01      0.1885697933E+04      0.1183254212E+04      0.8249095055E+00
0.1178000000E+01      0.1890920901E+04      0.1187563282E+04      0.8251248179E+00
0.1180000000E+01      0.1896151190E+04      0.1191879516E+04      0.8253393342E+00
0.1182000000E+01      0.1901388801E+04      0.1196202914E+04      0.8255530593E+00
0.1184000000E+01      0.1906633734E+04      0.1200533474E+04      0.8257659982E+00
0.1186000000E+01      0.1911885988E+04      0.1204871195E+04      0.8259781555E+00
0.1188000000E+01      0.1917145562E+04      0.1209216077E+04      0.8261895360E+00
0.1190000000E+01      0.1922412458E+04      0.1213568117E+04      0.8264001445E+00
0.1192000000E+01      0.1927686673E+04      0.1217927314E+04      0.8266099856E+00
0.1194000000E+01      0.1932968209E+04      0.1222293668E+04      0.8268190640E+00
0.1196000000E+01      0.1938257065E+04      0.1226667177E+04      0.8270273843E+00
0.1198000000E+01      0.1943553240E+04      0.1231047840E+04      0.8272349511E+00
0.1200000000E+01      0.1948856734E+04      0.1235435656E+04      0.8274417689E+00
