      Rhob                Epsilon              Pressure               SoundV
0.4730000000E-14      0.4409040000E-11      0.6303830000E-24      0.2528270000E-09
0.4760000000E-14      0.4431480000E-11      0.6303830000E-23      0.3286900000E-09
0.4910000000E-14      0.4571720000E-11      0.6303830000E-22      0.3811090000E-09
0.6990000000E-14      0.6506980000E-11      0.7552120000E-21      0.1661210000E-08
0.9900000000E-14      0.9199530000E-11      0.8737990000E-20      0.4506330000E-08
0.2720000000E-13      0.2529870000E-10      0.1061040000E-18      0.2185710000E-07
0.1270000000E-12      0.1189210000E-09      0.3632510000E-17      0.1280710000E-06
0.6930000000E-12      0.6450890000E-09      0.1185870000E-15      0.6813760000E-06
0.6295000000E-11      0.5856290000E-08      0.6081640000E-14      0.1980100000E-05
0.1581000000E-10      0.1470800000E-07      0.3100740000E-13      0.4121830000E-05
0.3972000000E-10      0.3694960000E-07      0.1517290000E-12      0.7788630000E-05
0.9976000000E-10      0.9278060000E-07      0.7183870000E-12      0.1422460000E-04
0.2506000000E-09      0.2331300000E-06      0.3286730000E-11      0.2500930000E-04
0.6294000000E-09      0.5856290000E-06      0.1446760000E-10      0.4207890000E-04
0.1581000000E-08      0.1470800000E-05      0.6088500000E-10      0.6739699893E-04
0.3972000000E-08      0.3695520000E-05      0.2441020000E-09      0.8516180000E-04
0.5000000000E-08      0.4651930000E-05      0.3282360000E-09      0.1052360000E-03
0.9976000000E-08      0.9283670000E-05      0.8956430000E-09      0.1422520000E-03
0.1990000000E-07      0.1852250000E-04      0.2392340000E-08      0.1863930000E-03
0.3972000000E-07      0.3696080000E-04      0.6278870000E-08      0.2408930000E-03
0.7924000000E-07      0.7376450000E-04      0.1625270000E-07      0.3085620000E-03
0.1581000000E-06      0.1471920000E-03      0.4166770000E-07      0.3417580000E-03
0.1990000000E-06      0.1853370000E-03      0.5453750000E-07      0.3860480000E-03
0.3155000000E-06      0.2937680000E-03      0.1016730000E-06      0.4315500000E-03
0.5000000000E-06      0.4656420000E-03      0.1890530000E-06      0.4889620000E-03
0.6294000000E-06      0.5861890000E-03      0.2577080000E-06      0.5509610000E-03
0.7924000000E-06      0.7382060000E-03      0.3143180000E-06      0.6137740000E-03
0.9976000000E-06      0.9294890000E-03      0.4281610000E-06      0.6540150000E-03
0.1581000000E-05      0.1470000000E-02      0.7939080000E-06      0.7285460000E-03
0.2506000000E-05      0.2340000000E-02      0.1470480000E-05      0.8500470000E-03
0.3972000000E-05      0.3700000000E-02      0.2722510000E-05      0.8906300000E-03
0.5000000000E-05      0.4660000000E-02      0.3533890000E-05      0.9510480000E-03
0.6294000000E-05      0.5870000000E-02      0.4807140000E-05      0.1100000000E-02
0.7924000000E-05      0.7390000000E-02      0.6541010000E-05      0.1180000000E-02
0.9976000000E-05      0.9310000000E-02      0.8894020000E-05      0.1280000000E-02
0.1256000000E-04      0.1172000000E-01      0.1209590000E-04      0.1300000000E-02
0.1581000000E-04      0.1476000000E-01      0.1562230000E-04      0.1320000000E-02
0.1990000000E-04      0.1858000000E-01      0.2124580000E-04      0.1390000000E-02
0.2506000000E-04      0.2340000000E-01      0.2888530000E-04      0.1470000000E-02
0.3155000000E-04      0.2947000000E-01      0.3713020000E-04      0.1550000000E-02
0.3972000000E-04      0.3712000000E-01      0.5048680000E-04      0.1820000000E-02
0.5000000000E-04      0.4674000000E-01      0.6865560000E-04      0.1960000000E-02
0.6294000000E-04      0.5884000000E-01      0.9330920000E-04      0.2110000000E-02
0.7924000000E-04      0.7416000000E-01      0.1268880000E-03      0.2150000000E-02
0.9976000000E-04      0.9334000000E-01      0.1620900000E-03      0.2190000000E-02
0.1105000000E-03      0.1034400000E+00      0.1805020000E-03      0.2220000000E-02
0.1256000000E-03      0.1175700000E+00      0.2053430000E-03      0.2270000000E-02
0.1581000000E-03      0.1480900000E+00      0.2791790000E-03      0.2300000000E-02
0.1990000000E-03      0.1865100000E+00      0.3630010000E-03      0.2350000000E-02
0.2506000000E-03      0.2349200000E+00      0.4704780000E-03      0.2420000000E-02
0.2572000000E-03      0.2411500000E+00      0.4871430000E-03      0.1640000000E-02
0.2670000000E-03      0.2502100000E+00      0.4925360000E-03      0.6323770000E-03
0.3126000000E-03      0.2932300000E+00      0.5213460000E-03      0.6351150000E-03
0.3951000000E-03      0.3707800000E+00      0.5679160000E-03      0.6395500000E-03
0.4759000000E-03      0.4467600000E+00      0.6136960000E-03      0.6456670000E-03
0.5812000000E-03      0.5456200000E+00      0.6758550000E-03      0.6505920000E-03
0.7143000000E-03      0.6709200000E+00      0.7601150000E-03      0.7025890000E-03
0.8786000000E-03      0.8252300000E+00      0.8731850000E-03      0.7646840000E-03
0.1077000000E-02      0.1012500000E+01      0.1020000000E-02      0.8354260000E-03
0.1314000000E-02      0.1235290000E+01      0.1220000000E-02      0.9276850000E-03
0.1748000000E-02      0.1643560000E+01      0.1620000000E-02      0.1000000000E-02
0.2000000000E-02      0.1880850000E+01      0.2000000000E-02      0.1100000000E-02
0.4000000000E-02      0.3764610000E+01      0.4510000000E-02      0.1460000000E-02
0.6000000000E-02      0.5649800000E+01      0.7500000000E-02      0.1680000000E-02
0.8000000000E-02      0.7536070000E+01      0.1086000000E-01      0.1880000000E-02
0.1000000000E-01      0.9423230000E+01      0.1458000000E-01      0.2070000000E-02
0.1200000000E-01      0.1131116000E+02      0.1867000000E-01      0.2280000000E-02
0.1400000000E-01      0.1319982000E+02      0.2318000000E-01      0.2510000000E-02
0.1600000000E-01      0.1508915000E+02      0.2814000000E-01      0.2760000000E-02
0.1800000000E-01      0.1697914000E+02      0.3361000000E-01      0.3040000000E-02
0.2000000000E-01      0.1886976000E+02      0.3965000000E-01      0.3340000000E-02
0.2200000000E-01      0.2076101000E+02      0.4624000000E-01      0.3660000000E-02
0.2400000000E-01      0.2265290000E+02      0.5348000000E-01      0.3990000000E-02
0.2600000000E-01      0.2454541000E+02      0.6133000000E-01      0.4330000000E-02
0.2800000000E-01      0.2643855000E+02      0.6988000000E-01      0.4680000000E-02
0.3000000000E-01      0.2833233000E+02      0.7906000000E-01      0.5030000000E-02
0.3200000000E-01      0.3022674000E+02      0.8895000000E-01      0.5390000000E-02
0.3400000000E-01      0.3212179000E+02      0.9948000000E-01      0.5740000000E-02
0.3600000000E-01      0.3401748000E+02      0.1107200000E+00      0.6090000000E-02
0.3800000000E-01      0.3591381000E+02      0.1225900000E+00      0.6440000000E-02
0.4000000000E-01      0.3781078000E+02      0.1351400000E+00      0.6790000000E-02
0.4200000000E-01      0.3970840000E+02      0.1483400000E+00      0.7110000000E-02
0.4400000000E-01      0.4160666000E+02      0.1621100000E+00      0.7420000000E-02
0.4600000000E-01      0.4350556000E+02      0.1765200000E+00      0.7740000000E-02
0.4800000000E-01      0.4540510000E+02      0.1915000000E+00      0.8040000000E-02
0.5000000000E-01      0.4730528000E+02      0.2070600000E+00      0.8310000000E-02
0.5200000000E-01      0.4920608000E+02      0.2230900000E+00      0.8580000000E-02
0.5400000000E-01      0.5110752000E+02      0.2396900000E+00      0.8870000000E-02
0.5600000000E-01      0.5300958000E+02      0.2568200000E+00      0.9120000000E-02
0.5800000000E-01      0.5491227000E+02      0.2743700000E+00      0.9340000000E-02
0.6000000000E-01      0.5681556000E+02      0.2923800000E+00      0.9690000000E-02
0.6200000000E-01      0.5871946000E+02      0.3101200000E+00      0.1002000000E-01
0.6400000000E-01      0.6062394000E+02      0.3290400000E+00      0.1028000000E-01
0.6600000000E-01      0.6252904000E+02      0.3483400000E+00      0.1069000000E-01
0.6800000000E-01      0.6443473000E+02      0.3679800000E+00      0.1101000000E-01
0.7000000000E-01      0.6617701367E+02      0.4912245692E+00      0.2120846238E-01
0.7200000000E-01      0.6808240151E+02      0.5326048753E+00      0.2220261369E-01
0.7400000000E-01      0.6998896542E+02      0.5759106898E+00      0.2320142324E-01
0.7600000000E-01      0.7189672581E+02      0.6211536189E+00      0.2420480017E-01
0.7800000000E-01      0.7380570234E+02      0.6683452704E+00      0.2521277103E-01
0.8000000000E-01      0.7571591394E+02      0.7174974682E+00      0.2622547069E-01
0.8200000000E-01      0.7762737890E+02      0.7686224503E+00      0.2724313342E-01
0.8400000000E-01      0.7954011494E+02      0.8217330507E+00      0.2826608421E-01
0.8600000000E-01      0.8145413921E+02      0.8768428665E+00      0.2929473033E-01
0.8800000000E-01      0.8336946844E+02      0.9339664085E+00      0.3032955321E-01
0.9000000000E-01      0.8528611889E+02      0.9931192392E+00      0.3137110060E-01
0.9200000000E-01      0.8720410649E+02      0.1054318095E+01      0.3241997910E-01
0.9400000000E-01      0.8912344685E+02      0.1117580998E+01      0.3347684705E-01
0.9600000000E-01      0.9104415530E+02      0.1182927348E+01      0.3454240766E-01
0.9800000000E-01      0.9296624696E+02      0.1250378015E+01      0.3561740266E-01
0.1000000000E+00      0.9488973678E+02      0.1319955406E+01      0.3670260619E-01
0.1020000000E+00      0.9681463957E+02      0.1391683531E+01      0.3779881908E-01
0.1040000000E+00      0.9874097003E+02      0.1465588053E+01      0.3890686335E-01
0.1060000000E+00      0.1006687428E+03      0.1541696335E+01      0.4002757769E-01
0.1080000000E+00      0.1025979726E+03      0.1620037469E+01      0.4116181200E-01
0.1100000000E+00      0.1045286740E+03      0.1700642303E+01      0.4231042347E-01
0.1120000000E+00      0.1064608617E+03      0.1783543461E+01      0.4347427243E-01
0.1140000000E+00      0.1083945505E+03      0.1868741848E+01      0.4434163173E-01
0.1160000000E+00      0.1103297421E+03      0.1954622873E+01      0.4460958862E-01
0.1180000000E+00      0.1122664239E+03      0.2041730080E+01      0.4535778630E-01
0.1200000000E+00      0.1142045958E+03      0.2130495871E+01      0.4623423792E-01
0.1220000000E+00      0.1161442623E+03      0.2221110635E+01      0.4718701620E-01
0.1240000000E+00      0.1180854303E+03      0.2313703408E+01      0.4819633548E-01
0.1260000000E+00      0.1200281084E+03      0.2408376749E+01      0.4925248815E-01
0.1280000000E+00      0.1219723063E+03      0.2505219477E+01      0.5035007920E-01
0.1300000000E+00      0.1239180348E+03      0.2604312589E+01      0.5148589725E-01
0.1320000000E+00      0.1258653056E+03      0.2705732426E+01      0.5265796099E-01
0.1340000000E+00      0.1278141311E+03      0.2809552524E+01      0.5386503423E-01
0.1360000000E+00      0.1297645245E+03      0.2915844762E+01      0.5510635580E-01
0.1380000000E+00      0.1317164996E+03      0.3024680116E+01      0.5638147857E-01
0.1400000000E+00      0.1336700708E+03      0.3136129165E+01      0.5769016792E-01
0.1420000000E+00      0.1356252533E+03      0.3250262435E+01      0.5903233507E-01
0.1440000000E+00      0.1375820625E+03      0.3367150640E+01      0.6040799170E-01
0.1460000000E+00      0.1395405146E+03      0.3486864851E+01      0.6181721791E-01
0.1480000000E+00      0.1415006265E+03      0.3609476612E+01      0.6326013930E-01
0.1500000000E+00      0.1434624151E+03      0.3735058016E+01      0.6473691005E-01
0.1520000000E+00      0.1454258984E+03      0.3863681754E+01      0.6624690011E-01
0.1540000000E+00      0.1473910944E+03      0.3995421144E+01      0.6779192527E-01
0.1560000000E+00      0.1493580220E+03      0.4130350142E+01      0.6937132051E-01
0.1580000000E+00      0.1513267002E+03      0.4268543342E+01      0.7098525363E-01
0.1600000000E+00      0.1532971486E+03      0.4410076111E+01      0.7263707983E-01
0.1620000000E+00      0.1552693874E+03      0.4555023976E+01      0.7432055443E-01
0.1640000000E+00      0.1572434372E+03      0.4703463491E+01      0.7603898558E-01
0.1660000000E+00      0.1592193189E+03      0.4855471611E+01      0.7779247538E-01
0.1680000000E+00      0.1611970538E+03      0.5011125805E+01      0.7958110378E-01
0.1700000000E+00      0.1631766638E+03      0.5170504019E+01      0.8140492692E-01
0.1720000000E+00      0.1651581711E+03      0.5333684634E+01      0.8326397600E-01
0.1740000000E+00      0.1671415983E+03      0.5500746424E+01      0.8515825645E-01
0.1760000000E+00      0.1691269684E+03      0.5671768508E+01      0.8708774725E-01
0.1780000000E+00      0.1711143047E+03      0.5846830309E+01      0.8905240028E-01
0.1800000000E+00      0.1731036311E+03      0.6026011503E+01      0.9105214060E-01
0.1820000000E+00      0.1750949715E+03      0.6209391970E+01      0.9308686540E-01
0.1840000000E+00      0.1770883505E+03      0.6397051752E+01      0.9515644454E-01
0.1860000000E+00      0.1790837929E+03      0.6589070835E+01      0.9725763179E-01
0.1880000000E+00      0.1810813237E+03      0.6785529748E+01      0.9939643244E-01
0.1900000000E+00      0.1830809685E+03      0.6986508549E+01      0.1015695330E+00
0.1920000000E+00      0.1850827529E+03      0.7192087420E+01      0.1037766946E+00
0.1940000000E+00      0.1870867031E+03      0.7402346456E+01      0.1060176518E+00
0.1960000000E+00      0.1890928452E+03      0.7617365616E+01      0.1082921130E+00
0.1980000000E+00      0.1911012064E+03      0.7837224732E+01      0.1106000080E+00
0.2000000000E+00      0.1931118128E+03      0.8062003248E+01      0.1129404509E+00
0.2020000000E+00      0.1951246918E+03      0.8291780491E+01      0.1153133712E+00
0.2040000000E+00      0.1971398709E+03      0.8526635415E+01      0.1177183780E+00
0.2060000000E+00      0.1991573777E+03      0.8766646609E+01      0.1201550572E+00
0.2080000000E+00      0.2011772399E+03      0.9011892250E+01      0.1226229722E+00
0.2100000000E+00      0.2031994857E+03      0.9262450065E+01      0.1251216643E+00
0.2120000000E+00      0.2052241434E+03      0.9518397284E+01      0.1276506535E+00
0.2140000000E+00      0.2072512413E+03      0.9779810605E+01      0.1302094394E+00
0.2160000000E+00      0.2092808081E+03      0.1004676615E+02      0.1327975021E+00
0.2180000000E+00      0.2113128727E+03      0.1031933943E+02      0.1354144753E+00
0.2200000000E+00      0.2133474639E+03      0.1059760529E+02      0.1380594562E+00
0.2220000000E+00      0.2153846109E+03      0.1088163790E+02      0.1407320436E+00
0.2240000000E+00      0.2174243430E+03      0.1117151072E+02      0.1434316467E+00
0.2260000000E+00      0.2194666895E+03      0.1146729642E+02      0.1461576595E+00
0.2280000000E+00      0.2215116800E+03      0.1176906692E+02      0.1489094612E+00
0.2300000000E+00      0.2235593441E+03      0.1207689329E+02      0.1516864170E+00
0.2320000000E+00      0.2256097115E+03      0.1239084576E+02      0.1544878797E+00
0.2340000000E+00      0.2276628119E+03      0.1271099369E+02      0.1573131896E+00
0.2360000000E+00      0.2297186754E+03      0.1303740552E+02      0.1601616763E+00
0.2380000000E+00      0.2317773318E+03      0.1337014877E+02      0.1630326588E+00
0.2400000000E+00      0.2338388111E+03      0.1370929000E+02      0.1659254472E+00
0.2420000000E+00      0.2359031435E+03      0.1405489480E+02      0.1688393428E+00
0.2440000000E+00      0.2379703590E+03      0.1440702775E+02      0.1717736396E+00
0.2460000000E+00      0.2400404877E+03      0.1476575241E+02      0.1747276247E+00
0.2480000000E+00      0.2421135599E+03      0.1513113131E+02      0.1777005796E+00
0.2500000000E+00      0.2441896057E+03      0.1550322591E+02      0.1806917806E+00
0.2520000000E+00      0.2462686553E+03      0.1588209661E+02      0.1837005003E+00
0.2540000000E+00      0.2483507388E+03      0.1626780273E+02      0.1867260076E+00
0.2560000000E+00      0.2504358864E+03      0.1666040246E+02      0.1897675692E+00
0.2580000000E+00      0.2525241283E+03      0.1705995293E+02      0.1928246664E+00
0.2600000000E+00      0.2546154946E+03      0.1746651008E+02      0.1958961301E+00
0.2620000000E+00      0.2567100154E+03      0.1788012876E+02      0.1989814410E+00
0.2640000000E+00      0.2588077206E+03      0.1830086269E+02      0.2020798640E+00
0.2660000000E+00      0.2609086402E+03      0.1872876441E+02      0.2051906651E+00
0.2680000000E+00      0.2630128043E+03      0.1916388533E+02      0.2083131124E+00
0.2700000000E+00      0.2651202425E+03      0.1960627570E+02      0.2114464769E+00
0.2720000000E+00      0.2672309848E+03      0.2005598460E+02      0.2145900330E+00
0.2740000000E+00      0.2693450608E+03      0.2051305995E+02      0.2177430592E+00
0.2760000000E+00      0.2714625001E+03      0.2097754853E+02      0.2209048388E+00
0.2780000000E+00      0.2735833322E+03      0.2144949591E+02      0.2240746602E+00
0.2800000000E+00      0.2757075865E+03      0.2192894655E+02      0.2272518180E+00
0.2820000000E+00      0.2778352924E+03      0.2241594371E+02      0.2304356130E+00
0.2840000000E+00      0.2799664790E+03      0.2291052951E+02      0.2336253531E+00
0.2860000000E+00      0.2821011754E+03      0.2341274492E+02      0.2368203535E+00
0.2880000000E+00      0.2842394106E+03      0.2392262976E+02      0.2400199376E+00
0.2900000000E+00      0.2863812134E+03      0.2444022270E+02      0.2432234368E+00
0.2920000000E+00      0.2885266124E+03      0.2496556129E+02      0.2464301916E+00
0.2940000000E+00      0.2906756362E+03      0.2549868194E+02      0.2496395516E+00
0.2960000000E+00      0.2928283132E+03      0.2603961993E+02      0.2528508760E+00
0.2980000000E+00      0.2949846717E+03      0.2658840947E+02      0.2560635338E+00
0.3000000000E+00      0.2971447397E+03      0.2714508362E+02      0.2592769045E+00
0.3020000000E+00      0.2993085453E+03      0.2770967438E+02      0.2624903778E+00
0.3040000000E+00      0.3014761161E+03      0.2828221267E+02      0.2657033543E+00
0.3060000000E+00      0.3036474798E+03      0.2886272832E+02      0.2689152460E+00
0.3080000000E+00      0.3058226635E+03      0.2945125019E+02      0.2721287913E+00
0.3100000000E+00      0.3080016951E+03      0.3004780591E+02      0.2753368720E+00
0.3120000000E+00      0.3101846015E+03      0.3065242225E+02      0.2785421715E+00
0.3140000000E+00      0.3123714095E+03      0.3126512491E+02      0.2817441480E+00
0.3160000000E+00      0.3145621458E+03      0.3188593857E+02      0.2849422713E+00
0.3180000000E+00      0.3167568371E+03      0.3251488696E+02      0.2881360235E+00
0.3200000000E+00      0.3189555096E+03      0.3315199281E+02      0.2913248989E+00
0.3220000000E+00      0.3211581896E+03      0.3379727788E+02      0.2945084038E+00
0.3240000000E+00      0.3233649029E+03      0.3445076302E+02      0.2976860572E+00
0.3260000000E+00      0.3255756755E+03      0.3511246811E+02      0.3008573903E+00
0.3280000000E+00      0.3277905328E+03      0.3578241216E+02      0.3040219466E+00
0.3300000000E+00      0.3300095003E+03      0.3646061326E+02      0.3071792822E+00
0.3320000000E+00      0.3322326032E+03      0.3714708862E+02      0.3103289656E+00
0.3340000000E+00      0.3344598663E+03      0.3784185458E+02      0.3134705774E+00
0.3360000000E+00      0.3366913146E+03      0.3854492666E+02      0.3166037110E+00
0.3380000000E+00      0.3389269726E+03      0.3925631951E+02      0.3197279716E+00
0.3400000000E+00      0.3411668646E+03      0.3997604700E+02      0.3228429771E+00
0.3420000000E+00      0.3434110149E+03      0.4070412218E+02      0.3259483573E+00
0.3440000000E+00      0.3456594473E+03      0.4144055732E+02      0.3290437541E+00
0.3460000000E+00      0.3479121856E+03      0.4218536393E+02      0.3321288215E+00
0.3480000000E+00      0.3501692534E+03      0.4293855278E+02      0.3352032252E+00
0.3500000000E+00      0.3524306739E+03      0.4370013389E+02      0.3382666428E+00
0.3520000000E+00      0.3546964703E+03      0.4447011657E+02      0.3413187635E+00
0.3540000000E+00      0.3569666654E+03      0.4524850943E+02      0.3443592880E+00
0.3560000000E+00      0.3592412820E+03      0.4603532042E+02      0.3473879283E+00
0.3580000000E+00      0.3615203426E+03      0.4683055679E+02      0.3504044077E+00
0.3600000000E+00      0.3638038693E+03      0.4763422515E+02      0.3534084604E+00
0.3620000000E+00      0.3660918843E+03      0.4844633149E+02      0.3563998317E+00
0.3640000000E+00      0.3683844093E+03      0.4926688117E+02      0.3593782774E+00
0.3660000000E+00      0.3706814660E+03      0.5009587895E+02      0.3623437164E+00
0.3680000000E+00      0.3729830759E+03      0.5093332899E+02      0.3652956201E+00
0.3700000000E+00      0.3752892599E+03      0.5177923497E+02      0.3682318784E+00
0.3720000000E+00      0.3776000394E+03      0.5263359979E+02      0.3711564062E+00
0.3740000000E+00      0.3799154350E+03      0.5349642603E+02      0.3740669428E+00
0.3760000000E+00      0.3822354672E+03      0.5436771567E+02      0.3769633045E+00
0.3780000000E+00      0.3845601564E+03      0.5524747016E+02      0.3798453174E+00
0.3800000000E+00      0.3868895228E+03      0.5613569048E+02      0.3827128166E+00
0.3820000000E+00      0.3892235863E+03      0.5703237712E+02      0.3855656462E+00
0.3840000000E+00      0.3915623667E+03      0.5793753009E+02      0.3884036595E+00
0.3860000000E+00      0.3939058834E+03      0.5885114895E+02      0.3912267181E+00
0.3880000000E+00      0.3962541558E+03      0.5977323283E+02      0.3940346922E+00
0.3900000000E+00      0.3986072030E+03      0.6070378042E+02      0.3968274604E+00
0.3920000000E+00      0.4009650440E+03      0.6164279001E+02      0.3996049092E+00
0.3940000000E+00      0.4033276973E+03      0.6259025946E+02      0.4023669329E+00
0.3960000000E+00      0.4056951816E+03      0.6354618628E+02      0.4051134336E+00
0.3980000000E+00      0.4080675152E+03      0.6451056757E+02      0.4078443209E+00
0.4000000000E+00      0.4104447161E+03      0.6548340009E+02      0.4105595115E+00
0.4020000000E+00      0.4128268023E+03      0.6646468023E+02      0.4132589295E+00
0.4040000000E+00      0.4152137915E+03      0.6745440406E+02      0.4159425056E+00
0.4060000000E+00      0.4176057011E+03      0.6845256730E+02      0.4186101773E+00
0.4080000000E+00      0.4200025486E+03      0.6945916537E+02      0.4212618886E+00
0.4100000000E+00      0.4224043511E+03      0.7047419337E+02      0.4238975900E+00
0.4120000000E+00      0.4248111254E+03      0.7149764611E+02      0.4265172378E+00
0.4140000000E+00      0.4272228884E+03      0.7252951813E+02      0.4291207946E+00
0.4160000000E+00      0.4296396565E+03      0.7356980368E+02      0.4317082287E+00
0.4180000000E+00      0.4320614463E+03      0.7461849674E+02      0.4342795138E+00
0.4200000000E+00      0.4344882738E+03      0.7567559105E+02      0.4368346293E+00
0.4220000000E+00      0.4369201551E+03      0.7674108010E+02      0.4393735597E+00
0.4240000000E+00      0.4393571059E+03      0.7781495715E+02      0.4418962948E+00
0.4260000000E+00      0.4417991420E+03      0.7889721523E+02      0.4444028290E+00
0.4280000000E+00      0.4442462792E+03      0.7998784687E+02      0.4468851580E+00
0.4300000000E+00      0.4466985319E+03      0.8108684523E+02      0.4493591957E+00
0.4320000000E+00      0.4491559156E+03      0.8219420245E+02      0.4518170445E+00
0.4340000000E+00      0.4516184453E+03      0.8330991073E+02      0.4542587171E+00
0.4360000000E+00      0.4540861358E+03      0.8443396211E+02      0.4566842303E+00
0.4380000000E+00      0.4565590015E+03      0.8556634845E+02      0.4590936049E+00
0.4400000000E+00      0.4590370570E+03      0.8670706144E+02      0.4614868657E+00
0.4420000000E+00      0.4615203164E+03      0.8785609261E+02      0.4638640409E+00
0.4440000000E+00      0.4640087938E+03      0.8901343334E+02      0.4662251627E+00
0.4460000000E+00      0.4665025032E+03      0.9017907487E+02      0.4685702663E+00
0.4480000000E+00      0.4690014583E+03      0.9135300828E+02      0.4708993905E+00
0.4500000000E+00      0.4715056726E+03      0.9253522455E+02      0.4732125770E+00
0.4520000000E+00      0.4740151596E+03      0.9372571451E+02      0.4755098709E+00
0.4540000000E+00      0.4765299325E+03      0.9492446889E+02      0.4777913200E+00
0.4560000000E+00      0.4790500045E+03      0.9613147830E+02      0.4800569748E+00
0.4580000000E+00      0.4815753884E+03      0.9734673324E+02      0.4823068887E+00
0.4600000000E+00      0.4841060971E+03      0.9857022411E+02      0.4845411175E+00
0.4620000000E+00      0.4866421432E+03      0.9980194122E+02      0.4867597197E+00
0.4640000000E+00      0.4891835392E+03      0.1010418748E+03      0.4889627558E+00
0.4660000000E+00      0.4917302974E+03      0.1022900150E+03      0.4911502888E+00
0.4680000000E+00      0.4942824301E+03      0.1035463518E+03      0.4933223836E+00
0.4700000000E+00      0.4968399491E+03      0.1048108753E+03      0.4954791077E+00
0.4720000000E+00      0.4994028666E+03      0.1060835753E+03      0.4976205300E+00
0.4740000000E+00      0.5019711941E+03      0.1073644418E+03      0.4997467213E+00
0.4760000000E+00      0.5045449433E+03      0.1086534644E+03      0.5018577543E+00
0.4780000000E+00      0.5071241257E+03      0.1099506331E+03      0.5039537034E+00
0.4800000000E+00      0.5097087526E+03      0.1112559373E+03      0.5060346444E+00
0.4820000000E+00      0.5122988351E+03      0.1125693668E+03      0.5081006547E+00
0.4840000000E+00      0.5148943845E+03      0.1138909113E+03      0.5101518132E+00
0.4860000000E+00      0.5174954114E+03      0.1152205601E+03      0.5121882001E+00
0.4880000000E+00      0.5201019269E+03      0.1165583030E+03      0.5142098967E+00
0.4900000000E+00      0.5227139414E+03      0.1179041293E+03      0.5162169856E+00
0.4920000000E+00      0.5253314656E+03      0.1192580286E+03      0.5182095506E+00
0.4940000000E+00      0.5279545099E+03      0.1206199903E+03      0.5201876764E+00
0.4960000000E+00      0.5305830844E+03      0.1219900038E+03      0.5221514487E+00
0.4980000000E+00      0.5332171994E+03      0.1233680586E+03      0.5241009542E+00
0.5000000000E+00      0.5358568649E+03      0.1247541440E+03      0.5260362804E+00
0.5020000000E+00      0.5385020908E+03      0.1261482495E+03      0.5279575155E+00
0.5040000000E+00      0.5411528868E+03      0.1275503644E+03      0.5298647486E+00
0.5060000000E+00      0.5438092627E+03      0.1289604781E+03      0.5317580693E+00
0.5080000000E+00      0.5464712279E+03      0.1303785799E+03      0.5336375679E+00
0.5100000000E+00      0.5491387918E+03      0.1318046593E+03      0.5355033352E+00
0.5120000000E+00      0.5518119639E+03      0.1332387056E+03      0.5373554626E+00
0.5140000000E+00      0.5544907532E+03      0.1346807083E+03      0.5391940419E+00
0.5160000000E+00      0.5571751689E+03      0.1361306566E+03      0.5410191654E+00
0.5180000000E+00      0.5598652200E+03      0.1375885401E+03      0.5428309255E+00
0.5200000000E+00      0.5625609152E+03      0.1390543480E+03      0.5446294153E+00
0.5220000000E+00      0.5652622634E+03      0.1405280700E+03      0.5464147278E+00
0.5240000000E+00      0.5679692731E+03      0.1420096953E+03      0.5481869566E+00
0.5260000000E+00      0.5706819530E+03      0.1434992135E+03      0.5499461951E+00
0.5280000000E+00      0.5734003114E+03      0.1449966140E+03      0.5516925373E+00
0.5300000000E+00      0.5761243567E+03      0.1465018863E+03      0.5534260769E+00
0.5320000000E+00      0.5788540971E+03      0.1480150201E+03      0.5551469080E+00
0.5340000000E+00      0.5815895407E+03      0.1495360048E+03      0.5568551245E+00
0.5360000000E+00      0.5843306956E+03      0.1510648300E+03      0.5585508205E+00
0.5380000000E+00      0.5870775697E+03      0.1526014853E+03      0.5602340900E+00
0.5400000000E+00      0.5898301707E+03      0.1541459605E+03      0.5619050271E+00
0.5420000000E+00      0.5925885065E+03      0.1556982450E+03      0.5635637255E+00
0.5440000000E+00      0.5953525847E+03      0.1572583288E+03      0.5652102790E+00
0.5460000000E+00      0.5981224128E+03      0.1588262014E+03      0.5668447814E+00
0.5480000000E+00      0.6008979983E+03      0.1604018527E+03      0.5684673262E+00
0.5500000000E+00      0.6036793485E+03      0.1619852725E+03      0.5700780067E+00
0.5520000000E+00      0.6064664707E+03      0.1635764506E+03      0.5716769159E+00
0.5540000000E+00      0.6092593720E+03      0.1651753770E+03      0.5732641468E+00
0.5560000000E+00      0.6120580596E+03      0.1667820415E+03      0.5748397921E+00
0.5580000000E+00      0.6148625405E+03      0.1683964342E+03      0.5764039442E+00
0.5600000000E+00      0.6176728216E+03      0.1700185450E+03      0.5779566950E+00
0.5620000000E+00      0.6204889097E+03      0.1716483640E+03      0.5794981365E+00
0.5640000000E+00      0.6233108116E+03      0.1732858813E+03      0.5810283044E+00
0.5660000000E+00      0.6261385338E+03      0.1749310870E+03      0.5825474012E+00
0.5680000000E+00      0.6289720831E+03      0.1765839714E+03      0.5840554620E+00
0.5700000000E+00      0.6318114660E+03      0.1782445247E+03      0.5855525770E+00
0.5720000000E+00      0.6346566887E+03      0.1799127371E+03      0.5870388364E+00
0.5740000000E+00      0.6375077578E+03      0.1815885990E+03      0.5885143296E+00
0.5760000000E+00      0.6403646794E+03      0.1832721007E+03      0.5899791459E+00
0.5780000000E+00      0.6432274597E+03      0.1849632328E+03      0.5914333740E+00
0.5800000000E+00      0.6460961049E+03      0.1866619856E+03      0.5928771022E+00
0.5820000000E+00      0.6489706209E+03      0.1883683497E+03      0.5943104183E+00
0.5840000000E+00      0.6518510139E+03      0.1900823157E+03      0.5957334096E+00
0.5860000000E+00      0.6547372895E+03      0.1918038742E+03      0.5971461633E+00
0.5880000000E+00      0.6576294538E+03      0.1935330158E+03      0.5985487655E+00
0.5900000000E+00      0.6605275123E+03      0.1952697314E+03      0.5999413024E+00
0.5920000000E+00      0.6634314709E+03      0.1970140116E+03      0.6013238592E+00
0.5940000000E+00      0.6663413350E+03      0.1987658474E+03      0.6026965209E+00
0.5960000000E+00      0.6692571103E+03      0.2005252296E+03      0.6040593720E+00
0.5980000000E+00      0.6721788022E+03      0.2022921491E+03      0.6054124963E+00
0.6000000000E+00      0.6751064161E+03      0.2040665969E+03      0.6067559771E+00
0.6020000000E+00      0.6780399574E+03      0.2058485641E+03      0.6080898973E+00
0.6040000000E+00      0.6809794313E+03      0.2076380418E+03      0.6094143391E+00
0.6060000000E+00      0.6839248430E+03      0.2094350212E+03      0.6107293843E+00
0.6080000000E+00      0.6868761978E+03      0.2112394933E+03      0.6120351141E+00
0.6100000000E+00      0.6898335006E+03      0.2130514496E+03      0.6133316090E+00
0.6120000000E+00      0.6927967565E+03      0.2148708813E+03      0.6146189491E+00
0.6140000000E+00      0.6957659705E+03      0.2166977798E+03      0.6158972139E+00
0.6160000000E+00      0.6987411474E+03      0.2185321365E+03      0.6171664824E+00
0.6180000000E+00      0.7017222921E+03      0.2203739429E+03      0.6184268329E+00
0.6200000000E+00      0.7047094094E+03      0.2222231906E+03      0.6196783432E+00
0.6220000000E+00      0.7077025040E+03      0.2240798710E+03      0.6209210905E+00
0.6240000000E+00      0.7107015806E+03      0.2259439760E+03      0.6221551515E+00
0.6260000000E+00      0.7137066437E+03      0.2278154971E+03      0.6233806021E+00
0.6280000000E+00      0.7167176980E+03      0.2296944261E+03      0.6245975180E+00
0.6300000000E+00      0.7197347479E+03      0.2315807548E+03      0.6258059740E+00
0.6320000000E+00      0.7227577979E+03      0.2334744751E+03      0.6270060444E+00
0.6340000000E+00      0.7257868524E+03      0.2353755790E+03      0.6281978029E+00
0.6360000000E+00      0.7288219156E+03      0.2372840583E+03      0.6293813227E+00
0.6380000000E+00      0.7318629920E+03      0.2391999052E+03      0.6305566764E+00
0.6400000000E+00      0.7349100857E+03      0.2411231116E+03      0.6317239360E+00
0.6420000000E+00      0.7379632009E+03      0.2430536698E+03      0.6328831728E+00
0.6440000000E+00      0.7410223417E+03      0.2449915719E+03      0.6340344578E+00
0.6460000000E+00      0.7440875122E+03      0.2469368102E+03      0.6351778610E+00
0.6480000000E+00      0.7471587165E+03      0.2488893770E+03      0.6363134523E+00
0.6500000000E+00      0.7502359586E+03      0.2508492646E+03      0.6374413006E+00
0.6520000000E+00      0.7533192423E+03      0.2528164654E+03      0.6385614745E+00
0.6540000000E+00      0.7564085716E+03      0.2547909720E+03      0.6396740419E+00
0.6560000000E+00      0.7595039503E+03      0.2567727768E+03      0.6407790702E+00
0.6580000000E+00      0.7626053821E+03      0.2587618724E+03      0.6418766260E+00
0.6600000000E+00      0.7657128710E+03      0.2607582515E+03      0.6429667757E+00
0.6620000000E+00      0.7688264205E+03      0.2627619066E+03      0.6440495849E+00
0.6640000000E+00      0.7719460343E+03      0.2647728306E+03      0.6451251185E+00
0.6660000000E+00      0.7750717161E+03      0.2667910162E+03      0.6461934411E+00
0.6680000000E+00      0.7782034693E+03      0.2688164562E+03      0.6472546167E+00
0.6700000000E+00      0.7813412976E+03      0.2708491436E+03      0.6483087086E+00
0.6720000000E+00      0.7844852045E+03      0.2728890713E+03      0.6493557796E+00
0.6740000000E+00      0.7876351933E+03      0.2749362323E+03      0.6503958919E+00
0.6760000000E+00      0.7907912675E+03      0.2769906197E+03      0.6514291072E+00
0.6780000000E+00      0.7939534304E+03      0.2790522264E+03      0.6524554867E+00
0.6800000000E+00      0.7971216854E+03      0.2811210458E+03      0.6534750910E+00
0.6820000000E+00      0.8002960358E+03      0.2831970709E+03      0.6544879801E+00
0.6840000000E+00      0.8034764848E+03      0.2852802951E+03      0.6554942135E+00
0.6860000000E+00      0.8066630356E+03      0.2873707117E+03      0.6564937922E+00
0.6880000000E+00      0.8098556914E+03      0.2894683139E+03      0.6574868907E+00
0.6900000000E+00      0.8130544553E+03      0.2915730952E+03      0.6584735088E+00
0.6920000000E+00      0.8162593304E+03      0.2936850492E+03      0.6594537039E+00
0.6940000000E+00      0.8194703198E+03      0.2958041691E+03      0.6604275327E+00
0.6960000000E+00      0.8226874264E+03      0.2979304487E+03      0.6613950516E+00
0.6980000000E+00      0.8259106534E+03      0.3000638816E+03      0.6623563163E+00
0.7000000000E+00      0.8291400035E+03      0.3022044613E+03      0.6633113821E+00
0.7020000000E+00      0.8323754798E+03      0.3043521816E+03      0.6642603037E+00
0.7040000000E+00      0.8356170852E+03      0.3065070362E+03      0.6652031354E+00
0.7060000000E+00      0.8388648224E+03      0.3086690189E+03      0.6661399309E+00
0.7080000000E+00      0.8421186943E+03      0.3108381237E+03      0.6670707435E+00
0.7100000000E+00      0.8453787036E+03      0.3130143443E+03      0.6679956257E+00
0.7120000000E+00      0.8486448532E+03      0.3151976747E+03      0.6689146300E+00
0.7140000000E+00      0.8519171457E+03      0.3173881090E+03      0.6698278079E+00
0.7160000000E+00      0.8551955838E+03      0.3195856411E+03      0.6707352108E+00
0.7180000000E+00      0.8584801702E+03      0.3217902651E+03      0.6716368894E+00
0.7200000000E+00      0.8617709075E+03      0.3240019751E+03      0.6725328939E+00
0.7220000000E+00      0.8650677982E+03      0.3262207654E+03      0.6734232742E+00
0.7240000000E+00      0.8683708450E+03      0.3284466302E+03      0.6743080795E+00
0.7260000000E+00      0.8716800503E+03      0.3306795637E+03      0.6751873588E+00
0.7280000000E+00      0.8749954167E+03      0.3329195602E+03      0.6760611603E+00
0.7300000000E+00      0.8783169466E+03      0.3351666141E+03      0.6769295320E+00
0.7320000000E+00      0.8816446425E+03      0.3374207199E+03      0.6777925213E+00
0.7340000000E+00      0.8849785068E+03      0.3396818718E+03      0.6786501753E+00
0.7360000000E+00      0.8883185418E+03      0.3419500645E+03      0.6795025404E+00
0.7380000000E+00      0.8916647500E+03      0.3442252925E+03      0.6803496628E+00
0.7400000000E+00      0.8950171336E+03      0.3465075503E+03      0.6811915880E+00
0.7420000000E+00      0.8983756950E+03      0.3487968325E+03      0.6820283614E+00
0.7440000000E+00      0.9017404364E+03      0.3510931339E+03      0.6828600276E+00
0.7460000000E+00      0.9051113601E+03      0.3533964492E+03      0.6836866311E+00
0.7480000000E+00      0.9084884683E+03      0.3557067730E+03      0.6845082156E+00
0.7500000000E+00      0.9118717632E+03      0.3580241002E+03      0.6853248247E+00
0.7520000000E+00      0.9152612469E+03      0.3603484256E+03      0.6861365013E+00
0.7540000000E+00      0.9186569217E+03      0.3626797441E+03      0.6869432882E+00
0.7560000000E+00      0.9220587896E+03      0.3650180506E+03      0.6877452276E+00
0.7580000000E+00      0.9254668528E+03      0.3673633400E+03      0.6885423612E+00
0.7600000000E+00      0.9288811133E+03      0.3697156075E+03      0.6893347304E+00
0.7620000000E+00      0.9323015731E+03      0.3720748478E+03      0.6901223762E+00
0.7640000000E+00      0.9357282343E+03      0.3744410563E+03      0.6909053392E+00
0.7660000000E+00      0.9391610988E+03      0.3768142280E+03      0.6916836596E+00
0.7680000000E+00      0.9426001687E+03      0.3791943579E+03      0.6924573771E+00
0.7700000000E+00      0.9460454460E+03      0.3815814415E+03      0.6932265313E+00
0.7720000000E+00      0.9494969324E+03      0.3839754738E+03      0.6939911610E+00
0.7740000000E+00      0.9529546301E+03      0.3863764501E+03      0.6947513049E+00
0.7760000000E+00      0.9564185407E+03      0.3887843658E+03      0.6955070012E+00
0.7780000000E+00      0.9598886663E+03      0.3911992162E+03      0.6962582879E+00
0.7800000000E+00      0.9633650086E+03      0.3936209966E+03      0.6970052025E+00
0.7820000000E+00      0.9668475695E+03      0.3960497026E+03      0.6977477820E+00
0.7840000000E+00      0.9703363507E+03      0.3984853296E+03      0.6984860632E+00
0.7860000000E+00      0.9738313542E+03      0.4009278730E+03      0.6992200825E+00
0.7880000000E+00      0.9773325815E+03      0.4033773285E+03      0.6999498761E+00
0.7900000000E+00      0.9808400345E+03      0.4058336915E+03      0.7006754795E+00
0.7920000000E+00      0.9843537149E+03      0.4082969577E+03      0.7013969280E+00
0.7940000000E+00      0.9878736243E+03      0.4107671227E+03      0.7021142568E+00
0.7960000000E+00      0.9913997645E+03      0.4132441822E+03      0.7028275004E+00
0.7980000000E+00      0.9949321372E+03      0.4157281320E+03      0.7035366931E+00
0.8000000000E+00      0.9984707439E+03      0.4182189677E+03      0.7042418689E+00
0.8020000000E+00      0.1002015586E+04      0.4207166851E+03      0.7049430614E+00
0.8040000000E+00      0.1005566666E+04      0.4232212801E+03      0.7056403039E+00
0.8060000000E+00      0.1009123985E+04      0.4257327486E+03      0.7063336294E+00
0.8080000000E+00      0.1012687544E+04      0.4282510863E+03      0.7070230705E+00
0.8100000000E+00      0.1016257345E+04      0.4307762892E+03      0.7077086595E+00
0.8120000000E+00      0.1019833389E+04      0.4333083533E+03      0.7083904284E+00
0.8140000000E+00      0.1023415679E+04      0.4358472746E+03      0.7090684090E+00
0.8160000000E+00      0.1027004215E+04      0.4383930490E+03      0.7097426325E+00
0.8180000000E+00      0.1030598999E+04      0.4409456726E+03      0.7104131300E+00
0.8200000000E+00      0.1034200033E+04      0.4435051415E+03      0.7110799322E+00
0.8220000000E+00      0.1037807318E+04      0.4460714519E+03      0.7117430697E+00
0.8240000000E+00      0.1041420855E+04      0.4486445998E+03      0.7124025726E+00
0.8260000000E+00      0.1045040646E+04      0.4512245814E+03      0.7130584706E+00
0.8280000000E+00      0.1048666692E+04      0.4538113929E+03      0.7137107934E+00
0.8300000000E+00      0.1052298994E+04      0.4564050307E+03      0.7143595702E+00
0.8320000000E+00      0.1055937555E+04      0.4590054909E+03      0.7150048301E+00
0.8340000000E+00      0.1059582375E+04      0.4616127698E+03      0.7156466016E+00
0.8360000000E+00      0.1063233455E+04      0.4642268638E+03      0.7162849132E+00
0.8380000000E+00      0.1066890798E+04      0.4668477692E+03      0.7169197930E+00
0.8400000000E+00      0.1070554404E+04      0.4694754824E+03      0.7175512688E+00
0.8420000000E+00      0.1074224274E+04      0.4721099999E+03      0.7181793683E+00
0.8440000000E+00      0.1077900410E+04      0.4747513181E+03      0.7188040644E+00
0.8460000000E+00      0.1081582813E+04      0.4773994334E+03      0.7194254930E+00
0.8480000000E+00      0.1085271485E+04      0.4800543423E+03      0.7200436262E+00
0.8500000000E+00      0.1088966426E+04      0.4827160415E+03      0.7206584906E+00
0.8520000000E+00      0.1092667638E+04      0.4853845275E+03      0.7212701125E+00
0.8540000000E+00      0.1096375122E+04      0.4880597967E+03      0.7218785178E+00
0.8560000000E+00      0.1100088879E+04      0.4907418460E+03      0.7224837322E+00
0.8580000000E+00      0.1103808911E+04      0.4934306718E+03      0.7230857813E+00
0.8600000000E+00      0.1107535218E+04      0.4961262709E+03      0.7236846903E+00
0.8620000000E+00      0.1111267801E+04      0.4988286408E+03      0.7242942608E+00
0.8640000000E+00      0.1115006663E+04      0.5015377766E+03      0.7248869913E+00
0.8660000000E+00      0.1118751804E+04      0.5042536758E+03      0.7254766558E+00
0.8680000000E+00      0.1122503225E+04      0.5069763353E+03      0.7260632784E+00
0.8700000000E+00      0.1126260927E+04      0.5097057517E+03      0.7266468832E+00
0.8720000000E+00      0.1130024911E+04      0.5124419221E+03      0.7272274941E+00
0.8740000000E+00      0.1133795178E+04      0.5151848431E+03      0.7278051344E+00
0.8760000000E+00      0.1137571730E+04      0.5179345117E+03      0.7283798276E+00
0.8780000000E+00      0.1141354568E+04      0.5206909249E+03      0.7289515968E+00
0.8800000000E+00      0.1145143692E+04      0.5234540794E+03      0.7295204646E+00
0.8820000000E+00      0.1148939104E+04      0.5262239723E+03      0.7300864539E+00
0.8840000000E+00      0.1152740804E+04      0.5290006006E+03      0.7306495870E+00
0.8860000000E+00      0.1156548794E+04      0.5317839612E+03      0.7312098861E+00
0.8880000000E+00      0.1160363074E+04      0.5345740513E+03      0.7317673732E+00
0.8900000000E+00      0.1164183646E+04      0.5373708677E+03      0.7323220700E+00
0.8920000000E+00      0.1168010510E+04      0.5401744077E+03      0.7328739982E+00
0.8940000000E+00      0.1171843668E+04      0.5429846682E+03      0.7334231789E+00
0.8960000000E+00      0.1175683121E+04      0.5458016465E+03      0.7339696335E+00
0.8980000000E+00      0.1179528868E+04      0.5486253397E+03      0.7345133827E+00
0.9000000000E+00      0.1183380913E+04      0.5514557449E+03      0.7350544473E+00
0.9020000000E+00      0.1187239254E+04      0.5542928593E+03      0.7355928479E+00
0.9040000000E+00      0.1191103893E+04      0.5571366801E+03      0.7361286048E+00
0.9060000000E+00      0.1194974832E+04      0.5599872046E+03      0.7366617380E+00
0.9080000000E+00      0.1198852070E+04      0.5628444301E+03      0.7371922676E+00
0.9100000000E+00      0.1202735610E+04      0.5657083537E+03      0.7377202132E+00
0.9120000000E+00      0.1206625451E+04      0.5685789729E+03      0.7382455944E+00
0.9140000000E+00      0.1210521594E+04      0.5714562848E+03      0.7387684307E+00
0.9160000000E+00      0.1214424041E+04      0.5743402869E+03      0.7392887410E+00
0.9180000000E+00      0.1218332793E+04      0.5772309765E+03      0.7398065445E+00
0.9200000000E+00      0.1222247849E+04      0.5801283511E+03      0.7403218599E+00
0.9220000000E+00      0.1226169211E+04      0.5830324079E+03      0.7408347059E+00
0.9240000000E+00      0.1230096880E+04      0.5859431445E+03      0.7413451009E+00
0.9260000000E+00      0.1234030857E+04      0.5888605582E+03      0.7418530632E+00
0.9280000000E+00      0.1237971141E+04      0.5917846466E+03      0.7423586108E+00
0.9300000000E+00      0.1241917735E+04      0.5947154070E+03      0.7428617617E+00
0.9320000000E+00      0.1245870639E+04      0.5976528372E+03      0.7433625337E+00
0.9340000000E+00      0.1249829853E+04      0.6005969344E+03      0.7438609442E+00
0.9360000000E+00      0.1253795379E+04      0.6035476963E+03      0.7443570108E+00
0.9380000000E+00      0.1257767217E+04      0.6065051205E+03      0.7448507506E+00
0.9400000000E+00      0.1261745368E+04      0.6094692045E+03      0.7453421807E+00
0.9420000000E+00      0.1265729833E+04      0.6124399459E+03      0.7458313181E+00
0.9440000000E+00      0.1269720612E+04      0.6154173424E+03      0.7463181795E+00
0.9460000000E+00      0.1273717706E+04      0.6184013915E+03      0.7468027815E+00
0.9480000000E+00      0.1277721115E+04      0.6213920910E+03      0.7472851405E+00
0.9500000000E+00      0.1281730842E+04      0.6243894385E+03      0.7477518422E+00
0.9520000000E+00      0.1285746885E+04      0.6273934316E+03      0.7482297229E+00
0.9540000000E+00      0.1289769247E+04      0.6304040682E+03      0.7487054090E+00
0.9560000000E+00      0.1293797927E+04      0.6334213458E+03      0.7491789163E+00
0.9580000000E+00      0.1297832926E+04      0.6364452624E+03      0.7496502606E+00
0.9600000000E+00      0.1301874245E+04      0.6394758155E+03      0.7501194573E+00
0.9620000000E+00      0.1305921885E+04      0.6425130031E+03      0.7505865218E+00
0.9640000000E+00      0.1309975845E+04      0.6455568228E+03      0.7510514694E+00
0.9660000000E+00      0.1314036128E+04      0.6486072725E+03      0.7515143151E+00
0.9680000000E+00      0.1318102734E+04      0.6516643501E+03      0.7519750739E+00
0.9700000000E+00      0.1322175662E+04      0.6547280533E+03      0.7524337605E+00
0.9720000000E+00      0.1326254914E+04      0.6577983801E+03      0.7528903898E+00
0.9740000000E+00      0.1330340490E+04      0.6608753283E+03      0.7533449760E+00
0.9760000000E+00      0.1334432392E+04      0.6639588957E+03      0.7537975338E+00
0.9780000000E+00      0.1338530619E+04      0.6670490804E+03      0.7542480773E+00
0.9800000000E+00      0.1342635172E+04      0.6701458802E+03      0.7546966207E+00
0.9820000000E+00      0.1346746052E+04      0.6732492930E+03      0.7551431778E+00
0.9840000000E+00      0.1350863259E+04      0.6763593169E+03      0.7555877627E+00
0.9860000000E+00      0.1354986794E+04      0.6794759497E+03      0.7560303891E+00
0.9880000000E+00      0.1359116658E+04      0.6825991895E+03      0.7564710705E+00
0.9900000000E+00      0.1363252851E+04      0.6857290343E+03      0.7569098204E+00
0.9920000000E+00      0.1367395373E+04      0.6888654820E+03      0.7573466522E+00
0.9940000000E+00      0.1371544225E+04      0.6920085308E+03      0.7577815791E+00
0.9960000000E+00      0.1375699408E+04      0.6951581786E+03      0.7582146142E+00
0.9980000000E+00      0.1379860922E+04      0.6983144235E+03      0.7586457705E+00
0.1000000000E+01      0.1384028769E+04      0.7014772636E+03      0.7590750609E+00
0.1002000000E+01      0.1388202947E+04      0.7046466969E+03      0.7595024980E+00
0.1004000000E+01      0.1392383458E+04      0.7078227216E+03      0.7599280947E+00
0.1006000000E+01      0.1396570302E+04      0.7110053357E+03      0.7603518632E+00
0.1008000000E+01      0.1400763480E+04      0.7141945375E+03      0.7607738161E+00
0.1010000000E+01      0.1404962993E+04      0.7173903250E+03      0.7611939657E+00
0.1012000000E+01      0.1409168840E+04      0.7205926963E+03      0.7616123240E+00
0.1014000000E+01      0.1413381023E+04      0.7238016498E+03      0.7620289032E+00
0.1016000000E+01      0.1417599541E+04      0.7270171834E+03      0.7624437152E+00
0.1018000000E+01      0.1421824396E+04      0.7302392955E+03      0.7628567719E+00
0.1020000000E+01      0.1426055587E+04      0.7334679842E+03      0.7632680850E+00
0.1022000000E+01      0.1430293116E+04      0.7367032478E+03      0.7636776660E+00
0.1024000000E+01      0.1434536982E+04      0.7399450844E+03      0.7640855266E+00
0.1026000000E+01      0.1438787187E+04      0.7431934923E+03      0.7644916781E+00
0.1028000000E+01      0.1443043730E+04      0.7464484698E+03      0.7648961319E+00
0.1030000000E+01      0.1447306612E+04      0.7497100152E+03      0.7652988991E+00
0.1032000000E+01      0.1451575833E+04      0.7529781267E+03      0.7656999909E+00
0.1034000000E+01      0.1455851395E+04      0.7562528026E+03      0.7660994183E+00
0.1036000000E+01      0.1460133297E+04      0.7595340412E+03      0.7664971922E+00
0.1038000000E+01      0.1464421539E+04      0.7628218408E+03      0.7668933233E+00
0.1040000000E+01      0.1468716123E+04      0.7661161998E+03      0.7672878224E+00
0.1042000000E+01      0.1473017048E+04      0.7694171165E+03      0.7676807002E+00
0.1044000000E+01      0.1477324316E+04      0.7727245892E+03      0.7680719671E+00
0.1046000000E+01      0.1481637925E+04      0.7760386164E+03      0.7684616335E+00
0.1048000000E+01      0.1485957878E+04      0.7793591963E+03      0.7688497099E+00
0.1050000000E+01      0.1490284174E+04      0.7826863273E+03      0.7692362063E+00
0.1052000000E+01      0.1494616813E+04      0.7860200079E+03      0.7696211331E+00
0.1054000000E+01      0.1498955797E+04      0.7893602365E+03      0.7700044787E+00
0.1056000000E+01      0.1503301125E+04      0.7927070115E+03      0.7703862962E+00
0.1058000000E+01      0.1507652798E+04      0.7960603312E+03      0.7707665738E+00
0.1060000000E+01      0.1512010815E+04      0.7994201942E+03      0.7711453214E+00
0.1062000000E+01      0.1516375179E+04      0.8027865988E+03      0.7715225487E+00
0.1064000000E+01      0.1520745888E+04      0.8061595436E+03      0.7718982653E+00
0.1066000000E+01      0.1525122944E+04      0.8095390270E+03      0.7722724807E+00
0.1068000000E+01      0.1529506346E+04      0.8129250475E+03      0.7726452044E+00
0.1070000000E+01      0.1533896095E+04      0.8163176036E+03      0.7730164458E+00
0.1072000000E+01      0.1538292192E+04      0.8197166937E+03      0.7733862140E+00
0.1074000000E+01      0.1542694636E+04      0.8231223164E+03      0.7737545184E+00
0.1076000000E+01      0.1547103428E+04      0.8265344702E+03      0.7741213681E+00
0.1078000000E+01      0.1551518569E+04      0.8299531536E+03      0.7744867720E+00
0.1080000000E+01      0.1555940058E+04      0.8333783652E+03      0.7748507393E+00
0.1082000000E+01      0.1560367896E+04      0.8368101034E+03      0.7752132786E+00
0.1084000000E+01      0.1564802084E+04      0.8402483669E+03      0.7755743989E+00
0.1086000000E+01      0.1569242621E+04      0.8436931542E+03      0.7759341089E+00
0.1088000000E+01      0.1573689509E+04      0.8471444639E+03      0.7762924172E+00
0.1090000000E+01      0.1578142746E+04      0.8506022946E+03      0.7766493325E+00
0.1092000000E+01      0.1582602335E+04      0.8540666449E+03      0.7770048631E+00
0.1094000000E+01      0.1587068274E+04      0.8575375132E+03      0.7773590176E+00
0.1096000000E+01      0.1591540564E+04      0.8610148984E+03      0.7777118043E+00
0.1098000000E+01      0.1596019206E+04      0.8644987990E+03      0.7780632315E+00
0.1100000000E+01      0.1600504200E+04      0.8679892135E+03      0.7784133075E+00
0.1102000000E+01      0.1604995546E+04      0.8714861407E+03      0.7787620402E+00
0.1104000000E+01      0.1609493244E+04      0.8749895792E+03      0.7791094380E+00
0.1106000000E+01      0.1613997296E+04      0.8784995276E+03      0.7794555086E+00
0.1108000000E+01      0.1618507700E+04      0.8820159846E+03      0.7798002601E+00
0.1110000000E+01      0.1623024457E+04      0.8855389489E+03      0.7801437004E+00
0.1112000000E+01      0.1627547568E+04      0.8890684191E+03      0.7804858372E+00
0.1114000000E+01      0.1632077033E+04      0.8926043939E+03      0.7808266782E+00
0.1116000000E+01      0.1636612851E+04      0.8961468720E+03      0.7811662313E+00
0.1118000000E+01      0.1641155024E+04      0.8996958521E+03      0.7815045039E+00
0.1120000000E+01      0.1645703552E+04      0.9032513330E+03      0.7818415035E+00
0.1122000000E+01      0.1650258435E+04      0.9068133132E+03      0.7821772378E+00
0.1124000000E+01      0.1654819673E+04      0.9103817916E+03      0.7825117140E+00
0.1126000000E+01      0.1659387266E+04      0.9139567669E+03      0.7828449396E+00
0.1128000000E+01      0.1663961215E+04      0.9175382378E+03      0.7831769218E+00
0.1130000000E+01      0.1668541519E+04      0.9211262030E+03      0.7835076679E+00
0.1132000000E+01      0.1673128180E+04      0.9247206613E+03      0.7838371849E+00
0.1134000000E+01      0.1677721197E+04      0.9283216115E+03      0.7841654801E+00
0.1136000000E+01      0.1682320571E+04      0.9319290523E+03      0.7844925605E+00
0.1138000000E+01      0.1686926302E+04      0.9355429825E+03      0.7848184331E+00
0.1140000000E+01      0.1691538389E+04      0.9391634008E+03      0.7851431048E+00
0.1142000000E+01      0.1696156834E+04      0.9427903062E+03      0.7854665824E+00
0.1144000000E+01      0.1700781637E+04      0.9464236972E+03      0.7857888728E+00
0.1146000000E+01      0.1705412797E+04      0.9500635728E+03      0.7861099828E+00
0.1148000000E+01      0.1710050315E+04      0.9537099318E+03      0.7864299190E+00
0.1150000000E+01      0.1714694192E+04      0.9573627729E+03      0.7867486882E+00
0.1152000000E+01      0.1719344427E+04      0.9610220950E+03      0.7870662968E+00
0.1154000000E+01      0.1724001020E+04      0.9646878969E+03      0.7873827515E+00
0.1156000000E+01      0.1728663972E+04      0.9683601774E+03      0.7876980587E+00
0.1158000000E+01      0.1733333284E+04      0.9720389354E+03      0.7880122249E+00
0.1160000000E+01      0.1738008954E+04      0.9757241697E+03      0.7883252564E+00
0.1162000000E+01      0.1742690984E+04      0.9794158792E+03      0.7886371596E+00
0.1164000000E+01      0.1747379374E+04      0.9831140627E+03      0.7889479408E+00
0.1166000000E+01      0.1752074123E+04      0.9868187191E+03      0.7892576061E+00
0.1168000000E+01      0.1756775233E+04      0.9905298472E+03      0.7895661618E+00
0.1170000000E+01      0.1761482702E+04      0.9942474459E+03      0.7898736139E+00
0.1172000000E+01      0.1766196532E+04      0.9979715142E+03      0.7901799686E+00
0.1174000000E+01      0.1770916723E+04      0.1001702051E+04      0.7904852319E+00
0.1176000000E+01      0.1775643274E+04      0.1005439055E+04      0.7907894097E+00
0.1178000000E+01      0.1780376187E+04      0.1009182525E+04      0.7910925081E+00
0.1180000000E+01      0.1785115460E+04      0.1012932460E+04      0.7913945328E+00
0.1182000000E+01      0.1789861095E+04      0.1016688859E+04      0.7916954897E+00
0.1184000000E+01      0.1794613091E+04      0.1020451721E+04      0.7919953847E+00
0.1186000000E+01      0.1799371449E+04      0.1024221045E+04      0.7922942234E+00
0.1188000000E+01      0.1804136169E+04      0.1027996829E+04      0.7925920115E+00
0.1190000000E+01      0.1808907251E+04      0.1031779073E+04      0.7928887547E+00
0.1192000000E+01      0.1813684694E+04      0.1035567776E+04      0.7931844586E+00
0.1194000000E+01      0.1818468500E+04      0.1039362936E+04      0.7934791288E+00
0.1196000000E+01      0.1823258669E+04      0.1043164553E+04      0.7937727708E+00
0.1198000000E+01      0.1828055200E+04      0.1046972625E+04      0.7940653901E+00
0.1200000000E+01      0.1832858094E+04      0.1050787152E+04      0.7943569920E+00
