      Rhob                Epsilon              Pressure               SoundV
0.4730000000E-14      0.4409040000E-11      0.6303830000E-24      0.2528270000E-09
0.4760000000E-14      0.4431480000E-11      0.6303830000E-23      0.3286900000E-09
0.4910000000E-14      0.4571720000E-11      0.6303830000E-22      0.3811090000E-09
0.6990000000E-14      0.6506980000E-11      0.7552120000E-21      0.1661210000E-08
0.9900000000E-14      0.9199530000E-11      0.8737990000E-20      0.4506330000E-08
0.2720000000E-13      0.2529870000E-10      0.1061040000E-18      0.2185710000E-07
0.1270000000E-12      0.1189210000E-09      0.3632510000E-17      0.1280710000E-06
0.6930000000E-12      0.6450890000E-09      0.1185870000E-15      0.6813760000E-06
0.6295000000E-11      0.5856290000E-08      0.6081640000E-14      0.1980100000E-05
0.1581000000E-10      0.1470800000E-07      0.3100740000E-13      0.4121830000E-05
0.3972000000E-10      0.3694960000E-07      0.1517290000E-12      0.7788630000E-05
0.9976000000E-10      0.9278060000E-07      0.7183870000E-12      0.1422460000E-04
0.2506000000E-09      0.2331300000E-06      0.3286730000E-11      0.2500930000E-04
0.6294000000E-09      0.5856290000E-06      0.1446760000E-10      0.4207890000E-04
0.1581000000E-08      0.1470800000E-05      0.6088500000E-10      0.6739699893E-04
0.3972000000E-08      0.3695520000E-05      0.2441020000E-09      0.8516180000E-04
0.5000000000E-08      0.4651930000E-05      0.3282360000E-09      0.1052360000E-03
0.9976000000E-08      0.9283670000E-05      0.8956430000E-09      0.1422520000E-03
0.1990000000E-07      0.1852250000E-04      0.2392340000E-08      0.1863930000E-03
0.3972000000E-07      0.3696080000E-04      0.6278870000E-08      0.2408930000E-03
0.7924000000E-07      0.7376450000E-04      0.1625270000E-07      0.3085620000E-03
0.1581000000E-06      0.1471920000E-03      0.4166770000E-07      0.3417580000E-03
0.1990000000E-06      0.1853370000E-03      0.5453750000E-07      0.3860480000E-03
0.3155000000E-06      0.2937680000E-03      0.1016730000E-06      0.4315500000E-03
0.5000000000E-06      0.4656420000E-03      0.1890530000E-06      0.4889620000E-03
0.6294000000E-06      0.5861890000E-03      0.2577080000E-06      0.5509610000E-03
0.7924000000E-06      0.7382060000E-03      0.3143180000E-06      0.6137740000E-03
0.9976000000E-06      0.9294890000E-03      0.4281610000E-06      0.6540150000E-03
0.1581000000E-05      0.1470000000E-02      0.7939080000E-06      0.7285460000E-03
0.2506000000E-05      0.2340000000E-02      0.1470480000E-05      0.8500470000E-03
0.3972000000E-05      0.3700000000E-02      0.2722510000E-05      0.8906300000E-03
0.5000000000E-05      0.4660000000E-02      0.3533890000E-05      0.9510480000E-03
0.6294000000E-05      0.5870000000E-02      0.4807140000E-05      0.1100000000E-02
0.7924000000E-05      0.7390000000E-02      0.6541010000E-05      0.1180000000E-02
0.9976000000E-05      0.9310000000E-02      0.8894020000E-05      0.1280000000E-02
0.1256000000E-04      0.1172000000E-01      0.1209590000E-04      0.1300000000E-02
0.1581000000E-04      0.1476000000E-01      0.1562230000E-04      0.1320000000E-02
0.1990000000E-04      0.1858000000E-01      0.2124580000E-04      0.1390000000E-02
0.2506000000E-04      0.2340000000E-01      0.2888530000E-04      0.1470000000E-02
0.3155000000E-04      0.2947000000E-01      0.3713020000E-04      0.1550000000E-02
0.3972000000E-04      0.3712000000E-01      0.5048680000E-04      0.1820000000E-02
0.5000000000E-04      0.4674000000E-01      0.6865560000E-04      0.1960000000E-02
0.6294000000E-04      0.5884000000E-01      0.9330920000E-04      0.2110000000E-02
0.7924000000E-04      0.7416000000E-01      0.1268880000E-03      0.2150000000E-02
0.9976000000E-04      0.9334000000E-01      0.1620900000E-03      0.2190000000E-02
0.1105000000E-03      0.1034400000E+00      0.1805020000E-03      0.2220000000E-02
0.1256000000E-03      0.1175700000E+00      0.2053430000E-03      0.2270000000E-02
0.1581000000E-03      0.1480900000E+00      0.2791790000E-03      0.2300000000E-02
0.1990000000E-03      0.1865100000E+00      0.3630010000E-03      0.2350000000E-02
0.2506000000E-03      0.2349200000E+00      0.4704780000E-03      0.2420000000E-02
0.2572000000E-03      0.2411500000E+00      0.4871430000E-03      0.1640000000E-02
0.2670000000E-03      0.2502100000E+00      0.4925360000E-03      0.6323770000E-03
0.3126000000E-03      0.2932300000E+00      0.5213460000E-03      0.6351150000E-03
0.3951000000E-03      0.3707800000E+00      0.5679160000E-03      0.6395500000E-03
0.4759000000E-03      0.4467600000E+00      0.6136960000E-03      0.6456670000E-03
0.5812000000E-03      0.5456200000E+00      0.6758550000E-03      0.6505920000E-03
0.7143000000E-03      0.6709200000E+00      0.7601150000E-03      0.7025890000E-03
0.8786000000E-03      0.8252300000E+00      0.8731850000E-03      0.7646840000E-03
0.1077000000E-02      0.1012500000E+01      0.1020000000E-02      0.8354260000E-03
0.1314000000E-02      0.1235290000E+01      0.1220000000E-02      0.9276850000E-03
0.1748000000E-02      0.1643560000E+01      0.1620000000E-02      0.1000000000E-02
0.2000000000E-02      0.1880850000E+01      0.2000000000E-02      0.1100000000E-02
0.4000000000E-02      0.3764610000E+01      0.4510000000E-02      0.1460000000E-02
0.6000000000E-02      0.5649800000E+01      0.7500000000E-02      0.1680000000E-02
0.8000000000E-02      0.7536070000E+01      0.1086000000E-01      0.1880000000E-02
0.1000000000E-01      0.9423230000E+01      0.1458000000E-01      0.2070000000E-02
0.1200000000E-01      0.1131116000E+02      0.1867000000E-01      0.2280000000E-02
0.1400000000E-01      0.1319982000E+02      0.2318000000E-01      0.2510000000E-02
0.1600000000E-01      0.1508915000E+02      0.2814000000E-01      0.2760000000E-02
0.1800000000E-01      0.1697914000E+02      0.3361000000E-01      0.3040000000E-02
0.2000000000E-01      0.1886976000E+02      0.3965000000E-01      0.3340000000E-02
0.2200000000E-01      0.2076101000E+02      0.4624000000E-01      0.3660000000E-02
0.2400000000E-01      0.2265290000E+02      0.5348000000E-01      0.3990000000E-02
0.2600000000E-01      0.2454541000E+02      0.6133000000E-01      0.4330000000E-02
0.2800000000E-01      0.2643855000E+02      0.6988000000E-01      0.4680000000E-02
0.3000000000E-01      0.2833233000E+02      0.7906000000E-01      0.5030000000E-02
0.3200000000E-01      0.3022674000E+02      0.8895000000E-01      0.5390000000E-02
0.3400000000E-01      0.3212179000E+02      0.9948000000E-01      0.5740000000E-02
0.3600000000E-01      0.3401748000E+02      0.1107200000E+00      0.6090000000E-02
0.3800000000E-01      0.3591381000E+02      0.1225900000E+00      0.6440000000E-02
0.4000000000E-01      0.3781078000E+02      0.1351400000E+00      0.6790000000E-02
0.4200000000E-01      0.3970840000E+02      0.1483400000E+00      0.7110000000E-02
0.4400000000E-01      0.4160666000E+02      0.1621100000E+00      0.7420000000E-02
0.4600000000E-01      0.4350556000E+02      0.1765200000E+00      0.7740000000E-02
0.4800000000E-01      0.4540510000E+02      0.1915000000E+00      0.8040000000E-02
0.5000000000E-01      0.4730528000E+02      0.2070600000E+00      0.8310000000E-02
0.5200000000E-01      0.4920608000E+02      0.2230900000E+00      0.8580000000E-02
0.5400000000E-01      0.5110752000E+02      0.2396900000E+00      0.8870000000E-02
0.5600000000E-01      0.5300958000E+02      0.2568200000E+00      0.9120000000E-02
0.5800000000E-01      0.5491227000E+02      0.2743700000E+00      0.9340000000E-02
0.6000000000E-01      0.5681556000E+02      0.2923800000E+00      0.9690000000E-02
0.6200000000E-01      0.5871946000E+02      0.3101200000E+00      0.1002000000E-01
0.6400000000E-01      0.6062394000E+02      0.3290400000E+00      0.1028000000E-01
0.6600000000E-01      0.6252904000E+02      0.3483400000E+00      0.1069000000E-01
0.6800000000E-01      0.6443473000E+02      0.3679800000E+00      0.1101000000E-01
0.7000000000E-01      0.6634095000E+02      0.3861300000E+00      0.1136000000E-01
0.7200000000E-01      0.6810170255E+02      0.5190126739E+00      0.2026679073E-01
0.7400000000E-01      0.7000837267E+02      0.5584544448E+00      0.2108567330E-01
0.7600000000E-01      0.7191613015E+02      0.5994837475E+00      0.2190754862E-01
0.7800000000E-01      0.7382498827E+02      0.6421090799E+00      0.2273315293E-01
0.8000000000E-01      0.7573495986E+02      0.6863404755E+00      0.2356331808E-01
0.8200000000E-01      0.7764605738E+02      0.7321896785E+00      0.2439895985E-01
0.8400000000E-01      0.7955829300E+02      0.7796702980E+00      0.2524106682E-01
0.8600000000E-01      0.8147167863E+02      0.8287979425E+00      0.2609068994E-01
0.8800000000E-01      0.8338622604E+02      0.8795903359E+00      0.2694893269E-01
0.9000000000E-01      0.8530194688E+02      0.9320674153E+00      0.2781694193E-01
0.9200000000E-01      0.8721885276E+02      0.9862514130E+00      0.2869589936E-01
0.9400000000E-01      0.8913695528E+02      0.1042166923E+01      0.2958701353E-01
0.9600000000E-01      0.9105626612E+02      0.1099840954E+01      0.3049151254E-01
0.9800000000E-01      0.9297679702E+02      0.1159302966E+01      0.3141063717E-01
0.1000000000E+00      0.9489855991E+02      0.1220584900E+01      0.3234563477E-01
0.1020000000E+00      0.9682156688E+02      0.1283721194E+01      0.3329775337E-01
0.1040000000E+00      0.9874583026E+02      0.1348748787E+01      0.3426823657E-01
0.1060000000E+00      0.1006713626E+03      0.1415707114E+01      0.3525831863E-01
0.1080000000E+00      0.1025981769E+03      0.1484638097E+01      0.3626922019E-01
0.1100000000E+00      0.1045262861E+03      0.1555586122E+01      0.3730214433E-01
0.1120000000E+00      0.1064557041E+03      0.1628598014E+01      0.3835827287E-01
0.1140000000E+00      0.1083864445E+03      0.1703723002E+01      0.3943876335E-01
0.1160000000E+00      0.1103185139E+03      0.1779812858E+01      0.3956881320E-01
0.1180000000E+00      0.1122519032E+03      0.1857001761E+01      0.4029290688E-01
0.1200000000E+00      0.1141866140E+03      0.1935791366E+01      0.4115060567E-01
0.1220000000E+00      0.1161226527E+03      0.2016380970E+01      0.4208985856E-01
0.1240000000E+00      0.1180600282E+03      0.2098910323E+01      0.4309199221E-01
0.1260000000E+00      0.1199987513E+03      0.2183494651E+01      0.4414814008E-01
0.1280000000E+00      0.1219388339E+03      0.2270236853E+01      0.4525350473E-01
0.1300000000E+00      0.1238802893E+03      0.2359233032E+01      0.4640530729E-01
0.1320000000E+00      0.1258231318E+03      0.2450575393E+01      0.4760188736E-01
0.1340000000E+00      0.1277673766E+03      0.2544353914E+01      0.4884225114E-01
0.1360000000E+00      0.1297130397E+03      0.2640657373E+01      0.5012582226E-01
0.1380000000E+00      0.1316601381E+03      0.2739574000E+01      0.5145229412E-01
0.1400000000E+00      0.1336086896E+03      0.2841191910E+01      0.5282014664E-01
0.1420000000E+00      0.1355587124E+03      0.2945599389E+01      0.5423210790E-01
0.1440000000E+00      0.1375102260E+03      0.3052885086E+01      0.5568689478E-01
0.1460000000E+00      0.1394632500E+03      0.3163138141E+01      0.5718461831E-01
0.1480000000E+00      0.1414178052E+03      0.3276448262E+01      0.5872541642E-01
0.1500000000E+00      0.1433739127E+03      0.3392905772E+01      0.6030943891E-01
0.1520000000E+00      0.1453315944E+03      0.3512601629E+01      0.6193683626E-01
0.1540000000E+00      0.1472908728E+03      0.3635627431E+01      0.6360775132E-01
0.1560000000E+00      0.1492517710E+03      0.3762075550E+01      0.6532722924E-01
0.1580000000E+00      0.1512143127E+03      0.3892038509E+01      0.6708561346E-01
0.1600000000E+00      0.1531785222E+03      0.4025609853E+01      0.6888783738E-01
0.1620000000E+00      0.1551444244E+03      0.4162883507E+01      0.7073396128E-01
0.1640000000E+00      0.1571120445E+03      0.4303953887E+01      0.7262401700E-01
0.1660000000E+00      0.1590814086E+03      0.4448915848E+01      0.7455800604E-01
0.1680000000E+00      0.1610525432E+03      0.4597864632E+01      0.7653589824E-01
0.1700000000E+00      0.1630254750E+03      0.4750895819E+01      0.7855763072E-01
0.1720000000E+00      0.1650002317E+03      0.4908105267E+01      0.8062310707E-01
0.1740000000E+00      0.1669768411E+03      0.5069589056E+01      0.8273219686E-01
0.1760000000E+00      0.1689553316E+03      0.5235443430E+01      0.8488473535E-01
0.1780000000E+00      0.1709357320E+03      0.5405764590E+01      0.8707765329E-01
0.1800000000E+00      0.1729180716E+03      0.5580649222E+01      0.8931644892E-01
0.1820000000E+00      0.1749023802E+03      0.5760193557E+01      0.9159799240E-01
0.1840000000E+00      0.1768886877E+03      0.5944493899E+01      0.9392198136E-01
0.1860000000E+00      0.1788770248E+03      0.6133646413E+01      0.9628807959E-01
0.1880000000E+00      0.1808674222E+03      0.6327747072E+01      0.9869591747E-01
0.1900000000E+00      0.1828599112E+03      0.6526891596E+01      0.1011450924E+00
0.1920000000E+00      0.1848545234E+03      0.6731175391E+01      0.1036351696E+00
0.1940000000E+00      0.1868512906E+03      0.6940693493E+01      0.1061656825E+00
0.1960000000E+00      0.1888502452E+03      0.7155540513E+01      0.1087361333E+00
0.1980000000E+00      0.1908514196E+03      0.7375810577E+01      0.1113459945E+00
0.2000000000E+00      0.1928548467E+03      0.7601597273E+01      0.1139947086E+00
0.2020000000E+00      0.1948605595E+03      0.7832993599E+01      0.1166816900E+00
0.2040000000E+00      0.1968685915E+03      0.8070091907E+01      0.1194063251E+00
0.2060000000E+00      0.1988789763E+03      0.8312983854E+01      0.1221679738E+00
0.2080000000E+00      0.2008917477E+03      0.8561760348E+01      0.1249659703E+00
0.2100000000E+00      0.2029069398E+03      0.8816511511E+01      0.1277997061E+00
0.2120000000E+00      0.2049245868E+03      0.9077326605E+01      0.1306683026E+00
0.2140000000E+00      0.2069447233E+03      0.9344294020E+01      0.1335711051E+00
0.2160000000E+00      0.2089673838E+03      0.9617501208E+01      0.1365073553E+00
0.2180000000E+00      0.2109926031E+03      0.9897034647E+01      0.1394762746E+00
0.2200000000E+00      0.2130204163E+03      0.1018297980E+02      0.1424770650E+00
0.2220000000E+00      0.2150508584E+03      0.1047542107E+02      0.1455089107E+00
0.2240000000E+00      0.2170839647E+03      0.1077444177E+02      0.1485709787E+00
0.2260000000E+00      0.2191197703E+03      0.1108012409E+02      0.1516624207E+00
0.2280000000E+00      0.2211583109E+03      0.1139254904E+02      0.1547823735E+00
0.2300000000E+00      0.2231996218E+03      0.1171179646E+02      0.1579299608E+00
0.2320000000E+00      0.2252437387E+03      0.1203794494E+02      0.1611042943E+00
0.2340000000E+00      0.2272906972E+03      0.1237107184E+02      0.1643044745E+00
0.2360000000E+00      0.2293405330E+03      0.1271125321E+02      0.1675295924E+00
0.2380000000E+00      0.2313932818E+03      0.1305856381E+02      0.1707787303E+00
0.2400000000E+00      0.2334489793E+03      0.1341307708E+02      0.1740509633E+00
0.2420000000E+00      0.2355076613E+03      0.1377486508E+02      0.1773453603E+00
0.2440000000E+00      0.2375693636E+03      0.1414399853E+02      0.1806609850E+00
0.2460000000E+00      0.2396341218E+03      0.1452054675E+02      0.1839968976E+00
0.2480000000E+00      0.2417019717E+03      0.1490457764E+02      0.1873522543E+00
0.2500000000E+00      0.2437729490E+03      0.1529615771E+02      0.1907259121E+00
0.2520000000E+00      0.2458470893E+03      0.1569535200E+02      0.1941170253E+00
0.2540000000E+00      0.2479244282E+03      0.1610222416E+02      0.1975246495E+00
0.2560000000E+00      0.2500050011E+03      0.1651683634E+02      0.2009478415E+00
0.2580000000E+00      0.2520888437E+03      0.1693924926E+02      0.2043856610E+00
0.2600000000E+00      0.2541759911E+03      0.1736952217E+02      0.2078371710E+00
0.2620000000E+00      0.2562664787E+03      0.1780771285E+02      0.2113014388E+00
0.2640000000E+00      0.2583603416E+03      0.1825387760E+02      0.2147775375E+00
0.2660000000E+00      0.2604576149E+03      0.1870807127E+02      0.2182645461E+00
0.2680000000E+00      0.2625583335E+03      0.1917034722E+02      0.2217615508E+00
0.2700000000E+00      0.2646625322E+03      0.1964075734E+02      0.2252676458E+00
0.2720000000E+00      0.2667702456E+03      0.2011935208E+02      0.2287819340E+00
0.2740000000E+00      0.2688815083E+03      0.2060618039E+02      0.2323035277E+00
0.2760000000E+00      0.2709963547E+03      0.2110128979E+02      0.2358315494E+00
0.2780000000E+00      0.2731148189E+03      0.2160472636E+02      0.2393651326E+00
0.2800000000E+00      0.2752369350E+03      0.2211653471E+02      0.2429034220E+00
0.2820000000E+00      0.2773627369E+03      0.2263675805E+02      0.2464455746E+00
0.2840000000E+00      0.2794922582E+03      0.2316543814E+02      0.2499907600E+00
0.2860000000E+00      0.2816255325E+03      0.2370261537E+02      0.2535381609E+00
0.2880000000E+00      0.2837625930E+03      0.2424832871E+02      0.2570869739E+00
0.2900000000E+00      0.2859034729E+03      0.2480261576E+02      0.2606364095E+00
0.2920000000E+00      0.2880482052E+03      0.2536551274E+02      0.2641856929E+00
0.2940000000E+00      0.2901968224E+03      0.2593705453E+02      0.2677340640E+00
0.2960000000E+00      0.2923493571E+03      0.2651727468E+02      0.2712808889E+00
0.2980000000E+00      0.2945058417E+03      0.2710620541E+02      0.2748252166E+00
0.3000000000E+00      0.2966663080E+03      0.2770387766E+02      0.2783664452E+00
0.3020000000E+00      0.2988307881E+03      0.2831032106E+02      0.2819038775E+00
0.3040000000E+00      0.3009993133E+03      0.2892556400E+02      0.2854368329E+00
0.3060000000E+00      0.3031719153E+03      0.2954963363E+02      0.2889646470E+00
0.3080000000E+00      0.3053486250E+03      0.3018255586E+02      0.2924866724E+00
0.3100000000E+00      0.3075294733E+03      0.3082435544E+02      0.2959991574E+00
0.3120000000E+00      0.3097144910E+03      0.3147505583E+02      0.2995076872E+00
0.3140000000E+00      0.3119037084E+03      0.3213467945E+02      0.3030085866E+00
0.3160000000E+00      0.3140971557E+03      0.3280324753E+02      0.3065012756E+00
0.3180000000E+00      0.3162948627E+03      0.3348078019E+02      0.3099851914E+00
0.3200000000E+00      0.3184968591E+03      0.3416729645E+02      0.3134597879E+00
0.3220000000E+00      0.3207031744E+03      0.3486281427E+02      0.3169245364E+00
0.3240000000E+00      0.3229138376E+03      0.3556735053E+02      0.3203789248E+00
0.3260000000E+00      0.3251288776E+03      0.3628092112E+02      0.3238224579E+00
0.3280000000E+00      0.3273483232E+03      0.3700354090E+02      0.3272546573E+00
0.3300000000E+00      0.3295722025E+03      0.3773522376E+02      0.3306750612E+00
0.3320000000E+00      0.3318005437E+03      0.3847598262E+02      0.3340832242E+00
0.3340000000E+00      0.3340333747E+03      0.3922582947E+02      0.3374787175E+00
0.3360000000E+00      0.3362707230E+03      0.3998477538E+02      0.3408611282E+00
0.3380000000E+00      0.3385126159E+03      0.4075283053E+02      0.3442300597E+00
0.3400000000E+00      0.3407590801E+03      0.4153000434E+02      0.3475888486E+00
0.3420000000E+00      0.3430101431E+03      0.4231630506E+02      0.3509297681E+00
0.3440000000E+00      0.3452658310E+03      0.4311174044E+02      0.3542561123E+00
0.3460000000E+00      0.3475261701E+03      0.4391631731E+02      0.3575675463E+00
0.3480000000E+00      0.3497911863E+03      0.4473004173E+02      0.3608637503E+00
0.3500000000E+00      0.3520609053E+03      0.4555291900E+02      0.3641444191E+00
0.3520000000E+00      0.3543353527E+03      0.4638495366E+02      0.3674092620E+00
0.3540000000E+00      0.3566145535E+03      0.4722614956E+02      0.3706580023E+00
0.3560000000E+00      0.3588985327E+03      0.4807650985E+02      0.3738903775E+00
0.3580000000E+00      0.3611873150E+03      0.4893603700E+02      0.3771061384E+00
0.3600000000E+00      0.3634809247E+03      0.4980473282E+02      0.3803050493E+00
0.3620000000E+00      0.3657793860E+03      0.5068259837E+02      0.3834842770E+00
0.3640000000E+00      0.3680827226E+03      0.5156963447E+02      0.3866487672E+00
0.3660000000E+00      0.3703909582E+03      0.5246584095E+02      0.3897957770E+00
0.3680000000E+00      0.3727041161E+03      0.5337121723E+02      0.3929251215E+00
0.3700000000E+00      0.3750222195E+03      0.5428576213E+02      0.3960366274E+00
0.3720000000E+00      0.3773452911E+03      0.5520947397E+02      0.3991301331E+00
0.3740000000E+00      0.3796733535E+03      0.5614235051E+02      0.4022054884E+00
0.3760000000E+00      0.3820064290E+03      0.5708438904E+02      0.4052625539E+00
0.3780000000E+00      0.3843445397E+03      0.5803558636E+02      0.4083012012E+00
0.3800000000E+00      0.3866877074E+03      0.5899593880E+02      0.4113213121E+00
0.3820000000E+00      0.3890359537E+03      0.5996544222E+02      0.4143227789E+00
0.3840000000E+00      0.3913892998E+03      0.6094409208E+02      0.4173055036E+00
0.3860000000E+00      0.3937477668E+03      0.6193188340E+02      0.4202693977E+00
0.3880000000E+00      0.3961113756E+03      0.6292881080E+02      0.4232143821E+00
0.3900000000E+00      0.3984801467E+03      0.6393486852E+02      0.4261403866E+00
0.3920000000E+00      0.4008541004E+03      0.6495005043E+02      0.4290473500E+00
0.3940000000E+00      0.4032332569E+03      0.6597435004E+02      0.4319352193E+00
0.3960000000E+00      0.4056176360E+03      0.6700776052E+02      0.4348039498E+00
0.3980000000E+00      0.4080072573E+03      0.6805027470E+02      0.4376535048E+00
0.4000000000E+00      0.4104021403E+03      0.6910188511E+02      0.4404838551E+00
0.4020000000E+00      0.4128023039E+03      0.7016258397E+02      0.4432949791E+00
0.4040000000E+00      0.4152077673E+03      0.7123236323E+02      0.4460868623E+00
0.4060000000E+00      0.4176185491E+03      0.7231121454E+02      0.4488594969E+00
0.4080000000E+00      0.4200346677E+03      0.7339912930E+02      0.4516128821E+00
0.4100000000E+00      0.4224561414E+03      0.7449609866E+02      0.4543470232E+00
0.4120000000E+00      0.4248829882E+03      0.7560211353E+02      0.4570619318E+00
0.4140000000E+00      0.4273152259E+03      0.7671716458E+02      0.4597576255E+00
0.4160000000E+00      0.4297528722E+03      0.7784124228E+02      0.4624341276E+00
0.4180000000E+00      0.4321959443E+03      0.7897433689E+02      0.4650914668E+00
0.4200000000E+00      0.4346444595E+03      0.8011643847E+02      0.4677296770E+00
0.4220000000E+00      0.4370984347E+03      0.8126753690E+02      0.4703487975E+00
0.4240000000E+00      0.4395578866E+03      0.8242762187E+02      0.4729488722E+00
0.4260000000E+00      0.4420228317E+03      0.8359668293E+02      0.4755299496E+00
0.4280000000E+00      0.4444932865E+03      0.8477470944E+02      0.4780920829E+00
0.4300000000E+00      0.4469692670E+03      0.8596169064E+02      0.4806353292E+00
0.4320000000E+00      0.4494507891E+03      0.8715761563E+02      0.4831597501E+00
0.4340000000E+00      0.4519378685E+03      0.8836247335E+02      0.4856654108E+00
0.4360000000E+00      0.4544305209E+03      0.8957625264E+02      0.4881523802E+00
0.4380000000E+00      0.4569287614E+03      0.9079894223E+02      0.4906207310E+00
0.4400000000E+00      0.4594326054E+03      0.9203053074E+02      0.4930705390E+00
0.4420000000E+00      0.4619420676E+03      0.9327100667E+02      0.4955018832E+00
0.4440000000E+00      0.4644571630E+03      0.9452035846E+02      0.4979148460E+00
0.4460000000E+00      0.4669779060E+03      0.9577857443E+02      0.5003095122E+00
0.4480000000E+00      0.4695043111E+03      0.9704564285E+02      0.5026859698E+00
0.4500000000E+00      0.4720363924E+03      0.9832155190E+02      0.5050443090E+00
0.4520000000E+00      0.4745741641E+03      0.9960628970E+02      0.5073846228E+00
0.4540000000E+00      0.4771176400E+03      0.1008998443E+03      0.5097069710E+00
0.4560000000E+00      0.4796668337E+03      0.1022022037E+03      0.5120115217E+00
0.4580000000E+00      0.4822217588E+03      0.1035133559E+03      0.5142983389E+00
0.4600000000E+00      0.4847824287E+03      0.1048332888E+03      0.5165675239E+00
0.4620000000E+00      0.4873488564E+03      0.1061619902E+03      0.5188191799E+00
0.4640000000E+00      0.4899210550E+03      0.1074994481E+03      0.5210534117E+00
0.4660000000E+00      0.4924990374E+03      0.1088456501E+03      0.5232703259E+00
0.4680000000E+00      0.4950828162E+03      0.1102005841E+03      0.5254700304E+00
0.4700000000E+00      0.4976724039E+03      0.1115642379E+03      0.5276526344E+00
0.4720000000E+00      0.5002678130E+03      0.1129365992E+03      0.5298182485E+00
0.4740000000E+00      0.5028690555E+03      0.1143176557E+03      0.5319669846E+00
0.4760000000E+00      0.5054761437E+03      0.1157073953E+03      0.5340989555E+00
0.4780000000E+00      0.5080890892E+03      0.1171058055E+03      0.5362142749E+00
0.4800000000E+00      0.5107079040E+03      0.1185128743E+03      0.5383130577E+00
0.4820000000E+00      0.5133325996E+03      0.1199285892E+03      0.5403954194E+00
0.4840000000E+00      0.5159631874E+03      0.1213529380E+03      0.5424614764E+00
0.4860000000E+00      0.5185996787E+03      0.1227859086E+03      0.5445113455E+00
0.4880000000E+00      0.5212420848E+03      0.1242274886E+03      0.5465451443E+00
0.4900000000E+00      0.5238904166E+03      0.1256776658E+03      0.5485629910E+00
0.4920000000E+00      0.5265446850E+03      0.1271364281E+03      0.5505650040E+00
0.4940000000E+00      0.5292049007E+03      0.1286037633E+03      0.5525513022E+00
0.4960000000E+00      0.5318710745E+03      0.1300796592E+03      0.5545220049E+00
0.4980000000E+00      0.5345432166E+03      0.1315641037E+03      0.5564772314E+00
0.5000000000E+00      0.5372213375E+03      0.1330570848E+03      0.5584171016E+00
0.5020000000E+00      0.5399054474E+03      0.1345585902E+03      0.5603417351E+00
0.5040000000E+00      0.5425955563E+03      0.1360686082E+03      0.5622512518E+00
0.5060000000E+00      0.5452916742E+03      0.1375871265E+03      0.5641457718E+00
0.5080000000E+00      0.5479938109E+03      0.1391141334E+03      0.5660254148E+00
0.5100000000E+00      0.5507019762E+03      0.1406496168E+03      0.5678903008E+00
0.5120000000E+00      0.5534161795E+03      0.1421935649E+03      0.5697405494E+00
0.5140000000E+00      0.5561364304E+03      0.1437459660E+03      0.5715762802E+00
0.5160000000E+00      0.5588627382E+03      0.1453068081E+03      0.5733976127E+00
0.5180000000E+00      0.5615951121E+03      0.1468760796E+03      0.5752046660E+00
0.5200000000E+00      0.5643335613E+03      0.1484537688E+03      0.5769975589E+00
0.5220000000E+00      0.5670780946E+03      0.1500398641E+03      0.5787764101E+00
0.5240000000E+00      0.5698287210E+03      0.1516343538E+03      0.5805413378E+00
0.5260000000E+00      0.5725854492E+03      0.1532372265E+03      0.5822924599E+00
0.5280000000E+00      0.5753482879E+03      0.1548484706E+03      0.5840298938E+00
0.5300000000E+00      0.5781172457E+03      0.1564680748E+03      0.5857537565E+00
0.5320000000E+00      0.5808923309E+03      0.1580960276E+03      0.5874641647E+00
0.5340000000E+00      0.5836735519E+03      0.1597323178E+03      0.5891612345E+00
0.5360000000E+00      0.5864609169E+03      0.1613769340E+03      0.5908450813E+00
0.5380000000E+00      0.5892544341E+03      0.1630298652E+03      0.5925158202E+00
0.5400000000E+00      0.5920541114E+03      0.1646911001E+03      0.5941735658E+00
0.5420000000E+00      0.5948599568E+03      0.1663606277E+03      0.5958184319E+00
0.5440000000E+00      0.5976719781E+03      0.1680384369E+03      0.5974505318E+00
0.5460000000E+00      0.6004901830E+03      0.1697245168E+03      0.5990699783E+00
0.5480000000E+00      0.6033145791E+03      0.1714188565E+03      0.6006768516E+00
0.5500000000E+00      0.6061451741E+03      0.1731214452E+03      0.6022713267E+00
0.5520000000E+00      0.6089819752E+03      0.1748322721E+03      0.6038534825E+00
0.5540000000E+00      0.6118249899E+03      0.1765513264E+03      0.6054234290E+00
0.5560000000E+00      0.6146742254E+03      0.1782785975E+03      0.6069812756E+00
0.5580000000E+00      0.6175296888E+03      0.1800140749E+03      0.6085271310E+00
0.5600000000E+00      0.6203913873E+03      0.1817577480E+03      0.6100611030E+00
0.5620000000E+00      0.6232593278E+03      0.1835096064E+03      0.6115832989E+00
0.5640000000E+00      0.6261335173E+03      0.1852696396E+03      0.6130938251E+00
0.5660000000E+00      0.6290139624E+03      0.1870378374E+03      0.6145927873E+00
0.5680000000E+00      0.6319006700E+03      0.1888141894E+03      0.6160802904E+00
0.5700000000E+00      0.6347936467E+03      0.1905986856E+03      0.6175564387E+00
0.5720000000E+00      0.6376928991E+03      0.1923913156E+03      0.6190213355E+00
0.5740000000E+00      0.6405984336E+03      0.1941920696E+03      0.6204750834E+00
0.5760000000E+00      0.6435102566E+03      0.1960009374E+03      0.6219177844E+00
0.5780000000E+00      0.6464283745E+03      0.1978179092E+03      0.6233495394E+00
0.5800000000E+00      0.6493527935E+03      0.1996429750E+03      0.6247704486E+00
0.5820000000E+00      0.6522835198E+03      0.2014761251E+03      0.6261806116E+00
0.5840000000E+00      0.6552205595E+03      0.2033173496E+03      0.6275801270E+00
0.5860000000E+00      0.6581639185E+03      0.2051666391E+03      0.6289690926E+00
0.5880000000E+00      0.6611136028E+03      0.2070239837E+03      0.6303476055E+00
0.5900000000E+00      0.6640696183E+03      0.2088893741E+03      0.6317157618E+00
0.5920000000E+00      0.6670319707E+03      0.2107628006E+03      0.6330736570E+00
0.5940000000E+00      0.6700006659E+03      0.2126442539E+03      0.6344213857E+00
0.5960000000E+00      0.6729757095E+03      0.2145337246E+03      0.6357590416E+00
0.5980000000E+00      0.6759571069E+03      0.2164312035E+03      0.6370867177E+00
0.6000000000E+00      0.6789448639E+03      0.2183366813E+03      0.6384045061E+00
0.6020000000E+00      0.6819389857E+03      0.2202501488E+03      0.6397124983E+00
0.6040000000E+00      0.6849394779E+03      0.2221715970E+03      0.6410107846E+00
0.6060000000E+00      0.6879463456E+03      0.2241010168E+03      0.6422994549E+00
0.6080000000E+00      0.6909595942E+03      0.2260383993E+03      0.6435785979E+00
0.6100000000E+00      0.6939792289E+03      0.2279837355E+03      0.6448483019E+00
0.6120000000E+00      0.6970052547E+03      0.2299370166E+03      0.6461086540E+00
0.6140000000E+00      0.7000376768E+03      0.2318982338E+03      0.6473597407E+00
0.6160000000E+00      0.7030765001E+03      0.2338673785E+03      0.6486016478E+00
0.6180000000E+00      0.7061217296E+03      0.2358444418E+03      0.6498344601E+00
0.6200000000E+00      0.7091733701E+03      0.2378294154E+03      0.6510582616E+00
0.6220000000E+00      0.7122314266E+03      0.2398222905E+03      0.6522731356E+00
0.6240000000E+00      0.7152959036E+03      0.2418230588E+03      0.6534791647E+00
0.6260000000E+00      0.7183668061E+03      0.2438317118E+03      0.6546764305E+00
0.6280000000E+00      0.7214441385E+03      0.2458482411E+03      0.6558650139E+00
0.6300000000E+00      0.7245279056E+03      0.2478726386E+03      0.6570449951E+00
0.6320000000E+00      0.7276181117E+03      0.2499048959E+03      0.6582164534E+00
0.6340000000E+00      0.7307147615E+03      0.2519450048E+03      0.6593794675E+00
0.6360000000E+00      0.7338178594E+03      0.2539929573E+03      0.6605341151E+00
0.6380000000E+00      0.7369274096E+03      0.2560487453E+03      0.6616804734E+00
0.6400000000E+00      0.7400434166E+03      0.2581123608E+03      0.6628186186E+00
0.6420000000E+00      0.7431658847E+03      0.2601837959E+03      0.6639486263E+00
0.6440000000E+00      0.7462948179E+03      0.2622630426E+03      0.6650705712E+00
0.6460000000E+00      0.7494302206E+03      0.2643500932E+03      0.6661845275E+00
0.6480000000E+00      0.7525720968E+03      0.2664449398E+03      0.6672905685E+00
0.6500000000E+00      0.7557204506E+03      0.2685475748E+03      0.6683887667E+00
0.6520000000E+00      0.7588752860E+03      0.2706579905E+03      0.6694791941E+00
0.6540000000E+00      0.7620366070E+03      0.2727761792E+03      0.6705619218E+00
0.6560000000E+00      0.7652044175E+03      0.2749021335E+03      0.6716370202E+00
0.6580000000E+00      0.7683787214E+03      0.2770358459E+03      0.6727045589E+00
0.6600000000E+00      0.7715595225E+03      0.2791773088E+03      0.6737646072E+00
0.6620000000E+00      0.7747468246E+03      0.2813265150E+03      0.6748172331E+00
0.6640000000E+00      0.7779406315E+03      0.2834834571E+03      0.6758625044E+00
0.6660000000E+00      0.7811409469E+03      0.2856481277E+03      0.6769004880E+00
0.6680000000E+00      0.7843477743E+03      0.2878205197E+03      0.6779312502E+00
0.6700000000E+00      0.7875611175E+03      0.2900006259E+03      0.6789548564E+00
0.6720000000E+00      0.7907809800E+03      0.2921884392E+03      0.6799713717E+00
0.6740000000E+00      0.7940073652E+03      0.2943839525E+03      0.6809808601E+00
0.6760000000E+00      0.7972402768E+03      0.2965871587E+03      0.6819833616E+00
0.6780000000E+00      0.8004797181E+03      0.2987980509E+03      0.6829789867E+00
0.6800000000E+00      0.8037256925E+03      0.3010166222E+03      0.6839677738E+00
0.6820000000E+00      0.8069782034E+03      0.3032428656E+03      0.6849497845E+00
0.6840000000E+00      0.8102372541E+03      0.3054767745E+03      0.6859250798E+00
0.6860000000E+00      0.8135028479E+03      0.3077183419E+03      0.6868937201E+00
0.6880000000E+00      0.8167749881E+03      0.3099675612E+03      0.6878557651E+00
0.6900000000E+00      0.8200536778E+03      0.3122244257E+03      0.6888112739E+00
0.6920000000E+00      0.8233389202E+03      0.3144889287E+03      0.6897603050E+00
0.6940000000E+00      0.8266307184E+03      0.3167610636E+03      0.6907029164E+00
0.6960000000E+00      0.8299290756E+03      0.3190408240E+03      0.6916391652E+00
0.6980000000E+00      0.8332339947E+03      0.3213282033E+03      0.6925691083E+00
0.7000000000E+00      0.8365454788E+03      0.3236231950E+03      0.6934928017E+00
0.7020000000E+00      0.8398635310E+03      0.3259257928E+03      0.6944103009E+00
0.7040000000E+00      0.8431881540E+03      0.3282359904E+03      0.6953216610E+00
0.7060000000E+00      0.8465193509E+03      0.3305537813E+03      0.6962269363E+00
0.7080000000E+00      0.8498571246E+03      0.3328791593E+03      0.6971261805E+00
0.7100000000E+00      0.8532014778E+03      0.3352121183E+03      0.6980194471E+00
0.7120000000E+00      0.8565524134E+03      0.3375526519E+03      0.6989067885E+00
0.7140000000E+00      0.8599099341E+03      0.3399007541E+03      0.6997882571E+00
0.7160000000E+00      0.8632740428E+03      0.3422564188E+03      0.7006639044E+00
0.7180000000E+00      0.8666447421E+03      0.3446196399E+03      0.7015337814E+00
0.7200000000E+00      0.8700220347E+03      0.3469904114E+03      0.7023979387E+00
0.7220000000E+00      0.8734059232E+03      0.3493687273E+03      0.7032564264E+00
0.7240000000E+00      0.8767964104E+03      0.3517545817E+03      0.7041092939E+00
0.7260000000E+00      0.8801934986E+03      0.3541479687E+03      0.7049565902E+00
0.7280000000E+00      0.8835971906E+03      0.3565488825E+03      0.7057983637E+00
0.7300000000E+00      0.8870074889E+03      0.3589573172E+03      0.7066346624E+00
0.7320000000E+00      0.8904243959E+03      0.3613732671E+03      0.7074655337E+00
0.7340000000E+00      0.8938479141E+03      0.3637967263E+03      0.7082910247E+00
0.7360000000E+00      0.8972780460E+03      0.3662276894E+03      0.7091111818E+00
0.7380000000E+00      0.9007147939E+03      0.3686661505E+03      0.7099260509E+00
0.7400000000E+00      0.9041581603E+03      0.3711121040E+03      0.7107356777E+00
0.7420000000E+00      0.9076081475E+03      0.3735655445E+03      0.7115274443E+00
0.7440000000E+00      0.9110647578E+03      0.3760264662E+03      0.7123266836E+00
0.7460000000E+00      0.9145279935E+03      0.3784948638E+03      0.7131208144E+00
0.7480000000E+00      0.9179978570E+03      0.3809707317E+03      0.7139098803E+00
0.7500000000E+00      0.9214743504E+03      0.3834540646E+03      0.7146939247E+00
0.7520000000E+00      0.9249574759E+03      0.3859448570E+03      0.7154729901E+00
0.7540000000E+00      0.9284472359E+03      0.3884431035E+03      0.7162471190E+00
0.7560000000E+00      0.9319436323E+03      0.3909487989E+03      0.7170163531E+00
0.7580000000E+00      0.9354466674E+03      0.3934619378E+03      0.7177807340E+00
0.7600000000E+00      0.9389563433E+03      0.3959825150E+03      0.7185403027E+00
0.7620000000E+00      0.9424726621E+03      0.3985105252E+03      0.7192950997E+00
0.7640000000E+00      0.9459956258E+03      0.4010459632E+03      0.7200451652E+00
0.7660000000E+00      0.9495252366E+03      0.4035888240E+03      0.7207905390E+00
0.7680000000E+00      0.9530614963E+03      0.4061391024E+03      0.7215312605E+00
0.7700000000E+00      0.9566044070E+03      0.4086967932E+03      0.7222673685E+00
0.7720000000E+00      0.9601539707E+03      0.4112618915E+03      0.7229989017E+00
0.7740000000E+00      0.9637101893E+03      0.4138343921E+03      0.7237258981E+00
0.7760000000E+00      0.9672730648E+03      0.4164142902E+03      0.7244483956E+00
0.7780000000E+00      0.9708425990E+03      0.4190015806E+03      0.7251664315E+00
0.7800000000E+00      0.9744187939E+03      0.4215962586E+03      0.7258800428E+00
0.7820000000E+00      0.9780016512E+03      0.4241983192E+03      0.7265892661E+00
0.7840000000E+00      0.9815911728E+03      0.4268077575E+03      0.7272941377E+00
0.7860000000E+00      0.9851873606E+03      0.4294245687E+03      0.7279946934E+00
0.7880000000E+00      0.9887902163E+03      0.4320487480E+03      0.7286909687E+00
0.7900000000E+00      0.9923997418E+03      0.4346802906E+03      0.7293829989E+00
0.7920000000E+00      0.9960159386E+03      0.4373191917E+03      0.7300708186E+00
0.7940000000E+00      0.9996388086E+03      0.4399654467E+03      0.7307544623E+00
0.7960000000E+00      0.1003268354E+04      0.4426190508E+03      0.7314339641E+00
0.7980000000E+00      0.1006904575E+04      0.4452799993E+03      0.7321093578E+00
0.8000000000E+00      0.1010547475E+04      0.4479482877E+03      0.7327806767E+00
0.8020000000E+00      0.1014197054E+04      0.4506239113E+03      0.7334479540E+00
0.8040000000E+00      0.1017853316E+04      0.4533068655E+03      0.7341112223E+00
0.8060000000E+00      0.1021516260E+04      0.4559971459E+03      0.7347705141E+00
0.8080000000E+00      0.1025185889E+04      0.4586947477E+03      0.7354258614E+00
0.8100000000E+00      0.1028862204E+04      0.4613996667E+03      0.7360772960E+00
0.8120000000E+00      0.1032545207E+04      0.4641118983E+03      0.7367248493E+00
0.8140000000E+00      0.1036234900E+04      0.4668314379E+03      0.7373685525E+00
0.8160000000E+00      0.1039931283E+04      0.4695582814E+03      0.7380084364E+00
0.8180000000E+00      0.1043634359E+04      0.4722924241E+03      0.7386445315E+00
0.8200000000E+00      0.1047344129E+04      0.4750338619E+03      0.7392768680E+00
0.8220000000E+00      0.1051060593E+04      0.4777825902E+03      0.7399054758E+00
0.8240000000E+00      0.1054783755E+04      0.4805386049E+03      0.7405303845E+00
0.8260000000E+00      0.1058513615E+04      0.4833019016E+03      0.7411516234E+00
0.8280000000E+00      0.1062250175E+04      0.4860724760E+03      0.7417692216E+00
0.8300000000E+00      0.1065993435E+04      0.4888503239E+03      0.7423832078E+00
0.8320000000E+00      0.1069743398E+04      0.4916354412E+03      0.7429936105E+00
0.8340000000E+00      0.1073500065E+04      0.4944278235E+03      0.7436004578E+00
0.8360000000E+00      0.1077263436E+04      0.4972274668E+03      0.7442037776E+00
0.8380000000E+00      0.1081033514E+04      0.5000343669E+03      0.7448035976E+00
0.8400000000E+00      0.1084810300E+04      0.5028485196E+03      0.7453999452E+00
0.8420000000E+00      0.1088593795E+04      0.5056699209E+03      0.7459928473E+00
0.8440000000E+00      0.1092384000E+04      0.5084985667E+03      0.7465823310E+00
0.8460000000E+00      0.1096180917E+04      0.5113344529E+03      0.7471684226E+00
0.8480000000E+00      0.1099984546E+04      0.5141775755E+03      0.7477511486E+00
0.8500000000E+00      0.1103794889E+04      0.5170279305E+03      0.7483305349E+00
0.8520000000E+00      0.1107611948E+04      0.5198855140E+03      0.7489066074E+00
0.8540000000E+00      0.1111435723E+04      0.5227503219E+03      0.7494793916E+00
0.8560000000E+00      0.1115266215E+04      0.5256223503E+03      0.7500489129E+00
0.8580000000E+00      0.1119103427E+04      0.5285015952E+03      0.7506151963E+00
0.8600000000E+00      0.1122947358E+04      0.5313880529E+03      0.7511782666E+00
0.8620000000E+00      0.1126798010E+04      0.5342817194E+03      0.7517381484E+00
0.8640000000E+00      0.1130655385E+04      0.5371825908E+03      0.7522948661E+00
0.8660000000E+00      0.1134519483E+04      0.5400906633E+03      0.7528484437E+00
0.8680000000E+00      0.1138390305E+04      0.5430059332E+03      0.7533988984E+00
0.8700000000E+00      0.1142267853E+04      0.5459283965E+03      0.7539462675E+00
0.8720000000E+00      0.1146152127E+04      0.5488580496E+03      0.7544905675E+00
0.8740000000E+00      0.1150043129E+04      0.5517948887E+03      0.7550318217E+00
0.8760000000E+00      0.1153940860E+04      0.5547389100E+03      0.7555700530E+00
0.8780000000E+00      0.1157845321E+04      0.5576901098E+03      0.7561052843E+00
0.8800000000E+00      0.1161756512E+04      0.5606484845E+03      0.7566375380E+00
0.8820000000E+00      0.1165674434E+04      0.5636140303E+03      0.7571668366E+00
0.8840000000E+00      0.1169599090E+04      0.5665867436E+03      0.7576932022E+00
0.8860000000E+00      0.1173530479E+04      0.5695666208E+03      0.7582166566E+00
0.8880000000E+00      0.1177468603E+04      0.5725536583E+03      0.7587372218E+00
0.8900000000E+00      0.1181413463E+04      0.5755478524E+03      0.7592549190E+00
0.8920000000E+00      0.1185365059E+04      0.5785491995E+03      0.7597697698E+00
0.8940000000E+00      0.1189323393E+04      0.5815576961E+03      0.7602817952E+00
0.8960000000E+00      0.1193288465E+04      0.5845733388E+03      0.7607910161E+00
0.8980000000E+00      0.1197260276E+04      0.5875961238E+03      0.7612974533E+00
0.9000000000E+00      0.1201238827E+04      0.5906260478E+03      0.7618011273E+00
0.9020000000E+00      0.1205224120E+04      0.5936631071E+03      0.7623020585E+00
0.9040000000E+00      0.1209216155E+04      0.5967072985E+03      0.7628002671E+00
0.9060000000E+00      0.1213214932E+04      0.5997586184E+03      0.7632957729E+00
0.9080000000E+00      0.1217220453E+04      0.6028170633E+03      0.7637885959E+00
0.9100000000E+00      0.1221232719E+04      0.6058826298E+03      0.7642787557E+00
0.9120000000E+00      0.1225251730E+04      0.6089553147E+03      0.7647662716E+00
0.9140000000E+00      0.1229277487E+04      0.6120351143E+03      0.7652511630E+00
0.9160000000E+00      0.1233309991E+04      0.6151220255E+03      0.7657334489E+00
0.9180000000E+00      0.1237349243E+04      0.6182160448E+03      0.7662131482E+00
0.9200000000E+00      0.1241395243E+04      0.6213171688E+03      0.7666902798E+00
0.9220000000E+00      0.1245447992E+04      0.6244253944E+03      0.7671648621E+00
0.9240000000E+00      0.1249507492E+04      0.6275407181E+03      0.7676369136E+00
0.9260000000E+00      0.1253573743E+04      0.6306631367E+03      0.7681064525E+00
0.9280000000E+00      0.1257646745E+04      0.6337926469E+03      0.7685734969E+00
0.9300000000E+00      0.1261726499E+04      0.6369292455E+03      0.7690380647E+00
0.9320000000E+00      0.1265813006E+04      0.6400729292E+03      0.7695001737E+00
0.9340000000E+00      0.1269906267E+04      0.6432236948E+03      0.7699598414E+00
0.9360000000E+00      0.1274006282E+04      0.6463815390E+03      0.7704170853E+00
0.9380000000E+00      0.1278113053E+04      0.6495464588E+03      0.7708719228E+00
0.9400000000E+00      0.1282226579E+04      0.6527184508E+03      0.7713243708E+00
0.9420000000E+00      0.1286346862E+04      0.6558975120E+03      0.7717744464E+00
0.9440000000E+00      0.1290473901E+04      0.6590836392E+03      0.7722221665E+00
0.9460000000E+00      0.1294607699E+04      0.6622768293E+03      0.7726675477E+00
0.9480000000E+00      0.1298748255E+04      0.6654770791E+03      0.7731106065E+00
0.9500000000E+00      0.1302895570E+04      0.6686843856E+03      0.7735513594E+00
0.9520000000E+00      0.1307049644E+04      0.6718987456E+03      0.7739898226E+00
0.9540000000E+00      0.1311210479E+04      0.6751201561E+03      0.7744260121E+00
0.9560000000E+00      0.1315378075E+04      0.6783486140E+03      0.7748599441E+00
0.9580000000E+00      0.1319552432E+04      0.6815841163E+03      0.7752916342E+00
0.9600000000E+00      0.1323733551E+04      0.6848266599E+03      0.7757210981E+00
0.9620000000E+00      0.1327921432E+04      0.6880762426E+03      0.7761604046E+00
0.9640000000E+00      0.1332116078E+04      0.6913328599E+03      0.7765854699E+00
0.9660000000E+00      0.1336317486E+04      0.6945965095E+03      0.7770083556E+00
0.9680000000E+00      0.1340525659E+04      0.6978671884E+03      0.7774290764E+00
0.9700000000E+00      0.1344740597E+04      0.7011448938E+03      0.7778476475E+00
0.9720000000E+00      0.1348962301E+04      0.7044296226E+03      0.7782640838E+00
0.9740000000E+00      0.1353190770E+04      0.7077213719E+03      0.7786783999E+00
0.9760000000E+00      0.1357426006E+04      0.7110201388E+03      0.7790906106E+00
0.9780000000E+00      0.1361668009E+04      0.7143259203E+03      0.7795007304E+00
0.9800000000E+00      0.1365916779E+04      0.7176387137E+03      0.7799087736E+00
0.9820000000E+00      0.1370172317E+04      0.7209585159E+03      0.7803147546E+00
0.9840000000E+00      0.1374434624E+04      0.7242853242E+03      0.7807186874E+00
0.9860000000E+00      0.1378703699E+04      0.7276191356E+03      0.7811205862E+00
0.9880000000E+00      0.1382979544E+04      0.7309599474E+03      0.7815204648E+00
0.9900000000E+00      0.1387262159E+04      0.7343077567E+03      0.7819183370E+00
0.9920000000E+00      0.1391551544E+04      0.7376625606E+03      0.7823142166E+00
0.9940000000E+00      0.1395847700E+04      0.7410243565E+03      0.7827081170E+00
0.9960000000E+00      0.1400150627E+04      0.7443931414E+03      0.7831000517E+00
0.9980000000E+00      0.1404460325E+04      0.7477689126E+03      0.7834900342E+00
0.1000000000E+01      0.1408776796E+04      0.7511516673E+03      0.7838780775E+00
0.1002000000E+01      0.1413100039E+04      0.7545414029E+03      0.7842641949E+00
0.1004000000E+01      0.1417430055E+04      0.7579381164E+03      0.7846483992E+00
0.1006000000E+01      0.1421766845E+04      0.7613418053E+03      0.7850307036E+00
0.1008000000E+01      0.1426110408E+04      0.7647524667E+03      0.7854111206E+00
0.1010000000E+01      0.1430460745E+04      0.7681700981E+03      0.7857896631E+00
0.1012000000E+01      0.1434817857E+04      0.7715946966E+03      0.7861663436E+00
0.1014000000E+01      0.1439181744E+04      0.7750262595E+03      0.7865411746E+00
0.1016000000E+01      0.1443552405E+04      0.7784647844E+03      0.7869141685E+00
0.1018000000E+01      0.1447929843E+04      0.7819102683E+03      0.7872853375E+00
0.1020000000E+01      0.1452314056E+04      0.7853627088E+03      0.7876546939E+00
0.1022000000E+01      0.1456705046E+04      0.7888221032E+03      0.7880222498E+00
0.1024000000E+01      0.1461102812E+04      0.7922884488E+03      0.7883880170E+00
0.1026000000E+01      0.1465507356E+04      0.7957617430E+03      0.7887520075E+00
0.1028000000E+01      0.1469918676E+04      0.7992419833E+03      0.7891142331E+00
0.1030000000E+01      0.1474336775E+04      0.8027291670E+03      0.7894747055E+00
0.1032000000E+01      0.1478761651E+04      0.8062232915E+03      0.7898334363E+00
0.1034000000E+01      0.1483193306E+04      0.8097243544E+03      0.7901904370E+00
0.1036000000E+01      0.1487631739E+04      0.8132323530E+03      0.7905457189E+00
0.1038000000E+01      0.1492076951E+04      0.8167472847E+03      0.7908992935E+00
0.1040000000E+01      0.1496528942E+04      0.8202691471E+03      0.7912511720E+00
0.1042000000E+01      0.1500987713E+04      0.8237979376E+03      0.7916013654E+00
0.1044000000E+01      0.1505453263E+04      0.8273336537E+03      0.7919498850E+00
0.1046000000E+01      0.1509925594E+04      0.8308762929E+03      0.7922967415E+00
0.1048000000E+01      0.1514404705E+04      0.8344258527E+03      0.7926419460E+00
0.1050000000E+01      0.1518890596E+04      0.8379823306E+03      0.7929855091E+00
0.1052000000E+01      0.1523383268E+04      0.8415457241E+03      0.7933274417E+00
0.1054000000E+01      0.1527882722E+04      0.8451160309E+03      0.7936677543E+00
0.1056000000E+01      0.1532388956E+04      0.8486932483E+03      0.7940064575E+00
0.1058000000E+01      0.1536901973E+04      0.8522773741E+03      0.7943435618E+00
0.1060000000E+01      0.1541421771E+04      0.8558684057E+03      0.7946790774E+00
0.1062000000E+01      0.1545948351E+04      0.8594663407E+03      0.7950130147E+00
0.1064000000E+01      0.1550481713E+04      0.8630711768E+03      0.7953453840E+00
0.1066000000E+01      0.1555021858E+04      0.8666829114E+03      0.7956761953E+00
0.1068000000E+01      0.1559568785E+04      0.8703015423E+03      0.7960054587E+00
0.1070000000E+01      0.1564122496E+04      0.8739270671E+03      0.7963331842E+00
0.1072000000E+01      0.1568682989E+04      0.8775594833E+03      0.7966593817E+00
0.1074000000E+01      0.1573250266E+04      0.8811987887E+03      0.7969840610E+00
0.1076000000E+01      0.1577824327E+04      0.8848449808E+03      0.7973072319E+00
0.1078000000E+01      0.1582405171E+04      0.8884980573E+03      0.7976289040E+00
0.1080000000E+01      0.1586992799E+04      0.8921580160E+03      0.7979490869E+00
0.1082000000E+01      0.1591587211E+04      0.8958248544E+03      0.7982677902E+00
0.1084000000E+01      0.1596188407E+04      0.8994985702E+03      0.7985850233E+00
0.1086000000E+01      0.1600796388E+04      0.9031791612E+03      0.7989007956E+00
0.1088000000E+01      0.1605411153E+04      0.9068666251E+03      0.7992151164E+00
0.1090000000E+01      0.1610032704E+04      0.9105609596E+03      0.7995279949E+00
0.1092000000E+01      0.1614661038E+04      0.9142621623E+03      0.7998394403E+00
0.1094000000E+01      0.1619296159E+04      0.9179702312E+03      0.8001494617E+00
0.1096000000E+01      0.1623938064E+04      0.9216851637E+03      0.8004580681E+00
0.1098000000E+01      0.1628586754E+04      0.9254069579E+03      0.8007652685E+00
0.1100000000E+01      0.1633242230E+04      0.9291356113E+03      0.8010710718E+00
0.1102000000E+01      0.1637904492E+04      0.9328711218E+03      0.8013754868E+00
0.1104000000E+01      0.1642573539E+04      0.9366134872E+03      0.8016785222E+00
0.1106000000E+01      0.1647249372E+04      0.9403627052E+03      0.8019801868E+00
0.1108000000E+01      0.1651931992E+04      0.9441187737E+03      0.8022804891E+00
0.1110000000E+01      0.1656621397E+04      0.9478816904E+03      0.8025794378E+00
0.1112000000E+01      0.1661317588E+04      0.9516514532E+03      0.8028770414E+00
0.1114000000E+01      0.1666020566E+04      0.9554280599E+03      0.8031733082E+00
0.1116000000E+01      0.1670730330E+04      0.9592115084E+03      0.8034682466E+00
0.1118000000E+01      0.1675446881E+04      0.9630017964E+03      0.8037618651E+00
0.1120000000E+01      0.1680170218E+04      0.9667989219E+03      0.8040541717E+00
0.1122000000E+01      0.1684900342E+04      0.9706028826E+03      0.8043451746E+00
0.1124000000E+01      0.1689637253E+04      0.9744136766E+03      0.8046348822E+00
0.1126000000E+01      0.1694380951E+04      0.9782313016E+03      0.8049233023E+00
0.1128000000E+01      0.1699131435E+04      0.9820557555E+03      0.8052104430E+00
0.1130000000E+01      0.1703888707E+04      0.9858870363E+03      0.8054963122E+00
0.1132000000E+01      0.1708652765E+04      0.9897251418E+03      0.8057809178E+00
0.1134000000E+01      0.1713423611E+04      0.9935700700E+03      0.8060642678E+00
0.1136000000E+01      0.1718201244E+04      0.9974218188E+03      0.8063463697E+00
0.1138000000E+01      0.1722985664E+04      0.1001280386E+04      0.8066272314E+00
0.1140000000E+01      0.1727776871E+04      0.1005145770E+04      0.8069068605E+00
0.1142000000E+01      0.1732574866E+04      0.1009017968E+04      0.8071852646E+00
0.1144000000E+01      0.1737379648E+04      0.1012896978E+04      0.8074624513E+00
0.1146000000E+01      0.1742191218E+04      0.1016782799E+04      0.8077384281E+00
0.1148000000E+01      0.1747009575E+04      0.1020675428E+04      0.8080132023E+00
0.1150000000E+01      0.1751834720E+04      0.1024574864E+04      0.8082867814E+00
0.1152000000E+01      0.1756666652E+04      0.1028481104E+04      0.8085591728E+00
0.1154000000E+01      0.1761505372E+04      0.1032394146E+04      0.8088303836E+00
0.1156000000E+01      0.1766350879E+04      0.1036313988E+04      0.8091004212E+00
0.1158000000E+01      0.1771203174E+04      0.1040240628E+04      0.8093692926E+00
0.1160000000E+01      0.1776062257E+04      0.1044174065E+04      0.8096370051E+00
0.1162000000E+01      0.1780928127E+04      0.1048114296E+04      0.8099035657E+00
0.1164000000E+01      0.1785800785E+04      0.1052061320E+04      0.8101689814E+00
0.1166000000E+01      0.1790680230E+04      0.1056015134E+04      0.8104332592E+00
0.1168000000E+01      0.1795566464E+04      0.1059975737E+04      0.8106964060E+00
0.1170000000E+01      0.1800459485E+04      0.1063943126E+04      0.8109584287E+00
0.1172000000E+01      0.1805359293E+04      0.1067917299E+04      0.8112193341E+00
0.1174000000E+01      0.1810265889E+04      0.1071898256E+04      0.8114791290E+00
0.1176000000E+01      0.1815179273E+04      0.1075885993E+04      0.8117378200E+00
0.1178000000E+01      0.1820099445E+04      0.1079880509E+04      0.8119954140E+00
0.1180000000E+01      0.1825026404E+04      0.1083881802E+04      0.8122519175E+00
0.1182000000E+01      0.1829960150E+04      0.1087889870E+04      0.8125073371E+00
0.1184000000E+01      0.1834900685E+04      0.1091904712E+04      0.8127616769E+00
0.1186000000E+01      0.1839848007E+04      0.1095926324E+04      0.8130149482E+00
0.1188000000E+01      0.1844802116E+04      0.1099954706E+04      0.8132671552E+00
0.1190000000E+01      0.1849763013E+04      0.1103989856E+04      0.8135183041E+00
0.1192000000E+01      0.1854730697E+04      0.1108031772E+04      0.8137684013E+00
0.1194000000E+01      0.1859705169E+04      0.1112080451E+04      0.8140174532E+00
0.1196000000E+01      0.1864686428E+04      0.1116135893E+04      0.8142654660E+00
0.1198000000E+01      0.1869674474E+04      0.1120198095E+04      0.8145124459E+00
0.1200000000E+01      0.1874669308E+04      0.1124267055E+04      0.8147583991E+00
