      Rhob                Epsilon              Pressure               SoundV
0.4730000000E-14      0.4409040000E-11      0.6303830000E-24      0.2528270000E-09
0.4760000000E-14      0.4431480000E-11      0.6303830000E-23      0.3286900000E-09
0.4910000000E-14      0.4571720000E-11      0.6303830000E-22      0.3811090000E-09
0.6990000000E-14      0.6506980000E-11      0.7552120000E-21      0.1661210000E-08
0.9900000000E-14      0.9199530000E-11      0.8737990000E-20      0.4506330000E-08
0.2720000000E-13      0.2529870000E-10      0.1061040000E-18      0.2185710000E-07
0.1270000000E-12      0.1189210000E-09      0.3632510000E-17      0.1280710000E-06
0.6930000000E-12      0.6450890000E-09      0.1185870000E-15      0.6813760000E-06
0.6295000000E-11      0.5856290000E-08      0.6081640000E-14      0.1980100000E-05
0.1581000000E-10      0.1470800000E-07      0.3100740000E-13      0.4121830000E-05
0.3972000000E-10      0.3694960000E-07      0.1517290000E-12      0.7788630000E-05
0.9976000000E-10      0.9278060000E-07      0.7183870000E-12      0.1422460000E-04
0.2506000000E-09      0.2331300000E-06      0.3286730000E-11      0.2500930000E-04
0.6294000000E-09      0.5856290000E-06      0.1446760000E-10      0.4207890000E-04
0.1581000000E-08      0.1470800000E-05      0.6088500000E-10      0.6739699893E-04
0.3972000000E-08      0.3695520000E-05      0.2441020000E-09      0.8516180000E-04
0.5000000000E-08      0.4651930000E-05      0.3282360000E-09      0.1052360000E-03
0.9976000000E-08      0.9283670000E-05      0.8956430000E-09      0.1422520000E-03
0.1990000000E-07      0.1852250000E-04      0.2392340000E-08      0.1863930000E-03
0.3972000000E-07      0.3696080000E-04      0.6278870000E-08      0.2408930000E-03
0.7924000000E-07      0.7376450000E-04      0.1625270000E-07      0.3085620000E-03
0.1581000000E-06      0.1471920000E-03      0.4166770000E-07      0.3417580000E-03
0.1990000000E-06      0.1853370000E-03      0.5453750000E-07      0.3860480000E-03
0.3155000000E-06      0.2937680000E-03      0.1016730000E-06      0.4315500000E-03
0.5000000000E-06      0.4656420000E-03      0.1890530000E-06      0.4889620000E-03
0.6294000000E-06      0.5861890000E-03      0.2577080000E-06      0.5509610000E-03
0.7924000000E-06      0.7382060000E-03      0.3143180000E-06      0.6137740000E-03
0.9976000000E-06      0.9294890000E-03      0.4281610000E-06      0.6540150000E-03
0.1581000000E-05      0.1470000000E-02      0.7939080000E-06      0.7285460000E-03
0.2506000000E-05      0.2340000000E-02      0.1470480000E-05      0.8500470000E-03
0.3972000000E-05      0.3700000000E-02      0.2722510000E-05      0.8906300000E-03
0.5000000000E-05      0.4660000000E-02      0.3533890000E-05      0.9510480000E-03
0.6294000000E-05      0.5870000000E-02      0.4807140000E-05      0.1100000000E-02
0.7924000000E-05      0.7390000000E-02      0.6541010000E-05      0.1180000000E-02
0.9976000000E-05      0.9310000000E-02      0.8894020000E-05      0.1280000000E-02
0.1256000000E-04      0.1172000000E-01      0.1209590000E-04      0.1300000000E-02
0.1581000000E-04      0.1476000000E-01      0.1562230000E-04      0.1320000000E-02
0.1990000000E-04      0.1858000000E-01      0.2124580000E-04      0.1390000000E-02
0.2506000000E-04      0.2340000000E-01      0.2888530000E-04      0.1470000000E-02
0.3155000000E-04      0.2947000000E-01      0.3713020000E-04      0.1550000000E-02
0.3972000000E-04      0.3712000000E-01      0.5048680000E-04      0.1820000000E-02
0.5000000000E-04      0.4674000000E-01      0.6865560000E-04      0.1960000000E-02
0.6294000000E-04      0.5884000000E-01      0.9330920000E-04      0.2110000000E-02
0.7924000000E-04      0.7416000000E-01      0.1268880000E-03      0.2150000000E-02
0.9976000000E-04      0.9334000000E-01      0.1620900000E-03      0.2190000000E-02
0.1105000000E-03      0.1034400000E+00      0.1805020000E-03      0.2220000000E-02
0.1256000000E-03      0.1175700000E+00      0.2053430000E-03      0.2270000000E-02
0.1581000000E-03      0.1480900000E+00      0.2791790000E-03      0.2300000000E-02
0.1990000000E-03      0.1865100000E+00      0.3630010000E-03      0.2350000000E-02
0.2506000000E-03      0.2349200000E+00      0.4704780000E-03      0.2420000000E-02
0.2572000000E-03      0.2411500000E+00      0.4871430000E-03      0.1640000000E-02
0.2670000000E-03      0.2502100000E+00      0.4925360000E-03      0.6323770000E-03
0.3126000000E-03      0.2932300000E+00      0.5213460000E-03      0.6351150000E-03
0.3951000000E-03      0.3707800000E+00      0.5679160000E-03      0.6395500000E-03
0.4759000000E-03      0.4467600000E+00      0.6136960000E-03      0.6456670000E-03
0.5812000000E-03      0.5456200000E+00      0.6758550000E-03      0.6505920000E-03
0.7143000000E-03      0.6709200000E+00      0.7601150000E-03      0.7025890000E-03
0.8786000000E-03      0.8252300000E+00      0.8731850000E-03      0.7646840000E-03
0.1077000000E-02      0.1012500000E+01      0.1020000000E-02      0.8354260000E-03
0.1314000000E-02      0.1235290000E+01      0.1220000000E-02      0.9276850000E-03
0.1748000000E-02      0.1643560000E+01      0.1620000000E-02      0.1000000000E-02
0.2000000000E-02      0.1880850000E+01      0.2000000000E-02      0.1100000000E-02
0.4000000000E-02      0.3764610000E+01      0.4510000000E-02      0.1460000000E-02
0.6000000000E-02      0.5649800000E+01      0.7500000000E-02      0.1680000000E-02
0.8000000000E-02      0.7536070000E+01      0.1086000000E-01      0.1880000000E-02
0.1000000000E-01      0.9423230000E+01      0.1458000000E-01      0.2070000000E-02
0.1200000000E-01      0.1131116000E+02      0.1867000000E-01      0.2280000000E-02
0.1400000000E-01      0.1319982000E+02      0.2318000000E-01      0.2510000000E-02
0.1600000000E-01      0.1508915000E+02      0.2814000000E-01      0.2760000000E-02
0.1800000000E-01      0.1697914000E+02      0.3361000000E-01      0.3040000000E-02
0.2000000000E-01      0.1886976000E+02      0.3965000000E-01      0.3340000000E-02
0.2200000000E-01      0.2076101000E+02      0.4624000000E-01      0.3660000000E-02
0.2400000000E-01      0.2265290000E+02      0.5348000000E-01      0.3990000000E-02
0.2600000000E-01      0.2454541000E+02      0.6133000000E-01      0.4330000000E-02
0.2800000000E-01      0.2643855000E+02      0.6988000000E-01      0.4680000000E-02
0.3000000000E-01      0.2833233000E+02      0.7906000000E-01      0.5030000000E-02
0.3200000000E-01      0.3022674000E+02      0.8895000000E-01      0.5390000000E-02
0.3400000000E-01      0.3212179000E+02      0.9948000000E-01      0.5740000000E-02
0.3600000000E-01      0.3401748000E+02      0.1107200000E+00      0.6090000000E-02
0.3800000000E-01      0.3591381000E+02      0.1225900000E+00      0.6440000000E-02
0.4000000000E-01      0.3781078000E+02      0.1351400000E+00      0.6790000000E-02
0.4200000000E-01      0.3970840000E+02      0.1483400000E+00      0.7110000000E-02
0.4400000000E-01      0.4160666000E+02      0.1621100000E+00      0.7420000000E-02
0.4600000000E-01      0.4350556000E+02      0.1765200000E+00      0.7740000000E-02
0.4800000000E-01      0.4540510000E+02      0.1915000000E+00      0.8040000000E-02
0.5000000000E-01      0.4730528000E+02      0.2070600000E+00      0.8310000000E-02
0.5200000000E-01      0.4920608000E+02      0.2230900000E+00      0.8580000000E-02
0.5400000000E-01      0.5110752000E+02      0.2396900000E+00      0.8870000000E-02
0.5600000000E-01      0.5300958000E+02      0.2568200000E+00      0.9120000000E-02
0.5800000000E-01      0.5491227000E+02      0.2743700000E+00      0.9340000000E-02
0.6000000000E-01      0.5681556000E+02      0.2923800000E+00      0.9690000000E-02
0.6200000000E-01      0.5871946000E+02      0.3101200000E+00      0.1002000000E-01
0.6400000000E-01      0.6062394000E+02      0.3290400000E+00      0.1028000000E-01
0.6600000000E-01      0.6252904000E+02      0.3483400000E+00      0.1069000000E-01
0.6800000000E-01      0.6443473000E+02      0.3679800000E+00      0.1101000000E-01
0.7000000000E-01      0.6634095000E+02      0.3861300000E+00      0.1136000000E-01
0.9000000000E-01      0.8543072274E+02      0.3914363482E+00      0.1189627593E-01
0.9200000000E-01      0.8733813712E+02      0.4148081465E+00      0.1260003814E-01
0.9400000000E-01      0.8924607438E+02      0.4395572223E+00      0.1333277060E-01
0.9600000000E-01      0.9115455330E+02      0.4657402646E+00      0.1409487809E-01
0.9800000000E-01      0.9306359308E+02      0.4934148377E+00      0.1488677239E-01
0.1000000000E+00      0.9497321329E+02      0.5226393977E+00      0.1570886991E-01
0.1020000000E+00      0.9688343391E+02      0.5534733042E+00      0.1656158924E-01
0.1040000000E+00      0.9879427533E+02      0.5859768288E+00      0.1744534880E-01
0.1060000000E+00      0.1007057583E+03      0.6202111578E+00      0.1836056444E-01
0.1080000000E+00      0.1026179039E+03      0.6562383915E+00      0.1930764724E-01
0.1100000000E+00      0.1045307338E+03      0.6941215395E+00      0.2028700130E-01
0.1120000000E+00      0.1064442697E+03      0.7339245114E+00      0.2129902160E-01
0.1140000000E+00      0.1083585339E+03      0.7757121048E+00      0.2234409203E-01
0.1160000000E+00      0.1102735491E+03      0.8195499882E+00      0.2342258352E-01
0.1180000000E+00      0.1121893364E+03      0.8651923566E+00      0.2423572128E-01
0.1200000000E+00      0.1141059117E+03      0.9126122128E+00      0.2524431371E-01
0.1220000000E+00      0.1160232941E+03      0.9620678152E+00      0.2632991726E-01
0.1240000000E+00      0.1179415046E+03      0.1013683159E+01      0.2747064893E-01
0.1260000000E+00      0.1198605658E+03      0.1067557955E+01      0.2865886476E-01
0.1280000000E+00      0.1217805005E+03      0.1123781990E+01      0.2989085968E-01
0.1300000000E+00      0.1237013326E+03      0.1182439936E+01      0.3116453170E-01
0.1320000000E+00      0.1256230863E+03      0.1243613509E+01      0.3247856895E-01
0.1340000000E+00      0.1275457864E+03      0.1307382598E+01      0.3382780673E-01
0.1360000000E+00      0.1294694580E+03      0.1373825909E+01      0.3522010558E-01
0.1380000000E+00      0.1313941269E+03      0.1443021373E+01      0.3665082350E-01
0.1400000000E+00      0.1333198189E+03      0.1515046390E+01      0.3811960949E-01
0.1420000000E+00      0.1352465605E+03      0.1589978002E+01      0.3962617882E-01
0.1440000000E+00      0.1371743783E+03      0.1667892998E+01      0.4117028897E-01
0.1460000000E+00      0.1391032993E+03      0.1748867983E+01      0.4275172304E-01
0.1480000000E+00      0.1410333508E+03      0.1832979535E+01      0.4437305865E-01
0.1500000000E+00      0.1429645607E+03      0.1920303791E+01      0.4602859509E-01
0.1520000000E+00      0.1448969566E+03      0.2010917103E+01      0.4772085458E-01
0.1540000000E+00      0.1468305668E+03      0.2104895617E+01      0.4944963330E-01
0.1560000000E+00      0.1487654197E+03      0.2202315364E+01      0.5121471842E-01
0.1580000000E+00      0.1507015439E+03      0.2303252249E+01      0.5301588543E-01
0.1600000000E+00      0.1526389685E+03      0.2407782034E+01      0.5485289617E-01
0.1620000000E+00      0.1545777225E+03      0.2515980312E+01      0.5672549738E-01
0.1640000000E+00      0.1565178352E+03      0.2627922487E+01      0.5863342333E-01
0.1660000000E+00      0.1584593361E+03      0.2743683731E+01      0.6057611092E-01
0.1680000000E+00      0.1604022552E+03      0.2863339014E+01      0.6255376409E-01
0.1700000000E+00      0.1623466222E+03      0.2986962991E+01      0.6456582559E-01
0.1720000000E+00      0.1642924673E+03      0.3114630025E+01      0.6661195559E-01
0.1740000000E+00      0.1662398206E+03      0.3246414146E+01      0.6869179675E-01
0.1760000000E+00      0.1681887127E+03      0.3382389023E+01      0.7080497356E-01
0.1780000000E+00      0.1701391741E+03      0.3522627929E+01      0.7295109311E-01
0.1800000000E+00      0.1720912354E+03      0.3667203714E+01      0.7512974525E-01
0.1820000000E+00      0.1740449275E+03      0.3816188777E+01      0.7734050295E-01
0.1840000000E+00      0.1760002812E+03      0.3969655034E+01      0.7958292282E-01
0.1860000000E+00      0.1779573278E+03      0.4127673892E+01      0.8185654558E-01
0.1880000000E+00      0.1799160981E+03      0.4290316220E+01      0.8416089657E-01
0.1900000000E+00      0.1818766236E+03      0.4457652325E+01      0.8649548637E-01
0.1920000000E+00      0.1838389355E+03      0.4629751921E+01      0.8885981138E-01
0.1940000000E+00      0.1858030651E+03      0.4806684109E+01      0.9125335450E-01
0.1960000000E+00      0.1877690439E+03      0.4988517351E+01      0.9367562166E-01
0.1980000000E+00      0.1897369034E+03      0.5175319443E+01      0.9612599873E-01
0.2000000000E+00      0.1917066751E+03      0.5367157500E+01      0.9860396814E-01
0.2020000000E+00      0.1936783906E+03      0.5564097928E+01      0.1011089654E+00
0.2040000000E+00      0.1956520814E+03      0.5766206410E+01      0.1036404159E+00
0.2060000000E+00      0.1976277793E+03      0.5973547880E+01      0.1061977357E+00
0.2080000000E+00      0.1996055158E+03      0.6186186512E+01      0.1087803322E+00
0.2100000000E+00      0.2015853226E+03      0.6404185695E+01      0.1113824559E+00
0.2120000000E+00      0.2035672313E+03      0.6627608025E+01      0.1140136602E+00
0.2140000000E+00      0.2055512735E+03      0.6856515283E+01      0.1166683160E+00
0.2160000000E+00      0.2075374809E+03      0.7090968427E+01      0.1193458028E+00
0.2180000000E+00      0.2095258850E+03      0.7331027573E+01      0.1220454950E+00
0.2200000000E+00      0.2115165174E+03      0.7576751989E+01      0.1247667624E+00
0.2220000000E+00      0.2135094095E+03      0.7828200080E+01      0.1275089713E+00
0.2240000000E+00      0.2155045929E+03      0.8085429378E+01      0.1302714842E+00
0.2260000000E+00      0.2175020989E+03      0.8348496535E+01      0.1330536613E+00
0.2280000000E+00      0.2195019590E+03      0.8617457314E+01      0.1358548608E+00
0.2300000000E+00      0.2215042044E+03      0.8892366581E+01      0.1386744397E+00
0.2320000000E+00      0.2235088663E+03      0.9173278301E+01      0.1415117537E+00
0.2340000000E+00      0.2255159759E+03      0.9460245529E+01      0.1443661589E+00
0.2360000000E+00      0.2275255642E+03      0.9753320409E+01      0.1472370435E+00
0.2380000000E+00      0.2295376622E+03      0.1005255417E+02      0.1501236998E+00
0.2400000000E+00      0.2315523008E+03      0.1035799711E+02      0.1530255188E+00
0.2420000000E+00      0.2335695108E+03      0.1066969862E+02      0.1559418610E+00
0.2440000000E+00      0.2355893228E+03      0.1098770716E+02      0.1588720890E+00
0.2460000000E+00      0.2376117674E+03      0.1131207028E+02      0.1618155685E+00
0.2480000000E+00      0.2396368750E+03      0.1164283459E+02      0.1647716683E+00
0.2500000000E+00      0.2416646760E+03      0.1198004577E+02      0.1677397612E+00
0.2520000000E+00      0.2436952006E+03      0.1232374861E+02      0.1707192239E+00
0.2540000000E+00      0.2457284786E+03      0.1267398715E+02      0.1737145617E+00
0.2560000000E+00      0.2477645404E+03      0.1303080393E+02      0.1767150032E+00
0.2580000000E+00      0.2498034158E+03      0.1339424117E+02      0.1797249742E+00
0.2600000000E+00      0.2518451342E+03      0.1376433998E+02      0.1827438718E+00
0.2620000000E+00      0.2538897252E+03      0.1414114056E+02      0.1857710991E+00
0.2640000000E+00      0.2559372182E+03      0.1452468221E+02      0.1888060653E+00
0.2660000000E+00      0.2579876425E+03      0.1491500335E+02      0.1918481863E+00
0.2680000000E+00      0.2600410271E+03      0.1531214148E+02      0.1948968846E+00
0.2700000000E+00      0.2620974009E+03      0.1571613325E+02      0.1979515900E+00
0.2720000000E+00      0.2641567927E+03      0.1612701441E+02      0.2010117394E+00
0.2740000000E+00      0.2662192311E+03      0.1654481983E+02      0.2040767772E+00
0.2760000000E+00      0.2682847445E+03      0.1696958355E+02      0.2071403194E+00
0.2780000000E+00      0.2703533612E+03      0.1740133872E+02      0.2102133673E+00
0.2800000000E+00      0.2724251093E+03      0.1784011766E+02      0.2132896830E+00
0.2820000000E+00      0.2745000166E+03      0.1828595184E+02      0.2163687427E+00
0.2840000000E+00      0.2765781110E+03      0.1873887192E+02      0.2194500312E+00
0.2860000000E+00      0.2786594199E+03      0.1919890771E+02      0.2225330417E+00
0.2880000000E+00      0.2807439708E+03      0.1966608822E+02      0.2256172760E+00
0.2900000000E+00      0.2828317909E+03      0.2014044166E+02      0.2287022447E+00
0.2920000000E+00      0.2849229071E+03      0.2062199542E+02      0.2317874672E+00
0.2940000000E+00      0.2870173464E+03      0.2111077615E+02      0.2348724717E+00
0.2960000000E+00      0.2891151354E+03      0.2160680967E+02      0.2379567955E+00
0.2980000000E+00      0.2912163004E+03      0.2211012109E+02      0.2410399847E+00
0.3000000000E+00      0.2933208679E+03      0.2262073471E+02      0.2441215948E+00
0.3020000000E+00      0.2954288638E+03      0.2313867412E+02      0.2472011900E+00
0.3040000000E+00      0.2975403141E+03      0.2366396217E+02      0.2502783440E+00
0.3060000000E+00      0.2996552444E+03      0.2419662097E+02      0.2533526393E+00
0.3080000000E+00      0.3017736803E+03      0.2473667194E+02      0.2564236678E+00
0.3100000000E+00      0.3038956470E+03      0.2528413577E+02      0.2594910305E+00
0.3120000000E+00      0.3060211697E+03      0.2583903247E+02      0.2625543374E+00
0.3140000000E+00      0.3081502733E+03      0.2640138138E+02      0.2656132076E+00
0.3160000000E+00      0.3102829824E+03      0.2697120114E+02      0.2686672696E+00
0.3180000000E+00      0.3124193217E+03      0.2754850975E+02      0.2717161606E+00
0.3200000000E+00      0.3145593154E+03      0.2813332456E+02      0.2747595269E+00
0.3220000000E+00      0.3167029877E+03      0.2872566227E+02      0.2777970240E+00
0.3240000000E+00      0.3188503625E+03      0.2932553896E+02      0.2808283160E+00
0.3260000000E+00      0.3210014635E+03      0.2993297009E+02      0.2838530759E+00
0.3280000000E+00      0.3231563143E+03      0.3054797050E+02      0.2868709858E+00
0.3300000000E+00      0.3253149382E+03      0.3117055446E+02      0.2898817361E+00
0.3320000000E+00      0.3274773581E+03      0.3180073567E+02      0.2928900524E+00
0.3340000000E+00      0.3296435974E+03      0.3243852715E+02      0.2958856620E+00
0.3360000000E+00      0.3318136786E+03      0.3308394147E+02      0.2988732348E+00
0.3380000000E+00      0.3339876242E+03      0.3373699060E+02      0.3018524955E+00
0.3400000000E+00      0.3361654566E+03      0.3439768598E+02      0.3048231768E+00
0.3420000000E+00      0.3383471979E+03      0.3506603851E+02      0.3077850200E+00
0.3440000000E+00      0.3405328701E+03      0.3574205856E+02      0.3107377744E+00
0.3460000000E+00      0.3427224950E+03      0.3642575601E+02      0.3136811972E+00
0.3480000000E+00      0.3449160941E+03      0.3711714021E+02      0.3166150537E+00
0.3500000000E+00      0.3471136887E+03      0.3781622004E+02      0.3195333763E+00
0.3520000000E+00      0.3493153001E+03      0.3852300388E+02      0.3224473526E+00
0.3540000000E+00      0.3515209491E+03      0.3923749966E+02      0.3253511045E+00
0.3560000000E+00      0.3537306567E+03      0.3995971483E+02      0.3282444275E+00
0.3580000000E+00      0.3559444433E+03      0.4068965639E+02      0.3311271254E+00
0.3600000000E+00      0.3581623294E+03      0.4142733090E+02      0.3339990081E+00
0.3620000000E+00      0.3603843351E+03      0.4217274449E+02      0.3368598932E+00
0.3640000000E+00      0.3626104805E+03      0.4292590287E+02      0.3397096052E+00
0.3660000000E+00      0.3648407855E+03      0.4368681131E+02      0.3425479754E+00
0.3680000000E+00      0.3670752695E+03      0.4445547471E+02      0.3453748421E+00
0.3700000000E+00      0.3693139522E+03      0.4523189754E+02      0.3481900501E+00
0.3720000000E+00      0.3715568527E+03      0.4601608392E+02      0.3509934507E+00
0.3740000000E+00      0.3738039901E+03      0.4680803756E+02      0.3537849018E+00
0.3760000000E+00      0.3760553833E+03      0.4760776181E+02      0.3565642674E+00
0.3780000000E+00      0.3783110511E+03      0.4841525967E+02      0.3593314178E+00
0.3800000000E+00      0.3805710118E+03      0.4923053377E+02      0.3620862292E+00
0.3820000000E+00      0.3828352839E+03      0.5005358641E+02      0.3648285840E+00
0.3840000000E+00      0.3851038856E+03      0.5088441955E+02      0.3675583702E+00
0.3860000000E+00      0.3873768348E+03      0.5172303481E+02      0.3702754815E+00
0.3880000000E+00      0.3896541492E+03      0.5256943352E+02      0.3729798172E+00
0.3900000000E+00      0.3919358466E+03      0.5342361666E+02      0.3756712823E+00
0.3920000000E+00      0.3942219444E+03      0.5428558493E+02      0.3783497868E+00
0.3940000000E+00      0.3965124598E+03      0.5515533875E+02      0.3810152460E+00
0.3960000000E+00      0.3988074099E+03      0.5603287820E+02      0.3836675804E+00
0.3980000000E+00      0.4011068118E+03      0.5691820313E+02      0.3863067156E+00
0.4000000000E+00      0.4034106820E+03      0.5781131310E+02      0.3889325817E+00
0.4020000000E+00      0.4057190372E+03      0.5871220738E+02      0.3915451140E+00
0.4040000000E+00      0.4080318939E+03      0.5962088501E+02      0.3941442522E+00
0.4060000000E+00      0.4103492681E+03      0.6053734477E+02      0.3967299406E+00
0.4080000000E+00      0.4126711762E+03      0.6146158519E+02      0.3993021279E+00
0.4100000000E+00      0.4149976338E+03      0.6239360456E+02      0.4018607672E+00
0.4120000000E+00      0.4173286569E+03      0.6333340093E+02      0.4044058158E+00
0.4140000000E+00      0.4196642609E+03      0.6428097214E+02      0.4069372350E+00
0.4160000000E+00      0.4220044614E+03      0.6523631580E+02      0.4094549903E+00
0.4180000000E+00      0.4243492735E+03      0.6619942932E+02      0.4119590509E+00
0.4200000000E+00      0.4266987123E+03      0.6717030987E+02      0.4144493900E+00
0.4220000000E+00      0.4290527929E+03      0.6814895446E+02      0.4169259844E+00
0.4240000000E+00      0.4314115300E+03      0.6913535988E+02      0.4193888143E+00
0.4260000000E+00      0.4337749383E+03      0.7012952272E+02      0.4218378639E+00
0.4280000000E+00      0.4361430321E+03      0.7113143942E+02      0.4242731203E+00
0.4300000000E+00      0.4385158259E+03      0.7214110621E+02      0.4266945742E+00
0.4320000000E+00      0.4408933339E+03      0.7315851916E+02      0.4291022194E+00
0.4340000000E+00      0.4432755700E+03      0.7418367417E+02      0.4314960529E+00
0.4360000000E+00      0.4456625481E+03      0.7521656698E+02      0.4338760747E+00
0.4380000000E+00      0.4480542820E+03      0.7625719317E+02      0.4362422878E+00
0.4400000000E+00      0.4504507852E+03      0.7730554816E+02      0.4385946980E+00
0.4420000000E+00      0.4528520713E+03      0.7836162724E+02      0.4409333138E+00
0.4440000000E+00      0.4552581534E+03      0.7942542555E+02      0.4432581466E+00
0.4460000000E+00      0.4576690448E+03      0.8049693808E+02      0.4455692142E+00
0.4480000000E+00      0.4600847585E+03      0.8157615970E+02      0.4478665251E+00
0.4500000000E+00      0.4625053073E+03      0.8266308514E+02      0.4501501022E+00
0.4520000000E+00      0.4649307040E+03      0.8375770903E+02      0.4524199666E+00
0.4540000000E+00      0.4673609612E+03      0.8486002584E+02      0.4546761419E+00
0.4560000000E+00      0.4697960913E+03      0.8597002996E+02      0.4569186538E+00
0.4580000000E+00      0.4722361067E+03      0.8708771566E+02      0.4591475302E+00
0.4600000000E+00      0.4746810195E+03      0.8821307708E+02      0.4613628011E+00
0.4620000000E+00      0.4771308420E+03      0.8934610828E+02      0.4635644985E+00
0.4640000000E+00      0.4795855859E+03      0.9048680322E+02      0.4657526561E+00
0.4660000000E+00      0.4820452630E+03      0.9163515575E+02      0.4679273098E+00
0.4680000000E+00      0.4845098852E+03      0.9279115963E+02      0.4700884971E+00
0.4700000000E+00      0.4869794638E+03      0.9395480855E+02      0.4722362574E+00
0.4720000000E+00      0.4894540104E+03      0.9512609609E+02      0.4743706315E+00
0.4740000000E+00      0.4919335363E+03      0.9630501575E+02      0.4764916620E+00
0.4760000000E+00      0.4944180525E+03      0.9749156098E+02      0.4785993930E+00
0.4780000000E+00      0.4969075703E+03      0.9868572512E+02      0.4806938702E+00
0.4800000000E+00      0.4994021005E+03      0.9988750146E+02      0.4827751406E+00
0.4820000000E+00      0.5019016539E+03      0.1010968832E+03      0.4848432524E+00
0.4840000000E+00      0.5044062413E+03      0.1023138635E+03      0.4868982556E+00
0.4860000000E+00      0.5069158732E+03      0.1035384355E+03      0.4889402009E+00
0.4880000000E+00      0.5094305600E+03      0.1047705921E+03      0.4909691407E+00
0.4900000000E+00      0.5119503123E+03      0.1060103264E+03      0.4929851283E+00
0.4920000000E+00      0.5144751401E+03      0.1072576312E+03      0.4949882180E+00
0.4940000000E+00      0.5170050536E+03      0.1085124994E+03      0.4969784655E+00
0.4960000000E+00      0.5195400629E+03      0.1097749239E+03      0.4989559273E+00
0.4980000000E+00      0.5220801778E+03      0.1110448974E+03      0.5009206608E+00
0.5000000000E+00      0.5246254081E+03      0.1123224125E+03      0.5028727244E+00
0.5020000000E+00      0.5271757635E+03      0.1136074621E+03      0.5048121775E+00
0.5040000000E+00      0.5297312537E+03      0.1149000387E+03      0.5067390802E+00
0.5060000000E+00      0.5322918881E+03      0.1162001350E+03      0.5086534933E+00
0.5080000000E+00      0.5348576760E+03      0.1175077435E+03      0.5105554786E+00
0.5100000000E+00      0.5374286267E+03      0.1188228568E+03      0.5124450983E+00
0.5120000000E+00      0.5400047495E+03      0.1201454674E+03      0.5143224156E+00
0.5140000000E+00      0.5425860533E+03      0.1214755677E+03      0.5161874940E+00
0.5160000000E+00      0.5451725472E+03      0.1228131502E+03      0.5180403979E+00
0.5180000000E+00      0.5477642399E+03      0.1241582073E+03      0.5198811922E+00
0.5200000000E+00      0.5503611404E+03      0.1255107315E+03      0.5217099420E+00
0.5220000000E+00      0.5529632572E+03      0.1268707152E+03      0.5235267134E+00
0.5240000000E+00      0.5555705990E+03      0.1282381506E+03      0.5253315726E+00
0.5260000000E+00      0.5581831741E+03      0.1296130303E+03      0.5271245863E+00
0.5280000000E+00      0.5608009911E+03      0.1309953464E+03      0.5289058217E+00
0.5300000000E+00      0.5634240582E+03      0.1323850914E+03      0.5306753462E+00
0.5320000000E+00      0.5660523837E+03      0.1337822575E+03      0.5324332277E+00
0.5340000000E+00      0.5686859755E+03      0.1351868370E+03      0.5341795344E+00
0.5360000000E+00      0.5713248419E+03      0.1365988224E+03      0.5359143347E+00
0.5380000000E+00      0.5739689906E+03      0.1380182057E+03      0.5376376971E+00
0.5400000000E+00      0.5766184296E+03      0.1394449794E+03      0.5393496908E+00
0.5420000000E+00      0.5792731666E+03      0.1408791356E+03      0.5410503847E+00
0.5440000000E+00      0.5819332092E+03      0.1423206668E+03      0.5427398482E+00
0.5460000000E+00      0.5845985652E+03      0.1437695651E+03      0.5444181507E+00
0.5480000000E+00      0.5872692420E+03      0.1452258228E+03      0.5460853618E+00
0.5500000000E+00      0.5899452470E+03      0.1466894323E+03      0.5477415511E+00
0.5520000000E+00      0.5926265875E+03      0.1481603857E+03      0.5493867931E+00
0.5540000000E+00      0.5953132709E+03      0.1496386753E+03      0.5510211485E+00
0.5560000000E+00      0.5980053043E+03      0.1511242936E+03      0.5526446917E+00
0.5580000000E+00      0.6007026949E+03      0.1526172326E+03      0.5542574927E+00
0.5600000000E+00      0.6034054495E+03      0.1541174848E+03      0.5558596214E+00
0.5620000000E+00      0.6061135753E+03      0.1556250425E+03      0.5574511477E+00
0.5640000000E+00      0.6088270790E+03      0.1571398979E+03      0.5590321416E+00
0.5660000000E+00      0.6115459674E+03      0.1586620434E+03      0.5606026730E+00
0.5680000000E+00      0.6142702474E+03      0.1601914713E+03      0.5621628115E+00
0.5700000000E+00      0.6169999254E+03      0.1617281740E+03      0.5637126271E+00
0.5720000000E+00      0.6197350081E+03      0.1632721438E+03      0.5652521893E+00
0.5740000000E+00      0.6224755020E+03      0.1648233731E+03      0.5667815677E+00
0.5760000000E+00      0.6252214136E+03      0.1663818543E+03      0.5683008318E+00
0.5780000000E+00      0.6279727491E+03      0.1679475798E+03      0.5698100508E+00
0.5800000000E+00      0.6307295148E+03      0.1695205420E+03      0.5713092938E+00
0.5820000000E+00      0.6334917170E+03      0.1711007333E+03      0.5727986300E+00
0.5840000000E+00      0.6362593619E+03      0.1726881463E+03      0.5742781281E+00
0.5860000000E+00      0.6390324554E+03      0.1742827732E+03      0.5757478567E+00
0.5880000000E+00      0.6418110036E+03      0.1758846068E+03      0.5772078844E+00
0.5900000000E+00      0.6445950125E+03      0.1774936394E+03      0.5786582795E+00
0.5920000000E+00      0.6473844880E+03      0.1791098635E+03      0.5800991098E+00
0.5940000000E+00      0.6501794358E+03      0.1807332718E+03      0.5815304434E+00
0.5960000000E+00      0.6529798617E+03      0.1823638568E+03      0.5829523477E+00
0.5980000000E+00      0.6557857713E+03      0.1840016111E+03      0.5843648902E+00
0.6000000000E+00      0.6585971704E+03      0.1856465272E+03      0.5857681379E+00
0.6020000000E+00      0.6614140645E+03      0.1872985979E+03      0.5871621577E+00
0.6040000000E+00      0.6642364590E+03      0.1889578157E+03      0.5885470162E+00
0.6060000000E+00      0.6670643595E+03      0.1906241734E+03      0.5899227796E+00
0.6080000000E+00      0.6698977713E+03      0.1922976637E+03      0.5912895140E+00
0.6100000000E+00      0.6727366997E+03      0.1939782792E+03      0.5926472851E+00
0.6120000000E+00      0.6755811499E+03      0.1956660128E+03      0.5939961585E+00
0.6140000000E+00      0.6784311273E+03      0.1973608572E+03      0.5953361992E+00
0.6160000000E+00      0.6812866369E+03      0.1990628052E+03      0.5966674720E+00
0.6180000000E+00      0.6841476838E+03      0.2007718497E+03      0.5979900415E+00
0.6200000000E+00      0.6870142731E+03      0.2024879834E+03      0.5993039719E+00
0.6220000000E+00      0.6898864097E+03      0.2042111993E+03      0.6006093271E+00
0.6240000000E+00      0.6927640985E+03      0.2059414903E+03      0.6019061707E+00
0.6260000000E+00      0.6956473446E+03      0.2076788493E+03      0.6031945658E+00
0.6280000000E+00      0.6985361525E+03      0.2094232693E+03      0.6044745753E+00
0.6300000000E+00      0.7014305272E+03      0.2111747432E+03      0.6057462619E+00
0.6320000000E+00      0.7043304732E+03      0.2129332642E+03      0.6070096876E+00
0.6340000000E+00      0.7072359954E+03      0.2146988251E+03      0.6082649144E+00
0.6360000000E+00      0.7101470982E+03      0.2164714192E+03      0.6095120038E+00
0.6380000000E+00      0.7130637863E+03      0.2182510394E+03      0.6107510169E+00
0.6400000000E+00      0.7159860642E+03      0.2200376789E+03      0.6119820144E+00
0.6420000000E+00      0.7189139362E+03      0.2218313310E+03      0.6132050569E+00
0.6440000000E+00      0.7218474068E+03      0.2236319887E+03      0.6144202044E+00
0.6460000000E+00      0.7247864805E+03      0.2254396453E+03      0.6156275166E+00
0.6480000000E+00      0.7277311614E+03      0.2272542940E+03      0.6168270528E+00
0.6500000000E+00      0.7306814538E+03      0.2290759282E+03      0.6180188720E+00
0.6520000000E+00      0.7336373620E+03      0.2309045410E+03      0.6192030328E+00
0.6540000000E+00      0.7365988902E+03      0.2327401259E+03      0.6203795934E+00
0.6560000000E+00      0.7395660424E+03      0.2345826762E+03      0.6215486116E+00
0.6580000000E+00      0.7425388228E+03      0.2364321853E+03      0.6227101450E+00
0.6600000000E+00      0.7455172353E+03      0.2382886467E+03      0.6238642506E+00
0.6620000000E+00      0.7485012840E+03      0.2401520537E+03      0.6250109852E+00
0.6640000000E+00      0.7514909728E+03      0.2420223999E+03      0.6261504050E+00
0.6660000000E+00      0.7544863056E+03      0.2438996788E+03      0.6272825661E+00
0.6680000000E+00      0.7574872863E+03      0.2457838839E+03      0.6284075239E+00
0.6700000000E+00      0.7604939186E+03      0.2476750089E+03      0.6295253338E+00
0.6720000000E+00      0.7635062065E+03      0.2495730472E+03      0.6306360505E+00
0.6740000000E+00      0.7665241535E+03      0.2514779926E+03      0.6317397285E+00
0.6760000000E+00      0.7695477635E+03      0.2533898387E+03      0.6328364218E+00
0.6780000000E+00      0.7725770400E+03      0.2553085792E+03      0.6339261840E+00
0.6800000000E+00      0.7756119866E+03      0.2572342079E+03      0.6350090686E+00
0.6820000000E+00      0.7786526070E+03      0.2591667185E+03      0.6360851317E+00
0.6840000000E+00      0.7816989047E+03      0.2611061048E+03      0.6371544191E+00
0.6860000000E+00      0.7847508831E+03      0.2630523605E+03      0.6382169864E+00
0.6880000000E+00      0.7878085457E+03      0.2650054797E+03      0.6392728854E+00
0.6900000000E+00      0.7908718960E+03      0.2669654561E+03      0.6403221675E+00
0.6920000000E+00      0.7939409373E+03      0.2689322836E+03      0.6413648836E+00
0.6940000000E+00      0.7970156729E+03      0.2709059563E+03      0.6424010843E+00
0.6960000000E+00      0.8000961063E+03      0.2728864680E+03      0.6434308201E+00
0.6980000000E+00      0.8031822405E+03      0.2748738128E+03      0.6444541407E+00
0.7000000000E+00      0.8062740790E+03      0.2768679847E+03      0.6454710956E+00
0.7020000000E+00      0.8093716248E+03      0.2788689778E+03      0.6464817340E+00
0.7040000000E+00      0.8124748812E+03      0.2808767862E+03      0.6474861047E+00
0.7060000000E+00      0.8155838512E+03      0.2828914040E+03      0.6484842560E+00
0.7080000000E+00      0.8186985380E+03      0.2849128253E+03      0.6494762360E+00
0.7100000000E+00      0.8218189447E+03      0.2869410443E+03      0.6504620923E+00
0.7120000000E+00      0.8249450742E+03      0.2889760554E+03      0.6514418722E+00
0.7140000000E+00      0.8280769296E+03      0.2910178526E+03      0.6524156226E+00
0.7160000000E+00      0.8312145137E+03      0.2930664302E+03      0.6533833901E+00
0.7180000000E+00      0.8343578297E+03      0.2951217827E+03      0.6543452209E+00
0.7200000000E+00      0.8375068802E+03      0.2971839043E+03      0.6553011608E+00
0.7220000000E+00      0.8406616683E+03      0.2992527893E+03      0.6562512553E+00
0.7240000000E+00      0.8438221967E+03      0.3013284323E+03      0.6571955494E+00
0.7260000000E+00      0.8469884683E+03      0.3034108275E+03      0.6581340881E+00
0.7280000000E+00      0.8501604858E+03      0.3054999695E+03      0.6590669155E+00
0.7300000000E+00      0.8533382519E+03      0.3075958527E+03      0.6599940759E+00
0.7320000000E+00      0.8565217694E+03      0.3096984717E+03      0.6609156128E+00
0.7340000000E+00      0.8597110410E+03      0.3118078209E+03      0.6618315697E+00
0.7360000000E+00      0.8629060693E+03      0.3139238951E+03      0.6627419896E+00
0.7380000000E+00      0.8661068569E+03      0.3160466886E+03      0.6636469150E+00
0.7400000000E+00      0.8693134064E+03      0.3181761963E+03      0.6645463884E+00
0.7420000000E+00      0.8725257205E+03      0.3203124128E+03      0.6654404516E+00
0.7440000000E+00      0.8757438015E+03      0.3224553326E+03      0.6663291464E+00
0.7460000000E+00      0.8789676521E+03      0.3246049506E+03      0.6672125139E+00
0.7480000000E+00      0.8821972747E+03      0.3267612616E+03      0.6680905953E+00
0.7500000000E+00      0.8854326718E+03      0.3289242601E+03      0.6689634310E+00
0.7520000000E+00      0.8886738458E+03      0.3310939412E+03      0.6698310614E+00
0.7540000000E+00      0.8919207992E+03      0.3332702995E+03      0.6706935264E+00
0.7560000000E+00      0.8951735342E+03      0.3354533300E+03      0.6715508657E+00
0.7580000000E+00      0.8984320532E+03      0.3376430276E+03      0.6724031186E+00
0.7600000000E+00      0.9016963586E+03      0.3398393871E+03      0.6732503241E+00
0.7620000000E+00      0.9049664526E+03      0.3420424034E+03      0.6740925207E+00
0.7640000000E+00      0.9082423376E+03      0.3442520717E+03      0.6749297470E+00
0.7660000000E+00      0.9115240157E+03      0.3464683868E+03      0.6757620409E+00
0.7680000000E+00      0.9148114892E+03      0.3486913437E+03      0.6765894400E+00
0.7700000000E+00      0.9181047604E+03      0.3509209376E+03      0.6774119819E+00
0.7720000000E+00      0.9214038312E+03      0.3531571635E+03      0.6782297037E+00
0.7740000000E+00      0.9247087040E+03      0.3554000165E+03      0.6790426420E+00
0.7760000000E+00      0.9280193809E+03      0.3576494917E+03      0.6798508334E+00
0.7780000000E+00      0.9313358639E+03      0.3599055843E+03      0.6806543140E+00
0.7800000000E+00      0.9346581551E+03      0.3621682895E+03      0.6814531197E+00
0.7820000000E+00      0.9379862566E+03      0.3644376025E+03      0.6822472861E+00
0.7840000000E+00      0.9413201704E+03      0.3667135185E+03      0.6830368484E+00
0.7860000000E+00      0.9446598985E+03      0.3689960328E+03      0.6838218418E+00
0.7880000000E+00      0.9480054430E+03      0.3712851406E+03      0.6846023007E+00
0.7900000000E+00      0.9513568057E+03      0.3735808374E+03      0.6853782596E+00
0.7920000000E+00      0.9547139886E+03      0.3758831183E+03      0.6861497527E+00
0.7940000000E+00      0.9580769937E+03      0.3781919789E+03      0.6869168137E+00
0.7960000000E+00      0.9614458229E+03      0.3805074144E+03      0.6876794761E+00
0.7980000000E+00      0.9648204780E+03      0.3828294204E+03      0.6884377734E+00
0.8000000000E+00      0.9682009608E+03      0.3851579922E+03      0.6891917383E+00
0.8020000000E+00      0.9715872733E+03      0.3874931253E+03      0.6899414036E+00
0.8040000000E+00      0.9749794173E+03      0.3898348152E+03      0.6906868017E+00
0.8060000000E+00      0.9783773945E+03      0.3921830574E+03      0.6914279648E+00
0.8080000000E+00      0.9817812067E+03      0.3945378475E+03      0.6921649247E+00
0.8100000000E+00      0.9851908557E+03      0.3968991810E+03      0.6928977131E+00
0.8120000000E+00      0.9886063433E+03      0.3992670535E+03      0.6936263613E+00
0.8140000000E+00      0.9920276711E+03      0.4016414607E+03      0.6943509004E+00
0.8160000000E+00      0.9954548408E+03      0.4040223981E+03      0.6950713611E+00
0.8180000000E+00      0.9988878542E+03      0.4064098615E+03      0.6957877741E+00
0.8200000000E+00      0.1002326713E+04      0.4088038465E+03      0.6965001696E+00
0.8220000000E+00      0.1005771418E+04      0.4112043488E+03      0.6972085776E+00
0.8240000000E+00      0.1009221973E+04      0.4136113642E+03      0.6979130280E+00
0.8260000000E+00      0.1012678377E+04      0.4160248885E+03      0.6986135503E+00
0.8280000000E+00      0.1016140633E+04      0.4184449173E+03      0.6993101738E+00
0.8300000000E+00      0.1019608742E+04      0.4208714465E+03      0.7000029275E+00
0.8320000000E+00      0.1023082707E+04      0.4233044720E+03      0.7006918401E+00
0.8340000000E+00      0.1026562527E+04      0.4257439896E+03      0.7013769403E+00
0.8360000000E+00      0.1030048206E+04      0.4281899952E+03      0.7020582563E+00
0.8380000000E+00      0.1033539744E+04      0.4306424846E+03      0.7027358162E+00
0.8400000000E+00      0.1037037143E+04      0.4331014538E+03      0.7034096478E+00
0.8420000000E+00      0.1040540405E+04      0.4355668988E+03      0.7040797787E+00
0.8440000000E+00      0.1044049530E+04      0.4380388154E+03      0.7047462363E+00
0.8460000000E+00      0.1047564521E+04      0.4405171997E+03      0.7054090477E+00
0.8480000000E+00      0.1051085378E+04      0.4430020477E+03      0.7060682398E+00
0.8500000000E+00      0.1054612103E+04      0.4454933554E+03      0.7067238411E+00
0.8520000000E+00      0.1058144698E+04      0.4479911188E+03      0.7073758743E+00
0.8540000000E+00      0.1061683164E+04      0.4504953341E+03      0.7080243676E+00
0.8560000000E+00      0.1065227502E+04      0.4530059974E+03      0.7086693468E+00
0.8580000000E+00      0.1068777713E+04      0.4555231047E+03      0.7093108379E+00
0.8600000000E+00      0.1072333800E+04      0.4580466522E+03      0.7099488662E+00
0.8620000000E+00      0.1075895762E+04      0.4605766360E+03      0.7105834573E+00
0.8640000000E+00      0.1079463602E+04      0.4631130524E+03      0.7112146362E+00
0.8660000000E+00      0.1083037321E+04      0.4656558975E+03      0.7118424278E+00
0.8680000000E+00      0.1086616920E+04      0.4682051676E+03      0.7124668568E+00
0.8700000000E+00      0.1090202401E+04      0.4707608588E+03      0.7130879478E+00
0.8720000000E+00      0.1093793763E+04      0.4733229676E+03      0.7137057250E+00
0.8740000000E+00      0.1097391010E+04      0.4758914900E+03      0.7143202125E+00
0.8760000000E+00      0.1100994141E+04      0.4784664225E+03      0.7149314342E+00
0.8780000000E+00      0.1104603159E+04      0.4810477614E+03      0.7155394137E+00
0.8800000000E+00      0.1108218064E+04      0.4836355031E+03      0.7161441746E+00
0.8820000000E+00      0.1111838857E+04      0.4862296438E+03      0.7167457401E+00
0.8840000000E+00      0.1115465540E+04      0.4888301800E+03      0.7173441333E+00
0.8860000000E+00      0.1119098114E+04      0.4914371080E+03      0.7179393772E+00
0.8880000000E+00      0.1122736580E+04      0.4940504244E+03      0.7185314943E+00
0.8900000000E+00      0.1126380939E+04      0.4966701254E+03      0.7191205073E+00
0.8920000000E+00      0.1130031192E+04      0.4992962077E+03      0.7197064383E+00
0.8940000000E+00      0.1133687340E+04      0.5019286677E+03      0.7202893097E+00
0.8960000000E+00      0.1137349385E+04      0.5045675019E+03      0.7208691432E+00
0.8980000000E+00      0.1141017327E+04      0.5072127068E+03      0.7214459607E+00
0.9000000000E+00      0.1144691167E+04      0.5098642789E+03      0.7220197838E+00
0.9020000000E+00      0.1148370907E+04      0.5125222148E+03      0.7225906338E+00
0.9040000000E+00      0.1152056547E+04      0.5151865111E+03      0.7231585319E+00
0.9060000000E+00      0.1155748089E+04      0.5178571644E+03      0.7237234993E+00
0.9080000000E+00      0.1159445533E+04      0.5205341712E+03      0.7242855567E+00
0.9100000000E+00      0.1163148881E+04      0.5232175283E+03      0.7248447249E+00
0.9120000000E+00      0.1166858133E+04      0.5259072323E+03      0.7254010243E+00
0.9140000000E+00      0.1170573291E+04      0.5286032798E+03      0.7259544754E+00
0.9160000000E+00      0.1174294355E+04      0.5313056675E+03      0.7265050982E+00
0.9180000000E+00      0.1178021326E+04      0.5340143922E+03      0.7270529129E+00
0.9200000000E+00      0.1181754206E+04      0.5367294505E+03      0.7275979392E+00
0.9220000000E+00      0.1185492994E+04      0.5394508392E+03      0.7281401968E+00
0.9240000000E+00      0.1189237693E+04      0.5421785550E+03      0.7286797052E+00
0.9260000000E+00      0.1192988303E+04      0.5449125948E+03      0.7292164839E+00
0.9280000000E+00      0.1196744825E+04      0.5476529552E+03      0.7297505518E+00
0.9300000000E+00      0.1200507259E+04      0.5503996332E+03      0.7302819282E+00
0.9320000000E+00      0.1204275607E+04      0.5531526256E+03      0.7308106318E+00
0.9340000000E+00      0.1208049870E+04      0.5559119291E+03      0.7313366814E+00
0.9360000000E+00      0.1211830048E+04      0.5586775407E+03      0.7318600956E+00
0.9380000000E+00      0.1215616142E+04      0.5614494572E+03      0.7323808927E+00
0.9400000000E+00      0.1219408153E+04      0.5642276756E+03      0.7328990910E+00
0.9420000000E+00      0.1223206082E+04      0.5670121926E+03      0.7334147085E+00
0.9440000000E+00      0.1227009930E+04      0.5698030054E+03      0.7339277634E+00
0.9460000000E+00      0.1230819696E+04      0.5726001107E+03      0.7344382733E+00
0.9480000000E+00      0.1234635384E+04      0.5754035056E+03      0.7349462559E+00
0.9500000000E+00      0.1238456992E+04      0.5782131871E+03      0.7354517287E+00
0.9520000000E+00      0.1242284521E+04      0.5810291521E+03      0.7359547091E+00
0.9540000000E+00      0.1246117974E+04      0.5838513976E+03      0.7364552143E+00
0.9560000000E+00      0.1249957349E+04      0.5866799207E+03      0.7369532614E+00
0.9580000000E+00      0.1253802649E+04      0.5895147183E+03      0.7374488674E+00
0.9600000000E+00      0.1257653873E+04      0.5923557877E+03      0.7379420490E+00
0.9620000000E+00      0.1261511022E+04      0.5952031257E+03      0.7384328229E+00
0.9640000000E+00      0.1265374098E+04      0.5980567296E+03      0.7389212057E+00
0.9660000000E+00      0.1269243101E+04      0.6009165964E+03      0.7394072137E+00
0.9680000000E+00      0.1273118031E+04      0.6037827233E+03      0.7398908632E+00
0.9700000000E+00      0.1276998889E+04      0.6066551073E+03      0.7403721703E+00
0.9720000000E+00      0.1280885677E+04      0.6095337456E+03      0.7408511510E+00
0.9740000000E+00      0.1284778393E+04      0.6124186354E+03      0.7413278212E+00
0.9760000000E+00      0.1288677040E+04      0.6153097739E+03      0.7418021966E+00
0.9780000000E+00      0.1292581618E+04      0.6182071582E+03      0.7422742929E+00
0.9800000000E+00      0.1296492128E+04      0.6211107855E+03      0.7427441254E+00
0.9820000000E+00      0.1300408569E+04      0.6240206532E+03      0.7432117096E+00
0.9840000000E+00      0.1304330943E+04      0.6269367583E+03      0.7436770607E+00
0.9860000000E+00      0.1308259251E+04      0.6298590983E+03      0.7441401938E+00
0.9880000000E+00      0.1312193493E+04      0.6327876702E+03      0.7446011238E+00
0.9900000000E+00      0.1316133669E+04      0.6357224715E+03      0.7450598657E+00
0.9920000000E+00      0.1320079780E+04      0.6386634994E+03      0.7455164342E+00
0.9940000000E+00      0.1324031827E+04      0.6416107511E+03      0.7459708439E+00
0.9960000000E+00      0.1327989811E+04      0.6445642242E+03      0.7464231093E+00
0.9980000000E+00      0.1331953731E+04      0.6475239158E+03      0.7468732448E+00
0.1000000000E+01      0.1335923589E+04      0.6504898233E+03      0.7473212647E+00
0.1002000000E+01      0.1339899385E+04      0.6534619441E+03      0.7477671831E+00
0.1004000000E+01      0.1343881120E+04      0.6564402756E+03      0.7482110141E+00
0.1006000000E+01      0.1347868793E+04      0.6594248151E+03      0.7486527716E+00
0.1008000000E+01      0.1351862407E+04      0.6624155602E+03      0.7490924693E+00
0.1010000000E+01      0.1355861960E+04      0.6654125080E+03      0.7495301211E+00
0.1012000000E+01      0.1359867454E+04      0.6684156562E+03      0.7499657406E+00
0.1014000000E+01      0.1363878890E+04      0.6714250022E+03      0.7503993412E+00
0.1016000000E+01      0.1367896267E+04      0.6744405434E+03      0.7508309362E+00
0.1018000000E+01      0.1371919586E+04      0.6774622773E+03      0.7512605390E+00
0.1020000000E+01      0.1375948848E+04      0.6804902013E+03      0.7516881628E+00
0.1022000000E+01      0.1379984053E+04      0.6835243131E+03      0.7521138206E+00
0.1024000000E+01      0.1384025202E+04      0.6865646100E+03      0.7525375253E+00
0.1026000000E+01      0.1388072294E+04      0.6896110896E+03      0.7529592899E+00
0.1028000000E+01      0.1392125332E+04      0.6926637495E+03      0.7533791270E+00
0.1030000000E+01      0.1396184314E+04      0.6957225871E+03      0.7537970494E+00
0.1032000000E+01      0.1400249242E+04      0.6987876001E+03      0.7542130695E+00
0.1034000000E+01      0.1404320116E+04      0.7018587861E+03      0.7546271998E+00
0.1036000000E+01      0.1408396936E+04      0.7049361426E+03      0.7550394528E+00
0.1038000000E+01      0.1412479703E+04      0.7080196672E+03      0.7554498406E+00
0.1040000000E+01      0.1416568418E+04      0.7111093575E+03      0.7558583754E+00
0.1042000000E+01      0.1420663080E+04      0.7142052112E+03      0.7562650692E+00
0.1044000000E+01      0.1424763690E+04      0.7173072258E+03      0.7566699341E+00
0.1046000000E+01      0.1428870248E+04      0.7204153991E+03      0.7570729819E+00
0.1048000000E+01      0.1432982755E+04      0.7235297287E+03      0.7574742244E+00
0.1050000000E+01      0.1437101212E+04      0.7266502123E+03      0.7578736733E+00
0.1052000000E+01      0.1441225618E+04      0.7297768475E+03      0.7582713402E+00
0.1054000000E+01      0.1445355974E+04      0.7329096321E+03      0.7586672365E+00
0.1056000000E+01      0.1449492281E+04      0.7360485637E+03      0.7590613738E+00
0.1058000000E+01      0.1453634538E+04      0.7391936401E+03      0.7594537632E+00
0.1060000000E+01      0.1457782747E+04      0.7423448590E+03      0.7598444161E+00
0.1062000000E+01      0.1461936907E+04      0.7455022182E+03      0.7602333437E+00
0.1064000000E+01      0.1466097018E+04      0.7486657154E+03      0.7606205569E+00
0.1066000000E+01      0.1470263082E+04      0.7518353483E+03      0.7610060668E+00
0.1068000000E+01      0.1474435099E+04      0.7550111148E+03      0.7613898842E+00
0.1070000000E+01      0.1478613068E+04      0.7581930126E+03      0.7617720200E+00
0.1072000000E+01      0.1482796991E+04      0.7613810395E+03      0.7621524858E+00
0.1074000000E+01      0.1486986867E+04      0.7645751934E+03      0.7625312904E+00
0.1076000000E+01      0.1491182697E+04      0.7677754721E+03      0.7629084452E+00
0.1078000000E+01      0.1495384481E+04      0.7709818733E+03      0.7632839608E+00
0.1080000000E+01      0.1499592220E+04      0.7741943950E+03      0.7636578476E+00
0.1082000000E+01      0.1503805913E+04      0.7774130350E+03      0.7640301158E+00
0.1084000000E+01      0.1508025562E+04      0.7806377912E+03      0.7644007757E+00
0.1086000000E+01      0.1512251166E+04      0.7838686614E+03      0.7647698374E+00
0.1088000000E+01      0.1516482725E+04      0.7871056435E+03      0.7651373111E+00
0.1090000000E+01      0.1520720241E+04      0.7903487354E+03      0.7655032067E+00
0.1092000000E+01      0.1524963712E+04      0.7935979350E+03      0.7658675342E+00
0.1094000000E+01      0.1529213140E+04      0.7968532403E+03      0.7662303033E+00
0.1096000000E+01      0.1533468525E+04      0.8001146492E+03      0.7665915239E+00
0.1098000000E+01      0.1537729867E+04      0.8033821595E+03      0.7669512057E+00
0.1100000000E+01      0.1541997167E+04      0.8066557694E+03      0.7673093583E+00
0.1102000000E+01      0.1546270424E+04      0.8099354766E+03      0.7676659912E+00
0.1104000000E+01      0.1550549638E+04      0.8132212792E+03      0.7680211139E+00
0.1106000000E+01      0.1554834811E+04      0.8165131752E+03      0.7683747359E+00
0.1108000000E+01      0.1559125942E+04      0.8198111626E+03      0.7687268664E+00
0.1110000000E+01      0.1563423032E+04      0.8231152393E+03      0.7690775147E+00
0.1112000000E+01      0.1567726080E+04      0.8264254034E+03      0.7694266900E+00
0.1114000000E+01      0.1572035088E+04      0.8297416528E+03      0.7697744015E+00
0.1116000000E+01      0.1576350054E+04      0.8330639857E+03      0.7701206581E+00
0.1118000000E+01      0.1580670980E+04      0.8363924000E+03      0.7704654688E+00
0.1120000000E+01      0.1584997866E+04      0.8397268939E+03      0.7708088427E+00
0.1122000000E+01      0.1589330712E+04      0.8430674653E+03      0.7711507884E+00
0.1124000000E+01      0.1593669517E+04      0.8464141123E+03      0.7714913149E+00
0.1126000000E+01      0.1598014283E+04      0.8497668330E+03      0.7718304308E+00
0.1128000000E+01      0.1602365010E+04      0.8531256255E+03      0.7721681447E+00
0.1130000000E+01      0.1606721697E+04      0.8564904879E+03      0.7725044653E+00
0.1132000000E+01      0.1611084345E+04      0.8598614184E+03      0.7728394011E+00
0.1134000000E+01      0.1615452954E+04      0.8632384149E+03      0.7731729605E+00
0.1136000000E+01      0.1619827524E+04      0.8666214756E+03      0.7735051519E+00
0.1138000000E+01      0.1624208056E+04      0.8700105987E+03      0.7738359836E+00
0.1140000000E+01      0.1628594550E+04      0.8734057824E+03      0.7741654640E+00
0.1142000000E+01      0.1632987005E+04      0.8768070247E+03      0.7744936012E+00
0.1144000000E+01      0.1637385422E+04      0.8802143238E+03      0.7748204033E+00
0.1146000000E+01      0.1641789801E+04      0.8836276779E+03      0.7751458785E+00
0.1148000000E+01      0.1646200143E+04      0.8870470852E+03      0.7754700348E+00
0.1150000000E+01      0.1650616447E+04      0.8904725439E+03      0.7757928800E+00
0.1152000000E+01      0.1655038713E+04      0.8939040521E+03      0.7761144222E+00
0.1154000000E+01      0.1659466942E+04      0.8973416081E+03      0.7764346693E+00
0.1156000000E+01      0.1663901135E+04      0.9007852100E+03      0.7767536288E+00
0.1158000000E+01      0.1668341290E+04      0.9042348562E+03      0.7770713086E+00
0.1160000000E+01      0.1672787408E+04      0.9076905448E+03      0.7773877165E+00
0.1162000000E+01      0.1677239490E+04      0.9111522740E+03      0.7777028599E+00
0.1164000000E+01      0.1681697535E+04      0.9146200422E+03      0.7780167464E+00
0.1166000000E+01      0.1686161543E+04      0.9180938476E+03      0.7783293836E+00
0.1168000000E+01      0.1690631515E+04      0.9215736884E+03      0.7786407788E+00
0.1170000000E+01      0.1695107451E+04      0.9250595629E+03      0.7789509396E+00
0.1172000000E+01      0.1699589351E+04      0.9285514694E+03      0.7792598731E+00
0.1174000000E+01      0.1704077215E+04      0.9320494063E+03      0.7795675868E+00
0.1176000000E+01      0.1708571043E+04      0.9355533717E+03      0.7798740878E+00
0.1178000000E+01      0.1713070836E+04      0.9390633640E+03      0.7801793833E+00
0.1180000000E+01      0.1717576593E+04      0.9425793815E+03      0.7804834805E+00
0.1182000000E+01      0.1722088314E+04      0.9461014226E+03      0.7807863864E+00
0.1184000000E+01      0.1726606000E+04      0.9496294855E+03      0.7810881080E+00
0.1186000000E+01      0.1731129650E+04      0.9531635686E+03      0.7813886523E+00
0.1188000000E+01      0.1735659265E+04      0.9567036703E+03      0.7816880262E+00
0.1190000000E+01      0.1740194845E+04      0.9602497889E+03      0.7819862366E+00
0.1192000000E+01      0.1744736390E+04      0.9638019228E+03      0.7822832904E+00
0.1194000000E+01      0.1749283900E+04      0.9673600704E+03      0.7825791942E+00
0.1196000000E+01      0.1753837375E+04      0.9709242299E+03      0.7828739548E+00
0.1198000000E+01      0.1758396815E+04      0.9744943999E+03      0.7831675789E+00
0.1200000000E+01      0.1762962220E+04      0.9780705787E+03      0.7834600731E+00
