      Rhob                Epsilon              Pressure               SoundV
0.4730000000E-14      0.4409040000E-11      0.6303830000E-24      0.2528270000E-09
0.4760000000E-14      0.4431480000E-11      0.6303830000E-23      0.3286900000E-09
0.4910000000E-14      0.4571720000E-11      0.6303830000E-22      0.3811090000E-09
0.6990000000E-14      0.6506980000E-11      0.7552120000E-21      0.1661210000E-08
0.9900000000E-14      0.9199530000E-11      0.8737990000E-20      0.4506330000E-08
0.2720000000E-13      0.2529870000E-10      0.1061040000E-18      0.2185710000E-07
0.1270000000E-12      0.1189210000E-09      0.3632510000E-17      0.1280710000E-06
0.6930000000E-12      0.6450890000E-09      0.1185870000E-15      0.6813760000E-06
0.6295000000E-11      0.5856290000E-08      0.6081640000E-14      0.1980100000E-05
0.1581000000E-10      0.1470800000E-07      0.3100740000E-13      0.4121830000E-05
0.3972000000E-10      0.3694960000E-07      0.1517290000E-12      0.7788630000E-05
0.9976000000E-10      0.9278060000E-07      0.7183870000E-12      0.1422460000E-04
0.2506000000E-09      0.2331300000E-06      0.3286730000E-11      0.2500930000E-04
0.6294000000E-09      0.5856290000E-06      0.1446760000E-10      0.4207890000E-04
0.1581000000E-08      0.1470800000E-05      0.6088500000E-10      0.6739699893E-04
0.3972000000E-08      0.3695520000E-05      0.2441020000E-09      0.8516180000E-04
0.5000000000E-08      0.4651930000E-05      0.3282360000E-09      0.1052360000E-03
0.9976000000E-08      0.9283670000E-05      0.8956430000E-09      0.1422520000E-03
0.1990000000E-07      0.1852250000E-04      0.2392340000E-08      0.1863930000E-03
0.3972000000E-07      0.3696080000E-04      0.6278870000E-08      0.2408930000E-03
0.7924000000E-07      0.7376450000E-04      0.1625270000E-07      0.3085620000E-03
0.1581000000E-06      0.1471920000E-03      0.4166770000E-07      0.3417580000E-03
0.1990000000E-06      0.1853370000E-03      0.5453750000E-07      0.3860480000E-03
0.3155000000E-06      0.2937680000E-03      0.1016730000E-06      0.4315500000E-03
0.5000000000E-06      0.4656420000E-03      0.1890530000E-06      0.4889620000E-03
0.6294000000E-06      0.5861890000E-03      0.2577080000E-06      0.5509610000E-03
0.7924000000E-06      0.7382060000E-03      0.3143180000E-06      0.6137740000E-03
0.9976000000E-06      0.9294890000E-03      0.4281610000E-06      0.6540150000E-03
0.1581000000E-05      0.1470000000E-02      0.7939080000E-06      0.7285460000E-03
0.2506000000E-05      0.2340000000E-02      0.1470480000E-05      0.8500470000E-03
0.3972000000E-05      0.3700000000E-02      0.2722510000E-05      0.8906300000E-03
0.5000000000E-05      0.4660000000E-02      0.3533890000E-05      0.9510480000E-03
0.6294000000E-05      0.5870000000E-02      0.4807140000E-05      0.1100000000E-02
0.7924000000E-05      0.7390000000E-02      0.6541010000E-05      0.1180000000E-02
0.9976000000E-05      0.9310000000E-02      0.8894020000E-05      0.1280000000E-02
0.1256000000E-04      0.1172000000E-01      0.1209590000E-04      0.1300000000E-02
0.1581000000E-04      0.1476000000E-01      0.1562230000E-04      0.1320000000E-02
0.1990000000E-04      0.1858000000E-01      0.2124580000E-04      0.1390000000E-02
0.2506000000E-04      0.2340000000E-01      0.2888530000E-04      0.1470000000E-02
0.3155000000E-04      0.2947000000E-01      0.3713020000E-04      0.1550000000E-02
0.3972000000E-04      0.3712000000E-01      0.5048680000E-04      0.1820000000E-02
0.5000000000E-04      0.4674000000E-01      0.6865560000E-04      0.1960000000E-02
0.6294000000E-04      0.5884000000E-01      0.9330920000E-04      0.2110000000E-02
0.7924000000E-04      0.7416000000E-01      0.1268880000E-03      0.2150000000E-02
0.9976000000E-04      0.9334000000E-01      0.1620900000E-03      0.2190000000E-02
0.1105000000E-03      0.1034400000E+00      0.1805020000E-03      0.2220000000E-02
0.1256000000E-03      0.1175700000E+00      0.2053430000E-03      0.2270000000E-02
0.1581000000E-03      0.1480900000E+00      0.2791790000E-03      0.2300000000E-02
0.1990000000E-03      0.1865100000E+00      0.3630010000E-03      0.2350000000E-02
0.2506000000E-03      0.2349200000E+00      0.4704780000E-03      0.2420000000E-02
0.2572000000E-03      0.2411500000E+00      0.4871430000E-03      0.1640000000E-02
0.2670000000E-03      0.2502100000E+00      0.4925360000E-03      0.6323770000E-03
0.3126000000E-03      0.2932300000E+00      0.5213460000E-03      0.6351150000E-03
0.3951000000E-03      0.3707800000E+00      0.5679160000E-03      0.6395500000E-03
0.4759000000E-03      0.4467600000E+00      0.6136960000E-03      0.6456670000E-03
0.5812000000E-03      0.5456200000E+00      0.6758550000E-03      0.6505920000E-03
0.7143000000E-03      0.6709200000E+00      0.7601150000E-03      0.7025890000E-03
0.8786000000E-03      0.8252300000E+00      0.8731850000E-03      0.7646840000E-03
0.1077000000E-02      0.1012500000E+01      0.1020000000E-02      0.8354260000E-03
0.1314000000E-02      0.1235290000E+01      0.1220000000E-02      0.9276850000E-03
0.1748000000E-02      0.1643560000E+01      0.1620000000E-02      0.1000000000E-02
0.2000000000E-02      0.1880850000E+01      0.2000000000E-02      0.1100000000E-02
0.4000000000E-02      0.3764610000E+01      0.4510000000E-02      0.1460000000E-02
0.6000000000E-02      0.5649800000E+01      0.7500000000E-02      0.1680000000E-02
0.8000000000E-02      0.7536070000E+01      0.1086000000E-01      0.1880000000E-02
0.1000000000E-01      0.9423230000E+01      0.1458000000E-01      0.2070000000E-02
0.1200000000E-01      0.1131116000E+02      0.1867000000E-01      0.2280000000E-02
0.1400000000E-01      0.1319982000E+02      0.2318000000E-01      0.2510000000E-02
0.1600000000E-01      0.1508915000E+02      0.2814000000E-01      0.2760000000E-02
0.1800000000E-01      0.1697914000E+02      0.3361000000E-01      0.3040000000E-02
0.2000000000E-01      0.1886976000E+02      0.3965000000E-01      0.3340000000E-02
0.2200000000E-01      0.2076101000E+02      0.4624000000E-01      0.3660000000E-02
0.2400000000E-01      0.2265290000E+02      0.5348000000E-01      0.3990000000E-02
0.2600000000E-01      0.2454541000E+02      0.6133000000E-01      0.4330000000E-02
0.2800000000E-01      0.2643855000E+02      0.6988000000E-01      0.4680000000E-02
0.3000000000E-01      0.2833233000E+02      0.7906000000E-01      0.5030000000E-02
0.3200000000E-01      0.3022674000E+02      0.8895000000E-01      0.5390000000E-02
0.3400000000E-01      0.3212179000E+02      0.9948000000E-01      0.5740000000E-02
0.3600000000E-01      0.3401748000E+02      0.1107200000E+00      0.6090000000E-02
0.3800000000E-01      0.3591381000E+02      0.1225900000E+00      0.6440000000E-02
0.4000000000E-01      0.3781078000E+02      0.1351400000E+00      0.6790000000E-02
0.4200000000E-01      0.3970840000E+02      0.1483400000E+00      0.7110000000E-02
0.4400000000E-01      0.4160666000E+02      0.1621100000E+00      0.7420000000E-02
0.4600000000E-01      0.4350556000E+02      0.1765200000E+00      0.7740000000E-02
0.4800000000E-01      0.4540510000E+02      0.1915000000E+00      0.8040000000E-02
0.5000000000E-01      0.4730528000E+02      0.2070600000E+00      0.8310000000E-02
0.5200000000E-01      0.4920608000E+02      0.2230900000E+00      0.8580000000E-02
0.5400000000E-01      0.5110752000E+02      0.2396900000E+00      0.8870000000E-02
0.5600000000E-01      0.5300958000E+02      0.2568200000E+00      0.9120000000E-02
0.5800000000E-01      0.5491227000E+02      0.2743700000E+00      0.9340000000E-02
0.6000000000E-01      0.5681556000E+02      0.2923800000E+00      0.9690000000E-02
0.6200000000E-01      0.5871946000E+02      0.3101200000E+00      0.1002000000E-01
0.6400000000E-01      0.6062394000E+02      0.3290400000E+00      0.1028000000E-01
0.6600000000E-01      0.6252904000E+02      0.3483400000E+00      0.1069000000E-01
0.6800000000E-01      0.6443473000E+02      0.3679800000E+00      0.1101000000E-01
0.7000000000E-01      0.6634095000E+02      0.3861300000E+00      0.1136000000E-01
0.7200000000E-01      0.6814183342E+02      0.4574315501E+00      0.1742389729E-01
0.7400000000E-01      0.7004783230E+02      0.4913719456E+00      0.1817277036E-01
0.7600000000E-01      0.7195476801E+02      0.5267636081E+00      0.1892837302E-01
0.7800000000E-01      0.7386265428E+02      0.5636213981E+00      0.1969107232E-01
0.8000000000E-01      0.7577150452E+02      0.6019610046E+00      0.2046131919E-01
0.8200000000E-01      0.7768133190E+02      0.6417991005E+00      0.2123964092E-01
0.8400000000E-01      0.7959214934E+02      0.6831534835E+00      0.2202663385E-01
0.8600000000E-01      0.8150396959E+02      0.7260432044E+00      0.2282295613E-01
0.8800000000E-01      0.8341680528E+02      0.7704886822E+00      0.2362932087E-01
0.9000000000E-01      0.8533066894E+02      0.8165118067E+00      0.2444648944E-01
0.9200000000E-01      0.8724557302E+02      0.8641360288E+00      0.2527526506E-01
0.9400000000E-01      0.8916153001E+02      0.9133864402E+00      0.2611648667E-01
0.9600000000E-01      0.9107855236E+02      0.9642898409E+00      0.2697102313E-01
0.9800000000E-01      0.9299665262E+02      0.1016874796E+01      0.2783976764E-01
0.1000000000E+00      0.9491584342E+02      0.1071171685E+01      0.2872363252E-01
0.1020000000E+00      0.9683613750E+02      0.1127212737E+01      0.2962354429E-01
0.1040000000E+00      0.9875754776E+02      0.1185032065E+01      0.3054043895E-01
0.1060000000E+00      0.1006800873E+03      0.1244665679E+01      0.3147525766E-01
0.1080000000E+00      0.1026037693E+03      0.1306151507E+01      0.3242894263E-01
0.1100000000E+00      0.1045286074E+03      0.1369529393E+01      0.3340243332E-01
0.1120000000E+00      0.1064546153E+03      0.1434841103E+01      0.3439666288E-01
0.1140000000E+00      0.1083818070E+03      0.1502130311E+01      0.3541255483E-01
0.1160000000E+00      0.1103101928E+03      0.1570692319E+01      0.3571472916E-01
0.1180000000E+00      0.1122397679E+03      0.1640273201E+01      0.3641906482E-01
0.1200000000E+00      0.1141705352E+03      0.1711400066E+01      0.3725205187E-01
0.1220000000E+00      0.1161025021E+03      0.1784258652E+01      0.3815958511E-01
0.1240000000E+00      0.1180356784E+03      0.1858975108E+01      0.3912356302E-01
0.1260000000E+00      0.1199700755E+03      0.1935652104E+01      0.4013558826E-01
0.1280000000E+00      0.1219057058E+03      0.2014380677E+01      0.4119115120E-01
0.1300000000E+00      0.1238425829E+03      0.2095245453E+01      0.4228763722E-01
0.1320000000E+00      0.1257807208E+03      0.2178327356E+01      0.4342347239E-01
0.1340000000E+00      0.1277201349E+03      0.2263705153E+01      0.4459770104E-01
0.1360000000E+00      0.1296608409E+03      0.2351456406E+01      0.4580975518E-01
0.1380000000E+00      0.1316028551E+03      0.2441658074E+01      0.4705931871E-01
0.1400000000E+00      0.1335461949E+03      0.2534386919E+01      0.4834624276E-01
0.1420000000E+00      0.1354908778E+03      0.2629719776E+01      0.4967049047E-01
0.1440000000E+00      0.1374369221E+03      0.2727733738E+01      0.5103209948E-01
0.1460000000E+00      0.1393843468E+03      0.2828506276E+01      0.5243115576E-01
0.1480000000E+00      0.1413331712E+03      0.2932115326E+01      0.5386777470E-01
0.1500000000E+00      0.1432834153E+03      0.3038639333E+01      0.5534208733E-01
0.1520000000E+00      0.1452350996E+03      0.3148157282E+01      0.5685422994E-01
0.1540000000E+00      0.1471882449E+03      0.3260748856E+01      0.5840751310E-01
0.1560000000E+00      0.1491428728E+03      0.3376493838E+01      0.5999576491E-01
0.1580000000E+00      0.1510990052E+03      0.3495472984E+01      0.6162221670E-01
0.1600000000E+00      0.1530566646E+03      0.3617767414E+01      0.6328696329E-01
0.1620000000E+00      0.1550158737E+03      0.3743458728E+01      0.6499007963E-01
0.1640000000E+00      0.1569766559E+03      0.3872628974E+01      0.6673161854E-01
0.1660000000E+00      0.1589390350E+03      0.4005360613E+01      0.6851160890E-01
0.1680000000E+00      0.1609030350E+03      0.4141736473E+01      0.7033005431E-01
0.1700000000E+00      0.1628686807E+03      0.4281839711E+01      0.7218693202E-01
0.1720000000E+00      0.1648359969E+03      0.4425753767E+01      0.7408219216E-01
0.1740000000E+00      0.1668050089E+03      0.4573562197E+01      0.7601342933E-01
0.1760000000E+00      0.1687757427E+03      0.4725349103E+01      0.7798517622E-01
0.1780000000E+00      0.1707482243E+03      0.4881198373E+01      0.7999498906E-01
0.1800000000E+00      0.1727224802E+03      0.5041194104E+01      0.8204270577E-01
0.1820000000E+00      0.1746985372E+03      0.5205420437E+01      0.8412813597E-01
0.1840000000E+00      0.1766764224E+03      0.5373961506E+01      0.8625106123E-01
0.1860000000E+00      0.1786561634E+03      0.5546901393E+01      0.8841123526E-01
0.1880000000E+00      0.1806377880E+03      0.5724324072E+01      0.9060838427E-01
0.1900000000E+00      0.1826213242E+03      0.5906313370E+01      0.9284220738E-01
0.1920000000E+00      0.1846068004E+03      0.6092952912E+01      0.9511237707E-01
0.1940000000E+00      0.1865942453E+03      0.6284326076E+01      0.9741853971E-01
0.1960000000E+00      0.1885836879E+03      0.6480515949E+01      0.9976031614E-01
0.1980000000E+00      0.1905751572E+03      0.6681605278E+01      0.1021373023E+00
0.2000000000E+00      0.1925686828E+03      0.6887676428E+01      0.1045490699E+00
0.2020000000E+00      0.1945642943E+03      0.7098811335E+01      0.1069951672E+00
0.2040000000E+00      0.1965620216E+03      0.7315091471E+01      0.1094751916E+00
0.2060000000E+00      0.1985618948E+03      0.7536597784E+01      0.1119885024E+00
0.2080000000E+00      0.2005639443E+03      0.7763410683E+01      0.1145346536E+00
0.2100000000E+00      0.2025682003E+03      0.7995609980E+01      0.1171131072E+00
0.2120000000E+00      0.2045746937E+03      0.8233274860E+01      0.1197233053E+00
0.2140000000E+00      0.2065834553E+03      0.8476483838E+01      0.1223646714E+00
0.2160000000E+00      0.2085945161E+03      0.8725314731E+01      0.1250366113E+00
0.2180000000E+00      0.2106079070E+03      0.8979844617E+01      0.1277385136E+00
0.2200000000E+00      0.2126236596E+03      0.9240149807E+01      0.1304697511E+00
0.2220000000E+00      0.2146418050E+03      0.9506305808E+01      0.1332296815E+00
0.2240000000E+00      0.2166623748E+03      0.9778387298E+01      0.1360176481E+00
0.2260000000E+00      0.2186854006E+03      0.1005646810E+02      0.1388329811E+00
0.2280000000E+00      0.2207109140E+03      0.1034062113E+02      0.1416749983E+00
0.2300000000E+00      0.2227389469E+03      0.1063091841E+02      0.1445430058E+00
0.2320000000E+00      0.2247695310E+03      0.1092743103E+02      0.1474362997E+00
0.2340000000E+00      0.2268026982E+03      0.1123022909E+02      0.1503541659E+00
0.2360000000E+00      0.2288384806E+03      0.1153938173E+02      0.1532958820E+00
0.2380000000E+00      0.2308769100E+03      0.1185495707E+02      0.1562607178E+00
0.2400000000E+00      0.2329180184E+03      0.1217702222E+02      0.1592479359E+00
0.2420000000E+00      0.2349618380E+03      0.1250564324E+02      0.1622567931E+00
0.2440000000E+00      0.2370084007E+03      0.1284088515E+02      0.1652866234E+00
0.2460000000E+00      0.2390577386E+03      0.1318281185E+02      0.1683365090E+00
0.2480000000E+00      0.2411098838E+03      0.1353148622E+02      0.1714057766E+00
0.2500000000E+00      0.2431648682E+03      0.1388696998E+02      0.1744936673E+00
0.2520000000E+00      0.2452227238E+03      0.1424932379E+02      0.1775994206E+00
0.2540000000E+00      0.2472834828E+03      0.1461860715E+02      0.1807222748E+00
0.2560000000E+00      0.2493471768E+03      0.1499487846E+02      0.1838614681E+00
0.2580000000E+00      0.2514138380E+03      0.1537819497E+02      0.1870162392E+00
0.2600000000E+00      0.2534834980E+03      0.1576861279E+02      0.1901858279E+00
0.2620000000E+00      0.2555561887E+03      0.1616618688E+02      0.1933694762E+00
0.2640000000E+00      0.2576319418E+03      0.1657097106E+02      0.1965664285E+00
0.2660000000E+00      0.2597107889E+03      0.1698301799E+02      0.1997759325E+00
0.2680000000E+00      0.2617927614E+03      0.1740237918E+02      0.2029972401E+00
0.2700000000E+00      0.2638778910E+03      0.1782910496E+02      0.2062296075E+00
0.2720000000E+00      0.2659662089E+03      0.1826324454E+02      0.2094722962E+00
0.2740000000E+00      0.2680577463E+03      0.1870484596E+02      0.2127245732E+00
0.2760000000E+00      0.2701525345E+03      0.1915395611E+02      0.2159857121E+00
0.2780000000E+00      0.2722506043E+03      0.1961062071E+02      0.2192549930E+00
0.2800000000E+00      0.2743519868E+03      0.2007488438E+02      0.2225317035E+00
0.2820000000E+00      0.2764567127E+03      0.2054679056E+02      0.2258151388E+00
0.2840000000E+00      0.2785648127E+03      0.2102638159E+02      0.2291046024E+00
0.2860000000E+00      0.2806763172E+03      0.2151369865E+02      0.2323994062E+00
0.2880000000E+00      0.2827912566E+03      0.2200878182E+02      0.2356988714E+00
0.2900000000E+00      0.2849096611E+03      0.2251167008E+02      0.2390023283E+00
0.2920000000E+00      0.2870315608E+03      0.2302240128E+02      0.2423092004E+00
0.2940000000E+00      0.2891569856E+03      0.2354101218E+02      0.2456186708E+00
0.2960000000E+00      0.2912859652E+03      0.2406753849E+02      0.2489301839E+00
0.2980000000E+00      0.2934185293E+03      0.2460201481E+02      0.2522431107E+00
0.3000000000E+00      0.2955547071E+03      0.2514447469E+02      0.2555568333E+00
0.3020000000E+00      0.2976945281E+03      0.2569495063E+02      0.2588707448E+00
0.3040000000E+00      0.2998380212E+03      0.2625347413E+02      0.2621760341E+00
0.3060000000E+00      0.3019852153E+03      0.2682007556E+02      0.2654908543E+00
0.3080000000E+00      0.3041361391E+03      0.2739478438E+02      0.2688017151E+00
0.3100000000E+00      0.3062908212E+03      0.2797762902E+02      0.2721104516E+00
0.3120000000E+00      0.3084492898E+03      0.2856863690E+02      0.2754165149E+00
0.3140000000E+00      0.3106115732E+03      0.2916783450E+02      0.2787193684E+00
0.3160000000E+00      0.3127776992E+03      0.2977524733E+02      0.2820184874E+00
0.3180000000E+00      0.3149476956E+03      0.3039089994E+02      0.2853133595E+00
0.3200000000E+00      0.3171215901E+03      0.3101481597E+02      0.2886034844E+00
0.3220000000E+00      0.3192994098E+03      0.3164701814E+02      0.2918883740E+00
0.3240000000E+00      0.3214811820E+03      0.3228752827E+02      0.2951675528E+00
0.3260000000E+00      0.3236669337E+03      0.3293636731E+02      0.2984405572E+00
0.3280000000E+00      0.3258566916E+03      0.3359355531E+02      0.3017069361E+00
0.3300000000E+00      0.3280504821E+03      0.3425911150E+02      0.3049662506E+00
0.3320000000E+00      0.3302483317E+03      0.3493305424E+02      0.3082180739E+00
0.3340000000E+00      0.3324502665E+03      0.3561540110E+02      0.3114619915E+00
0.3360000000E+00      0.3346563124E+03      0.3630616883E+02      0.3146976009E+00
0.3380000000E+00      0.3368664951E+03      0.3700537337E+02      0.3179245117E+00
0.3400000000E+00      0.3390808400E+03      0.3771302992E+02      0.3211423452E+00
0.3420000000E+00      0.3412993725E+03      0.3842915290E+02      0.3243507349E+00
0.3440000000E+00      0.3435221177E+03      0.3915375598E+02      0.3275493257E+00
0.3460000000E+00      0.3457491003E+03      0.3988685211E+02      0.3307377744E+00
0.3480000000E+00      0.3479803450E+03      0.4062845353E+02      0.3339157490E+00
0.3500000000E+00      0.3502158760E+03      0.4137857185E+02      0.3370864941E+00
0.3520000000E+00      0.3524557179E+03      0.4213721779E+02      0.3402425890E+00
0.3540000000E+00      0.3546998946E+03      0.4290440162E+02      0.3433872814E+00
0.3560000000E+00      0.3569484297E+03      0.4368013286E+02      0.3465202838E+00
0.3580000000E+00      0.3592013469E+03      0.4446442041E+02      0.3496413200E+00
0.3600000000E+00      0.3614586695E+03      0.4525727257E+02      0.3527501240E+00
0.3620000000E+00      0.3637204204E+03      0.4605869718E+02      0.3558499465E+00
0.3640000000E+00      0.3659866232E+03      0.4686870078E+02      0.3589300244E+00
0.3660000000E+00      0.3682572999E+03      0.4768729042E+02      0.3620006411E+00
0.3680000000E+00      0.3705324732E+03      0.4851447185E+02      0.3650580653E+00
0.3700000000E+00      0.3728121654E+03      0.4935025047E+02      0.3681020820E+00
0.3720000000E+00      0.3750963985E+03      0.5019463112E+02      0.3711324853E+00
0.3740000000E+00      0.3773851944E+03      0.5104761814E+02      0.3741490792E+00
0.3760000000E+00      0.3796785748E+03      0.5190921536E+02      0.3771516767E+00
0.3780000000E+00      0.3819765610E+03      0.5277942609E+02      0.3801401358E+00
0.3800000000E+00      0.3842791743E+03      0.5365825320E+02      0.3831141792E+00
0.3820000000E+00      0.3865864357E+03      0.5454569905E+02      0.3860737547E+00
0.3840000000E+00      0.3888983659E+03      0.5544176557E+02      0.3890186743E+00
0.3860000000E+00      0.3912149855E+03      0.5634645424E+02      0.3919487941E+00
0.3880000000E+00      0.3935363150E+03      0.5725976610E+02      0.3948639788E+00
0.3900000000E+00      0.3958623745E+03      0.5818170179E+02      0.3977641004E+00
0.3920000000E+00      0.3981931840E+03      0.5911226152E+02      0.4006490392E+00
0.3940000000E+00      0.4005287632E+03      0.6005144513E+02      0.4035186826E+00
0.3960000000E+00      0.4028691317E+03      0.6099925205E+02      0.4063729257E+00
0.3980000000E+00      0.4052143088E+03      0.6195568136E+02      0.4092116704E+00
0.4000000000E+00      0.4075643138E+03      0.6292073176E+02      0.4120348259E+00
0.4020000000E+00      0.4099191656E+03      0.6389440162E+02      0.4148423080E+00
0.4040000000E+00      0.4122788829E+03      0.6487668895E+02      0.4176340392E+00
0.4060000000E+00      0.4146434843E+03      0.6586759143E+02      0.4204099485E+00
0.4080000000E+00      0.4170129883E+03      0.6686710645E+02      0.4231699712E+00
0.4100000000E+00      0.4193874129E+03      0.6787523107E+02      0.4259140484E+00
0.4120000000E+00      0.4217667761E+03      0.6889196203E+02      0.4286421275E+00
0.4140000000E+00      0.4241510958E+03      0.6991729582E+02      0.4313541615E+00
0.4160000000E+00      0.4265403896E+03      0.7095122862E+02      0.4340501088E+00
0.4180000000E+00      0.4289346749E+03      0.7199375636E+02      0.4367299336E+00
0.4200000000E+00      0.4313339688E+03      0.7304487469E+02      0.4393936052E+00
0.4220000000E+00      0.4337382886E+03      0.7410457901E+02      0.4420320016E+00
0.4240000000E+00      0.4361476509E+03      0.7517286448E+02      0.4446631917E+00
0.4260000000E+00      0.4385620726E+03      0.7624972603E+02      0.4472781664E+00
0.4280000000E+00      0.4409815700E+03      0.7733515834E+02      0.4498769144E+00
0.4300000000E+00      0.4434061595E+03      0.7842915590E+02      0.4524594291E+00
0.4320000000E+00      0.4458358574E+03      0.7953171294E+02      0.4550257081E+00
0.4340000000E+00      0.4482706794E+03      0.8064282354E+02      0.4575757530E+00
0.4360000000E+00      0.4507106414E+03      0.8176248155E+02      0.4601095697E+00
0.4380000000E+00      0.4531557591E+03      0.8289068063E+02      0.4626271680E+00
0.4400000000E+00      0.4556060478E+03      0.8402741426E+02      0.4651285615E+00
0.4420000000E+00      0.4580615229E+03      0.8517267575E+02      0.4676137673E+00
0.4440000000E+00      0.4605221994E+03      0.8632645824E+02      0.4700828063E+00
0.4460000000E+00      0.4629880923E+03      0.8748875469E+02      0.4725357024E+00
0.4480000000E+00      0.4654592164E+03      0.8865955791E+02      0.4749724832E+00
0.4500000000E+00      0.4679355863E+03      0.8983886058E+02      0.4773931792E+00
0.4520000000E+00      0.4704172163E+03      0.9102665520E+02      0.4797978240E+00
0.4540000000E+00      0.4729041208E+03      0.9222293416E+02      0.4821864542E+00
0.4560000000E+00      0.4753963140E+03      0.9342768969E+02      0.4845591091E+00
0.4580000000E+00      0.4778938097E+03      0.9464091393E+02      0.4869158306E+00
0.4600000000E+00      0.4803966218E+03      0.9586259885E+02      0.4892566636E+00
0.4620000000E+00      0.4829047640E+03      0.9709273634E+02      0.4915816403E+00
0.4640000000E+00      0.4854182497E+03      0.9833131816E+02      0.4938908399E+00
0.4660000000E+00      0.4879370923E+03      0.9957833597E+02      0.4961842993E+00
0.4680000000E+00      0.4904613050E+03      0.1008337813E+03      0.4984620725E+00
0.4700000000E+00      0.4929909008E+03      0.1020976457E+03      0.5007242156E+00
0.4720000000E+00      0.4955258926E+03      0.1033699204E+03      0.5029707867E+00
0.4740000000E+00      0.4980662933E+03      0.1046505967E+03      0.5052018460E+00
0.4760000000E+00      0.5006121153E+03      0.1059396659E+03      0.5074174552E+00
0.4780000000E+00      0.5031633712E+03      0.1072371190E+03      0.5096176779E+00
0.4800000000E+00      0.5057200733E+03      0.1085429471E+03      0.5118025794E+00
0.4820000000E+00      0.5082822337E+03      0.1098571411E+03      0.5139722266E+00
0.4840000000E+00      0.5108498646E+03      0.1111796920E+03      0.5161266880E+00
0.4860000000E+00      0.5134229778E+03      0.1125105905E+03      0.5182660332E+00
0.4880000000E+00      0.5160015851E+03      0.1138498274E+03      0.5203903336E+00
0.4900000000E+00      0.5185856982E+03      0.1151973934E+03      0.5224996615E+00
0.4920000000E+00      0.5211753285E+03      0.1165532792E+03      0.5245940907E+00
0.4940000000E+00      0.5237704874E+03      0.1179174754E+03      0.5266736961E+00
0.4960000000E+00      0.5263711862E+03      0.1192899726E+03      0.5287385535E+00
0.4980000000E+00      0.5289774359E+03      0.1206707612E+03      0.5307887401E+00
0.5000000000E+00      0.5315892476E+03      0.1220598317E+03      0.5328243337E+00
0.5020000000E+00      0.5342066322E+03      0.1234571746E+03      0.5348454134E+00
0.5040000000E+00      0.5368296002E+03      0.1248627802E+03      0.5368520586E+00
0.5060000000E+00      0.5394581625E+03      0.1262766390E+03      0.5388443501E+00
0.5080000000E+00      0.5420923294E+03      0.1276987411E+03      0.5408223692E+00
0.5100000000E+00      0.5447321114E+03      0.1291290770E+03      0.5427861977E+00
0.5120000000E+00      0.5473775186E+03      0.1305676370E+03      0.5447359183E+00
0.5140000000E+00      0.5500285613E+03      0.1320144112E+03      0.5466716143E+00
0.5160000000E+00      0.5526852494E+03      0.1334693899E+03      0.5485933695E+00
0.5180000000E+00      0.5553475928E+03      0.1349325633E+03      0.5505012681E+00
0.5200000000E+00      0.5580156013E+03      0.1364039217E+03      0.5523953949E+00
0.5220000000E+00      0.5606892846E+03      0.1378834551E+03      0.5542758351E+00
0.5240000000E+00      0.5633686518E+03      0.1393711543E+03      0.5561537122E+00
0.5260000000E+00      0.5660537133E+03      0.1408670085E+03      0.5580070849E+00
0.5280000000E+00      0.5687444779E+03      0.1423710082E+03      0.5598470283E+00
0.5300000000E+00      0.5714409548E+03      0.1438831437E+03      0.5616736287E+00
0.5320000000E+00      0.5741431533E+03      0.1454034051E+03      0.5634869730E+00
0.5340000000E+00      0.5768510823E+03      0.1469317825E+03      0.5652871479E+00
0.5360000000E+00      0.5795647508E+03      0.1484682660E+03      0.5670742407E+00
0.5380000000E+00      0.5822841675E+03      0.1500128458E+03      0.5688483385E+00
0.5400000000E+00      0.5850093411E+03      0.1515655121E+03      0.5706095286E+00
0.5420000000E+00      0.5877402804E+03      0.1531262549E+03      0.5723578985E+00
0.5440000000E+00      0.5904769937E+03      0.1546950645E+03      0.5740935355E+00
0.5460000000E+00      0.5932194895E+03      0.1562719309E+03      0.5758165272E+00
0.5480000000E+00      0.5959677761E+03      0.1578568444E+03      0.5775269610E+00
0.5500000000E+00      0.5987218617E+03      0.1594497951E+03      0.5792249244E+00
0.5520000000E+00      0.6014817544E+03      0.1610507731E+03      0.5809105046E+00
0.5540000000E+00      0.6042474624E+03      0.1626597688E+03      0.5825837891E+00
0.5560000000E+00      0.6070189934E+03      0.1642767722E+03      0.5842448650E+00
0.5580000000E+00      0.6097963554E+03      0.1659017737E+03      0.5858938194E+00
0.5600000000E+00      0.6125795560E+03      0.1675347634E+03      0.5875307393E+00
0.5620000000E+00      0.6153686031E+03      0.1691757315E+03      0.5891557114E+00
0.5640000000E+00      0.6181635040E+03      0.1708246684E+03      0.5907688223E+00
0.5660000000E+00      0.6209642663E+03      0.1724815644E+03      0.5923701584E+00
0.5680000000E+00      0.6237708975E+03      0.1741464097E+03      0.5939598059E+00
0.5700000000E+00      0.6265834047E+03      0.1758191947E+03      0.5955378508E+00
0.5720000000E+00      0.6294017953E+03      0.1774999096E+03      0.5971043694E+00
0.5740000000E+00      0.6322260764E+03      0.1791885450E+03      0.5986594660E+00
0.5760000000E+00      0.6350562549E+03      0.1808850911E+03      0.6002032163E+00
0.5780000000E+00      0.6378923380E+03      0.1825895383E+03      0.6017357052E+00
0.5800000000E+00      0.6407343325E+03      0.1843018772E+03      0.6032570172E+00
0.5820000000E+00      0.6435822452E+03      0.1860220981E+03      0.6047672366E+00
0.5840000000E+00      0.6464360828E+03      0.1877501915E+03      0.6062664474E+00
0.5860000000E+00      0.6492958520E+03      0.1894861480E+03      0.6077547331E+00
0.5880000000E+00      0.6521615594E+03      0.1912299581E+03      0.6092321770E+00
0.5900000000E+00      0.6550332114E+03      0.1929816123E+03      0.6106988620E+00
0.5920000000E+00      0.6579108146E+03      0.1947411012E+03      0.6121548705E+00
0.5940000000E+00      0.6607943751E+03      0.1965084155E+03      0.6136002848E+00
0.5960000000E+00      0.6636838994E+03      0.1982835458E+03      0.6150351867E+00
0.5980000000E+00      0.6665793936E+03      0.2000664828E+03      0.6164596573E+00
0.6000000000E+00      0.6694808638E+03      0.2018572171E+03      0.6178737777E+00
0.6020000000E+00      0.6723883161E+03      0.2036557396E+03      0.6192776285E+00
0.6040000000E+00      0.6753017565E+03      0.2054620409E+03      0.6206712897E+00
0.6060000000E+00      0.6782211909E+03      0.2072761119E+03      0.6220548411E+00
0.6080000000E+00      0.6811466252E+03      0.2090979434E+03      0.6234283618E+00
0.6100000000E+00      0.6840780650E+03      0.2109275263E+03      0.6247919308E+00
0.6120000000E+00      0.6870155162E+03      0.2127648515E+03      0.6261456265E+00
0.6140000000E+00      0.6899589843E+03      0.2146099098E+03      0.6274895267E+00
0.6160000000E+00      0.6929084750E+03      0.2164626922E+03      0.6288237090E+00
0.6180000000E+00      0.6958639937E+03      0.2183231898E+03      0.6301482504E+00
0.6200000000E+00      0.6988255460E+03      0.2201913935E+03      0.6314632274E+00
0.6220000000E+00      0.7017931371E+03      0.2220672945E+03      0.6327687162E+00
0.6240000000E+00      0.7047667724E+03      0.2239508838E+03      0.6340647925E+00
0.6260000000E+00      0.7077464571E+03      0.2258421525E+03      0.6353515313E+00
0.6280000000E+00      0.7107321965E+03      0.2277410918E+03      0.6366290074E+00
0.6300000000E+00      0.7137239957E+03      0.2296476928E+03      0.6378972950E+00
0.6320000000E+00      0.7167218597E+03      0.2315619470E+03      0.6391564678E+00
0.6340000000E+00      0.7197257936E+03      0.2334838454E+03      0.6404065992E+00
0.6360000000E+00      0.7227358023E+03      0.2354133794E+03      0.6416477618E+00
0.6380000000E+00      0.7257518907E+03      0.2373505403E+03      0.6428800280E+00
0.6400000000E+00      0.7287740637E+03      0.2392953195E+03      0.6441034696E+00
0.6420000000E+00      0.7318023259E+03      0.2412477085E+03      0.6453181579E+00
0.6440000000E+00      0.7348366823E+03      0.2432076986E+03      0.6465241637E+00
0.6460000000E+00      0.7378771373E+03      0.2451752813E+03      0.6477215574E+00
0.6480000000E+00      0.7409236957E+03      0.2471504482E+03      0.6489104088E+00
0.6500000000E+00      0.7439763619E+03      0.2491331909E+03      0.6500907873E+00
0.6520000000E+00      0.7470351406E+03      0.2511235008E+03      0.6512627618E+00
0.6540000000E+00      0.7501000361E+03      0.2531213697E+03      0.6524264006E+00
0.6560000000E+00      0.7531710528E+03      0.2551267891E+03      0.6535817717E+00
0.6580000000E+00      0.7562481951E+03      0.2571397509E+03      0.6547289424E+00
0.6600000000E+00      0.7593314673E+03      0.2591602467E+03      0.6558679796E+00
0.6620000000E+00      0.7624208735E+03      0.2611882684E+03      0.6569989498E+00
0.6640000000E+00      0.7655164181E+03      0.2632238076E+03      0.6581219189E+00
0.6660000000E+00      0.7686181052E+03      0.2652668564E+03      0.6592369523E+00
0.6680000000E+00      0.7717259388E+03      0.2673174065E+03      0.6603441150E+00
0.6700000000E+00      0.7748399230E+03      0.2693754499E+03      0.6614434714E+00
0.6720000000E+00      0.7779600618E+03      0.2714409786E+03      0.6625350856E+00
0.6740000000E+00      0.7810863591E+03      0.2735139845E+03      0.6636190209E+00
0.6760000000E+00      0.7842188188E+03      0.2755944597E+03      0.6646953405E+00
0.6780000000E+00      0.7873574448E+03      0.2776823962E+03      0.6657641069E+00
0.6800000000E+00      0.7905022410E+03      0.2797777863E+03      0.6668253820E+00
0.6820000000E+00      0.7936532109E+03      0.2818806219E+03      0.6678792275E+00
0.6840000000E+00      0.7968103585E+03      0.2839908954E+03      0.6689257045E+00
0.6860000000E+00      0.7999736873E+03      0.2861085989E+03      0.6699648736E+00
0.6880000000E+00      0.8031432010E+03      0.2882337247E+03      0.6709967948E+00
0.6900000000E+00      0.8063189032E+03      0.2903662650E+03      0.6720215280E+00
0.6920000000E+00      0.8095007974E+03      0.2925062123E+03      0.6730391322E+00
0.6940000000E+00      0.8126888871E+03      0.2946535589E+03      0.6740496662E+00
0.6960000000E+00      0.8158831757E+03      0.2968082972E+03      0.6750531882E+00
0.6980000000E+00      0.8190836668E+03      0.2989704196E+03      0.6760497562E+00
0.7000000000E+00      0.8222903636E+03      0.3011399186E+03      0.6770394273E+00
0.7020000000E+00      0.8255032695E+03      0.3033167868E+03      0.6780222585E+00
0.7040000000E+00      0.8287223878E+03      0.3055010167E+03      0.6789983061E+00
0.7060000000E+00      0.8319477218E+03      0.3076926009E+03      0.6799676262E+00
0.7080000000E+00      0.8351792746E+03      0.3098915320E+03      0.6809302743E+00
0.7100000000E+00      0.8384170494E+03      0.3120978027E+03      0.6818863053E+00
0.7120000000E+00      0.8416610494E+03      0.3143114057E+03      0.6828357739E+00
0.7140000000E+00      0.8449112777E+03      0.3165323338E+03      0.6837787344E+00
0.7160000000E+00      0.8481677373E+03      0.3187605796E+03      0.6847152403E+00
0.7180000000E+00      0.8514304313E+03      0.3209961361E+03      0.6856453449E+00
0.7200000000E+00      0.8546993627E+03      0.3232389961E+03      0.6865691012E+00
0.7220000000E+00      0.8579745343E+03      0.3254891524E+03      0.6874865615E+00
0.7240000000E+00      0.8612559492E+03      0.3277465981E+03      0.6883977778E+00
0.7260000000E+00      0.8645436101E+03      0.3300113259E+03      0.6893028016E+00
0.7280000000E+00      0.8678375200E+03      0.3322833290E+03      0.6902016839E+00
0.7300000000E+00      0.8711376816E+03      0.3345626004E+03      0.6910944757E+00
0.7320000000E+00      0.8744440978E+03      0.3368491331E+03      0.6919812269E+00
0.7340000000E+00      0.8777567712E+03      0.3391429203E+03      0.6928619837E+00
0.7360000000E+00      0.8810757047E+03      0.3414439550E+03      0.6937368034E+00
0.7380000000E+00      0.8844009007E+03      0.3437522305E+03      0.6946057308E+00
0.7400000000E+00      0.8877323621E+03      0.3460677400E+03      0.6954688147E+00
0.7420000000E+00      0.8910700913E+03      0.3483904766E+03      0.6963261033E+00
0.7440000000E+00      0.8944140911E+03      0.3507204338E+03      0.6971776443E+00
0.7460000000E+00      0.8977643638E+03      0.3530576047E+03      0.6980234851E+00
0.7480000000E+00      0.9011209121E+03      0.3554019828E+03      0.6988636728E+00
0.7500000000E+00      0.9044837384E+03      0.3577535615E+03      0.6996982538E+00
0.7520000000E+00      0.9078528452E+03      0.3601123341E+03      0.7005272744E+00
0.7540000000E+00      0.9112282349E+03      0.3624782941E+03      0.7013507804E+00
0.7560000000E+00      0.9146099098E+03      0.3648514350E+03      0.7021688171E+00
0.7580000000E+00      0.9179978724E+03      0.3672317504E+03      0.7029814297E+00
0.7600000000E+00      0.9213921249E+03      0.3696192337E+03      0.7037886627E+00
0.7620000000E+00      0.9247926698E+03      0.3720138787E+03      0.7045905605E+00
0.7640000000E+00      0.9281995092E+03      0.3744156788E+03      0.7053871668E+00
0.7660000000E+00      0.9316126453E+03      0.3768246278E+03      0.7061785253E+00
0.7680000000E+00      0.9350320805E+03      0.3792407193E+03      0.7069646789E+00
0.7700000000E+00      0.9384578169E+03      0.3816639472E+03      0.7077456706E+00
0.7720000000E+00      0.9418898566E+03      0.3840943051E+03      0.7085215427E+00
0.7740000000E+00      0.9453282019E+03      0.3865317869E+03      0.7092923372E+00
0.7760000000E+00      0.9487728547E+03      0.3889763864E+03      0.7100580958E+00
0.7780000000E+00      0.9522238172E+03      0.3914280974E+03      0.7108188598E+00
0.7800000000E+00      0.9556810914E+03      0.3938869138E+03      0.7115746702E+00
0.7820000000E+00      0.9591446794E+03      0.3963528296E+03      0.7123255676E+00
0.7840000000E+00      0.9626145832E+03      0.3988258388E+03      0.7130715923E+00
0.7860000000E+00      0.9660908047E+03      0.4013059353E+03      0.7138127841E+00
0.7880000000E+00      0.9695733459E+03      0.4037931132E+03      0.7145491826E+00
0.7900000000E+00      0.9730622087E+03      0.4062873664E+03      0.7152808271E+00
0.7920000000E+00      0.9765573950E+03      0.4087886892E+03      0.7160077565E+00
0.7940000000E+00      0.9800589067E+03      0.4112970757E+03      0.7167300092E+00
0.7960000000E+00      0.9835667456E+03      0.4138125199E+03      0.7174476235E+00
0.7980000000E+00      0.9870809137E+03      0.4163350162E+03      0.7181606373E+00
0.8000000000E+00      0.9906014126E+03      0.4188645587E+03      0.7188690882E+00
0.8020000000E+00      0.9941282441E+03      0.4214011416E+03      0.7195730134E+00
0.8040000000E+00      0.9976614101E+03      0.4239447593E+03      0.7202724498E+00
0.8060000000E+00      0.1001200912E+04      0.4264954060E+03      0.7209674339E+00
0.8080000000E+00      0.1004746752E+04      0.4290530762E+03      0.7216580021E+00
0.8100000000E+00      0.1008298932E+04      0.4316177642E+03      0.7223441903E+00
0.8120000000E+00      0.1011857452E+04      0.4341894644E+03      0.7230260342E+00
0.8140000000E+00      0.1015422316E+04      0.4367681713E+03      0.7237035691E+00
0.8160000000E+00      0.1018993524E+04      0.4393538793E+03      0.7243768300E+00
0.8180000000E+00      0.1022571078E+04      0.4419465829E+03      0.7250458517E+00
0.8200000000E+00      0.1026154980E+04      0.4445462767E+03      0.7257106686E+00
0.8220000000E+00      0.1029745231E+04      0.4471529552E+03      0.7263713147E+00
0.8240000000E+00      0.1033341833E+04      0.4497666131E+03      0.7270278240E+00
0.8260000000E+00      0.1036944787E+04      0.4523872449E+03      0.7276802300E+00
0.8280000000E+00      0.1040554095E+04      0.4550148454E+03      0.7283285658E+00
0.8300000000E+00      0.1044169759E+04      0.4576494091E+03      0.7289728646E+00
0.8320000000E+00      0.1047791779E+04      0.4602909309E+03      0.7296131588E+00
0.8340000000E+00      0.1051420157E+04      0.4629394055E+03      0.7302494810E+00
0.8360000000E+00      0.1055054895E+04      0.4655948276E+03      0.7308818631E+00
0.8380000000E+00      0.1058695993E+04      0.4682571920E+03      0.7315103371E+00
0.8400000000E+00      0.1062343454E+04      0.4709264936E+03      0.7321349345E+00
0.8420000000E+00      0.1065997279E+04      0.4736027273E+03      0.7327556864E+00
0.8440000000E+00      0.1069657469E+04      0.4762858879E+03      0.7333726240E+00
0.8460000000E+00      0.1073324025E+04      0.4789759704E+03      0.7339857780E+00
0.8480000000E+00      0.1076996949E+04      0.4816729697E+03      0.7345951787E+00
0.8500000000E+00      0.1080676242E+04      0.4843768807E+03      0.7352008565E+00
0.8520000000E+00      0.1084361906E+04      0.4870876986E+03      0.7358028412E+00
0.8540000000E+00      0.1088053941E+04      0.4898054184E+03      0.7364011625E+00
0.8560000000E+00      0.1091752348E+04      0.4925300350E+03      0.7369958498E+00
0.8580000000E+00      0.1095457130E+04      0.4952615436E+03      0.7375869323E+00
0.8600000000E+00      0.1099168286E+04      0.4979999394E+03      0.7381744388E+00
0.8620000000E+00      0.1102885819E+04      0.5007452174E+03      0.7387583980E+00
0.8640000000E+00      0.1106609730E+04      0.5034973729E+03      0.7393388384E+00
0.8660000000E+00      0.1110340019E+04      0.5062564010E+03      0.7399157880E+00
0.8680000000E+00      0.1114076689E+04      0.5090222970E+03      0.7404892747E+00
0.8700000000E+00      0.1117819739E+04      0.5117950562E+03      0.7410593263E+00
0.8720000000E+00      0.1121569171E+04      0.5145746738E+03      0.7416259701E+00
0.8740000000E+00      0.1125324986E+04      0.5173611451E+03      0.7421892333E+00
0.8760000000E+00      0.1129087185E+04      0.5201544655E+03      0.7427491429E+00
0.8780000000E+00      0.1132855770E+04      0.5229546304E+03      0.7433057256E+00
0.8800000000E+00      0.1136630741E+04      0.5257616351E+03      0.7438590078E+00
0.8820000000E+00      0.1140412099E+04      0.5285754751E+03      0.7444090158E+00
0.8840000000E+00      0.1144199846E+04      0.5313961458E+03      0.7449557757E+00
0.8860000000E+00      0.1147993982E+04      0.5342236428E+03      0.7454993131E+00
0.8880000000E+00      0.1151794508E+04      0.5370579614E+03      0.7460396537E+00
0.8900000000E+00      0.1155601426E+04      0.5398990972E+03      0.7465768229E+00
0.8920000000E+00      0.1159414736E+04      0.5427470458E+03      0.7471108456E+00
0.8940000000E+00      0.1163234439E+04      0.5456018028E+03      0.7476417470E+00
0.8960000000E+00      0.1167060536E+04      0.5484633637E+03      0.7481695515E+00
0.8980000000E+00      0.1170893028E+04      0.5513317242E+03      0.7486942838E+00
0.9000000000E+00      0.1174731916E+04      0.5542068800E+03      0.7492159681E+00
0.9020000000E+00      0.1178577201E+04      0.5570888266E+03      0.7497346283E+00
0.9040000000E+00      0.1182428883E+04      0.5599775600E+03      0.7502502884E+00
0.9060000000E+00      0.1186286964E+04      0.5628730756E+03      0.7507629721E+00
0.9080000000E+00      0.1190151444E+04      0.5657753694E+03      0.7512727026E+00
0.9100000000E+00      0.1194022325E+04      0.5686844371E+03      0.7517795033E+00
0.9120000000E+00      0.1197899606E+04      0.5716002745E+03      0.7522833972E+00
0.9140000000E+00      0.1201783289E+04      0.5745228775E+03      0.7527844070E+00
0.9160000000E+00      0.1205673375E+04      0.5774522418E+03      0.7532825555E+00
0.9180000000E+00      0.1209569864E+04      0.5803883634E+03      0.7537778650E+00
0.9200000000E+00      0.1213472758E+04      0.5833312382E+03      0.7542703577E+00
0.9220000000E+00      0.1217382056E+04      0.5862808621E+03      0.7547600558E+00
0.9240000000E+00      0.1221297760E+04      0.5892372310E+03      0.7552469811E+00
0.9260000000E+00      0.1225219870E+04      0.5922003410E+03      0.7557311551E+00
0.9280000000E+00      0.1229148387E+04      0.5951701880E+03      0.7562125995E+00
0.9300000000E+00      0.1233083312E+04      0.5981467681E+03      0.7566913354E+00
0.9320000000E+00      0.1237024646E+04      0.6011300772E+03      0.7571673841E+00
0.9340000000E+00      0.1240972389E+04      0.6041201115E+03      0.7576407663E+00
0.9360000000E+00      0.1244926541E+04      0.6071168671E+03      0.7581115029E+00
0.9380000000E+00      0.1248887104E+04      0.6101203401E+03      0.7585796144E+00
0.9400000000E+00      0.1252854078E+04      0.6131305266E+03      0.7590451211E+00
0.9420000000E+00      0.1256827464E+04      0.6161474228E+03      0.7595080433E+00
0.9440000000E+00      0.1260807263E+04      0.6191710248E+03      0.7599684010E+00
0.9460000000E+00      0.1264793474E+04      0.6222013289E+03      0.7604262141E+00
0.9480000000E+00      0.1268786099E+04      0.6252383314E+03      0.7608815022E+00
0.9500000000E+00      0.1272785139E+04      0.6282820283E+03      0.7613342849E+00
0.9520000000E+00      0.1276790593E+04      0.6313324161E+03      0.7617845815E+00
0.9540000000E+00      0.1280802463E+04      0.6343894911E+03      0.7622324111E+00
0.9560000000E+00      0.1284820748E+04      0.6374532495E+03      0.7626777929E+00
0.9580000000E+00      0.1288845450E+04      0.6405236877E+03      0.7631207456E+00
0.9600000000E+00      0.1292876569E+04      0.6436008020E+03      0.7635612879E+00
0.9620000000E+00      0.1296914106E+04      0.6466845889E+03      0.7639994384E+00
0.9640000000E+00      0.1300958061E+04      0.6497750447E+03      0.7644352154E+00
0.9660000000E+00      0.1305008434E+04      0.6528721659E+03      0.7648686370E+00
0.9680000000E+00      0.1309065227E+04      0.6559759490E+03      0.7652889439E+00
0.9700000000E+00      0.1313128439E+04      0.6590863903E+03      0.7657177067E+00
0.9720000000E+00      0.1317198072E+04      0.6622034864E+03      0.7661441680E+00
0.9740000000E+00      0.1321274125E+04      0.6653272338E+03      0.7665683454E+00
0.9760000000E+00      0.1325356599E+04      0.6684576291E+03      0.7669902563E+00
0.9780000000E+00      0.1329445495E+04      0.6715946687E+03      0.7674099179E+00
0.9800000000E+00      0.1333540813E+04      0.6747383493E+03      0.7678273475E+00
0.9820000000E+00      0.1337642553E+04      0.6778886675E+03      0.7682425616E+00
0.9840000000E+00      0.1341750716E+04      0.6810456199E+03      0.7686555779E+00
0.9860000000E+00      0.1345865302E+04      0.6842092030E+03      0.7690664126E+00
0.9880000000E+00      0.1349986313E+04      0.6873794137E+03      0.7694750823E+00
0.9900000000E+00      0.1354113747E+04      0.6905562485E+03      0.7698816034E+00
0.9920000000E+00      0.1358247606E+04      0.6937397041E+03      0.7702859922E+00
0.9940000000E+00      0.1362387889E+04      0.6969297773E+03      0.7706882648E+00
0.9960000000E+00      0.1366534598E+04      0.7001264649E+03      0.7710884373E+00
0.9980000000E+00      0.1370687733E+04      0.7033297634E+03      0.7714865254E+00
0.1000000000E+01      0.1374847294E+04      0.7065396699E+03      0.7718825449E+00
0.1002000000E+01      0.1379013281E+04      0.7097561809E+03      0.7722765114E+00
0.1004000000E+01      0.1383185695E+04      0.7129792934E+03      0.7726684403E+00
0.1006000000E+01      0.1387364536E+04      0.7162090042E+03      0.7730583470E+00
0.1008000000E+01      0.1391549805E+04      0.7194453101E+03      0.7734462466E+00
0.1010000000E+01      0.1395741501E+04      0.7226882081E+03      0.7738321543E+00
0.1012000000E+01      0.1399939625E+04      0.7259376949E+03      0.7742160848E+00
0.1014000000E+01      0.1404144178E+04      0.7291937676E+03      0.7745980531E+00
0.1016000000E+01      0.1408355160E+04      0.7324564230E+03      0.7749780738E+00
0.1018000000E+01      0.1412572570E+04      0.7357256581E+03      0.7753561615E+00
0.1020000000E+01      0.1416796410E+04      0.7390014699E+03      0.7757323306E+00
0.1022000000E+01      0.1421026680E+04      0.7422838553E+03      0.7761065954E+00
0.1024000000E+01      0.1425263379E+04      0.7455728114E+03      0.7764789701E+00
0.1026000000E+01      0.1429506509E+04      0.7488683352E+03      0.7768494687E+00
0.1028000000E+01      0.1433756069E+04      0.7521704236E+03      0.7772181052E+00
0.1030000000E+01      0.1438012059E+04      0.7554790739E+03      0.7775848935E+00
0.1032000000E+01      0.1442274481E+04      0.7587942830E+03      0.7779498471E+00
0.1034000000E+01      0.1446543334E+04      0.7621160480E+03      0.7783129797E+00
0.1036000000E+01      0.1450818618E+04      0.7654443661E+03      0.7786743049E+00
0.1038000000E+01      0.1455100334E+04      0.7687792344E+03      0.7790338358E+00
0.1040000000E+01      0.1459388481E+04      0.7721206501E+03      0.7793915859E+00
0.1042000000E+01      0.1463683061E+04      0.7754686102E+03      0.7797475682E+00
0.1044000000E+01      0.1467984073E+04      0.7788231120E+03      0.7801017957E+00
0.1046000000E+01      0.1472291518E+04      0.7821841527E+03      0.7804542813E+00
0.1048000000E+01      0.1476605395E+04      0.7855517295E+03      0.7808050380E+00
0.1050000000E+01      0.1480925706E+04      0.7889258396E+03      0.7811540782E+00
0.1052000000E+01      0.1485252449E+04      0.7923064803E+03      0.7815014147E+00
0.1054000000E+01      0.1489585626E+04      0.7956936488E+03      0.7818470599E+00
0.1056000000E+01      0.1493925236E+04      0.7990873425E+03      0.7821910262E+00
0.1058000000E+01      0.1498271279E+04      0.8024875586E+03      0.7825333259E+00
0.1060000000E+01      0.1502623757E+04      0.8058942945E+03      0.7828739711E+00
0.1062000000E+01      0.1506982668E+04      0.8093075475E+03      0.7832129738E+00
0.1064000000E+01      0.1511348014E+04      0.8127273149E+03      0.7835503461E+00
0.1066000000E+01      0.1515719794E+04      0.8161535941E+03      0.7838860998E+00
0.1068000000E+01      0.1520098008E+04      0.8195863824E+03      0.7842202467E+00
0.1070000000E+01      0.1524482656E+04      0.8230256774E+03      0.7845527984E+00
0.1072000000E+01      0.1528873740E+04      0.8264714764E+03      0.7848837665E+00
0.1074000000E+01      0.1533271258E+04      0.8299237768E+03      0.7852131624E+00
0.1076000000E+01      0.1537675211E+04      0.8333825761E+03      0.7855409976E+00
0.1078000000E+01      0.1542085599E+04      0.8368478717E+03      0.7858672832E+00
0.1080000000E+01      0.1546502423E+04      0.8403196611E+03      0.7861920305E+00
0.1082000000E+01      0.1550925681E+04      0.8437979418E+03      0.7865152505E+00
0.1084000000E+01      0.1555355375E+04      0.8472827114E+03      0.7868369543E+00
0.1086000000E+01      0.1559791504E+04      0.8507739673E+03      0.7871571528E+00
0.1088000000E+01      0.1564234069E+04      0.8542717071E+03      0.7874758567E+00
0.1090000000E+01      0.1568683070E+04      0.8577759283E+03      0.7877930767E+00
0.1092000000E+01      0.1573138506E+04      0.8612866286E+03      0.7881088235E+00
0.1094000000E+01      0.1577600378E+04      0.8648038054E+03      0.7884231077E+00
0.1096000000E+01      0.1582068686E+04      0.8683274564E+03      0.7887359396E+00
0.1098000000E+01      0.1586543430E+04      0.8718575793E+03      0.7890473296E+00
0.1100000000E+01      0.1591024609E+04      0.8753941716E+03      0.7893572881E+00
0.1102000000E+01      0.1595512225E+04      0.8789372309E+03      0.7896658251E+00
0.1104000000E+01      0.1600006277E+04      0.8824867550E+03      0.7899729509E+00
0.1106000000E+01      0.1604506765E+04      0.8860427415E+03      0.7902786753E+00
0.1108000000E+01      0.1609013689E+04      0.8896051881E+03      0.7905830084E+00
0.1110000000E+01      0.1613527050E+04      0.8931740925E+03      0.7908859600E+00
0.1112000000E+01      0.1618046847E+04      0.8967494525E+03      0.7911875399E+00
0.1114000000E+01      0.1622573080E+04      0.9003312657E+03      0.7914877578E+00
0.1116000000E+01      0.1627105749E+04      0.9039195298E+03      0.7917866232E+00
0.1118000000E+01      0.1631644855E+04      0.9075142428E+03      0.7920841457E+00
0.1120000000E+01      0.1636190397E+04      0.9111154022E+03      0.7923803347E+00
0.1122000000E+01      0.1640742376E+04      0.9147230060E+03      0.7926751996E+00
0.1124000000E+01      0.1645300791E+04      0.9183370518E+03      0.7929687498E+00
0.1126000000E+01      0.1649865642E+04      0.9219575376E+03      0.7932609944E+00
0.1128000000E+01      0.1654436930E+04      0.9255844612E+03      0.7935519425E+00
0.1130000000E+01      0.1659014654E+04      0.9292178203E+03      0.7938416032E+00
0.1132000000E+01      0.1663598815E+04      0.9328576129E+03      0.7941299855E+00
0.1134000000E+01      0.1668189412E+04      0.9365038368E+03      0.7944170983E+00
0.1136000000E+01      0.1672786445E+04      0.9401564898E+03      0.7947029505E+00
0.1138000000E+01      0.1677389915E+04      0.9438155700E+03      0.7949875508E+00
0.1140000000E+01      0.1681999821E+04      0.9474810752E+03      0.7952709079E+00
0.1142000000E+01      0.1686616164E+04      0.9511530032E+03      0.7955530304E+00
0.1144000000E+01      0.1691238943E+04      0.9548313521E+03      0.7958339269E+00
0.1146000000E+01      0.1695868158E+04      0.9585161198E+03      0.7961136059E+00
0.1148000000E+01      0.1700503809E+04      0.9622073043E+03      0.7963920757E+00
0.1150000000E+01      0.1705145897E+04      0.9659049034E+03      0.7966693447E+00
0.1152000000E+01      0.1709794421E+04      0.9696089153E+03      0.7969454211E+00
0.1154000000E+01      0.1714449381E+04      0.9733193378E+03      0.7972203133E+00
0.1156000000E+01      0.1719110777E+04      0.9770361691E+03      0.7974940292E+00
0.1158000000E+01      0.1723778609E+04      0.9807594071E+03      0.7977665770E+00
0.1160000000E+01      0.1728452877E+04      0.9844890498E+03      0.7980379646E+00
0.1162000000E+01      0.1733133581E+04      0.9882250953E+03      0.7983082001E+00
0.1164000000E+01      0.1737820721E+04      0.9919675417E+03      0.7985772912E+00
0.1166000000E+01      0.1742514297E+04      0.9957163870E+03      0.7988452458E+00
0.1168000000E+01      0.1747214308E+04      0.9994716294E+03      0.7991120717E+00
0.1170000000E+01      0.1751920755E+04      0.1003233267E+04      0.7993777764E+00
0.1172000000E+01      0.1756633638E+04      0.1007001297E+04      0.7996423676E+00
0.1174000000E+01      0.1761352957E+04      0.1010775719E+04      0.7999058529E+00
0.1176000000E+01      0.1766078710E+04      0.1014556531E+04      0.8001682397E+00
0.1178000000E+01      0.1770810899E+04      0.1018343730E+04      0.8004295355E+00
0.1180000000E+01      0.1775549524E+04      0.1022137315E+04      0.8006897476E+00
0.1182000000E+01      0.1780294584E+04      0.1025937283E+04      0.8009488834E+00
0.1184000000E+01      0.1785046078E+04      0.1029743634E+04      0.8012069500E+00
0.1186000000E+01      0.1789804008E+04      0.1033556365E+04      0.8014639548E+00
0.1188000000E+01      0.1794568373E+04      0.1037375475E+04      0.8017199047E+00
0.1190000000E+01      0.1799339173E+04      0.1041200961E+04      0.8019748070E+00
0.1192000000E+01      0.1804116407E+04      0.1045032822E+04      0.8022286685E+00
0.1194000000E+01      0.1808900076E+04      0.1048871056E+04      0.8024814963E+00
0.1196000000E+01      0.1813690180E+04      0.1052715661E+04      0.8027332972E+00
0.1198000000E+01      0.1818486718E+04      0.1056566637E+04      0.8029840781E+00
0.1200000000E+01      0.1823289690E+04      0.1060423980E+04      0.8032338458E+00
