      Rhob                Epsilon              Pressure               SoundV
0.4730000000E-14      0.4409040000E-11      0.6303830000E-24      0.2528270000E-09
0.4760000000E-14      0.4431480000E-11      0.6303830000E-23      0.3286900000E-09
0.4910000000E-14      0.4571720000E-11      0.6303830000E-22      0.3811090000E-09
0.6990000000E-14      0.6506980000E-11      0.7552120000E-21      0.1661210000E-08
0.9900000000E-14      0.9199530000E-11      0.8737990000E-20      0.4506330000E-08
0.2720000000E-13      0.2529870000E-10      0.1061040000E-18      0.2185710000E-07
0.1270000000E-12      0.1189210000E-09      0.3632510000E-17      0.1280710000E-06
0.6930000000E-12      0.6450890000E-09      0.1185870000E-15      0.6813760000E-06
0.6295000000E-11      0.5856290000E-08      0.6081640000E-14      0.1980100000E-05
0.1581000000E-10      0.1470800000E-07      0.3100740000E-13      0.4121830000E-05
0.3972000000E-10      0.3694960000E-07      0.1517290000E-12      0.7788630000E-05
0.9976000000E-10      0.9278060000E-07      0.7183870000E-12      0.1422460000E-04
0.2506000000E-09      0.2331300000E-06      0.3286730000E-11      0.2500930000E-04
0.6294000000E-09      0.5856290000E-06      0.1446760000E-10      0.4207890000E-04
0.1581000000E-08      0.1470800000E-05      0.6088500000E-10      0.6739699893E-04
0.3972000000E-08      0.3695520000E-05      0.2441020000E-09      0.8516180000E-04
0.5000000000E-08      0.4651930000E-05      0.3282360000E-09      0.1052360000E-03
0.9976000000E-08      0.9283670000E-05      0.8956430000E-09      0.1422520000E-03
0.1990000000E-07      0.1852250000E-04      0.2392340000E-08      0.1863930000E-03
0.3972000000E-07      0.3696080000E-04      0.6278870000E-08      0.2408930000E-03
0.7924000000E-07      0.7376450000E-04      0.1625270000E-07      0.3085620000E-03
0.1581000000E-06      0.1471920000E-03      0.4166770000E-07      0.3417580000E-03
0.1990000000E-06      0.1853370000E-03      0.5453750000E-07      0.3860480000E-03
0.3155000000E-06      0.2937680000E-03      0.1016730000E-06      0.4315500000E-03
0.5000000000E-06      0.4656420000E-03      0.1890530000E-06      0.4889620000E-03
0.6294000000E-06      0.5861890000E-03      0.2577080000E-06      0.5509610000E-03
0.7924000000E-06      0.7382060000E-03      0.3143180000E-06      0.6137740000E-03
0.9976000000E-06      0.9294890000E-03      0.4281610000E-06      0.6540150000E-03
0.1581000000E-05      0.1470000000E-02      0.7939080000E-06      0.7285460000E-03
0.2506000000E-05      0.2340000000E-02      0.1470480000E-05      0.8500470000E-03
0.3972000000E-05      0.3700000000E-02      0.2722510000E-05      0.8906300000E-03
0.5000000000E-05      0.4660000000E-02      0.3533890000E-05      0.9510480000E-03
0.6294000000E-05      0.5870000000E-02      0.4807140000E-05      0.1100000000E-02
0.7924000000E-05      0.7390000000E-02      0.6541010000E-05      0.1180000000E-02
0.9976000000E-05      0.9310000000E-02      0.8894020000E-05      0.1280000000E-02
0.1256000000E-04      0.1172000000E-01      0.1209590000E-04      0.1300000000E-02
0.1581000000E-04      0.1476000000E-01      0.1562230000E-04      0.1320000000E-02
0.1990000000E-04      0.1858000000E-01      0.2124580000E-04      0.1390000000E-02
0.2506000000E-04      0.2340000000E-01      0.2888530000E-04      0.1470000000E-02
0.3155000000E-04      0.2947000000E-01      0.3713020000E-04      0.1550000000E-02
0.3972000000E-04      0.3712000000E-01      0.5048680000E-04      0.1820000000E-02
0.5000000000E-04      0.4674000000E-01      0.6865560000E-04      0.1960000000E-02
0.6294000000E-04      0.5884000000E-01      0.9330920000E-04      0.2110000000E-02
0.7924000000E-04      0.7416000000E-01      0.1268880000E-03      0.2150000000E-02
0.9976000000E-04      0.9334000000E-01      0.1620900000E-03      0.2190000000E-02
0.1105000000E-03      0.1034400000E+00      0.1805020000E-03      0.2220000000E-02
0.1256000000E-03      0.1175700000E+00      0.2053430000E-03      0.2270000000E-02
0.1581000000E-03      0.1480900000E+00      0.2791790000E-03      0.2300000000E-02
0.1990000000E-03      0.1865100000E+00      0.3630010000E-03      0.2350000000E-02
0.2506000000E-03      0.2349200000E+00      0.4704780000E-03      0.2420000000E-02
0.2572000000E-03      0.2411500000E+00      0.4871430000E-03      0.1640000000E-02
0.2670000000E-03      0.2502100000E+00      0.4925360000E-03      0.6323770000E-03
0.3126000000E-03      0.2932300000E+00      0.5213460000E-03      0.6351150000E-03
0.3951000000E-03      0.3707800000E+00      0.5679160000E-03      0.6395500000E-03
0.4759000000E-03      0.4467600000E+00      0.6136960000E-03      0.6456670000E-03
0.5812000000E-03      0.5456200000E+00      0.6758550000E-03      0.6505920000E-03
0.7143000000E-03      0.6709200000E+00      0.7601150000E-03      0.7025890000E-03
0.8786000000E-03      0.8252300000E+00      0.8731850000E-03      0.7646840000E-03
0.1077000000E-02      0.1012500000E+01      0.1020000000E-02      0.8354260000E-03
0.1314000000E-02      0.1235290000E+01      0.1220000000E-02      0.9276850000E-03
0.1748000000E-02      0.1643560000E+01      0.1620000000E-02      0.1000000000E-02
0.2000000000E-02      0.1880850000E+01      0.2000000000E-02      0.1100000000E-02
0.4000000000E-02      0.3764610000E+01      0.4510000000E-02      0.1460000000E-02
0.6000000000E-02      0.5649800000E+01      0.7500000000E-02      0.1680000000E-02
0.8000000000E-02      0.7536070000E+01      0.1086000000E-01      0.1880000000E-02
0.1000000000E-01      0.9423230000E+01      0.1458000000E-01      0.2070000000E-02
0.1200000000E-01      0.1131116000E+02      0.1867000000E-01      0.2280000000E-02
0.1400000000E-01      0.1319982000E+02      0.2318000000E-01      0.2510000000E-02
0.1600000000E-01      0.1508915000E+02      0.2814000000E-01      0.2760000000E-02
0.1800000000E-01      0.1697914000E+02      0.3361000000E-01      0.3040000000E-02
0.2000000000E-01      0.1886976000E+02      0.3965000000E-01      0.3340000000E-02
0.2200000000E-01      0.2076101000E+02      0.4624000000E-01      0.3660000000E-02
0.2400000000E-01      0.2265290000E+02      0.5348000000E-01      0.3990000000E-02
0.2600000000E-01      0.2454541000E+02      0.6133000000E-01      0.4330000000E-02
0.2800000000E-01      0.2643855000E+02      0.6988000000E-01      0.4680000000E-02
0.3000000000E-01      0.2833233000E+02      0.7906000000E-01      0.5030000000E-02
0.3200000000E-01      0.3022674000E+02      0.8895000000E-01      0.5390000000E-02
0.3400000000E-01      0.3212179000E+02      0.9948000000E-01      0.5740000000E-02
0.3600000000E-01      0.3401748000E+02      0.1107200000E+00      0.6090000000E-02
0.3800000000E-01      0.3591381000E+02      0.1225900000E+00      0.6440000000E-02
0.4000000000E-01      0.3781078000E+02      0.1351400000E+00      0.6790000000E-02
0.4200000000E-01      0.3970840000E+02      0.1483400000E+00      0.7110000000E-02
0.4400000000E-01      0.4160666000E+02      0.1621100000E+00      0.7420000000E-02
0.4600000000E-01      0.4350556000E+02      0.1765200000E+00      0.7740000000E-02
0.4800000000E-01      0.4540510000E+02      0.1915000000E+00      0.8040000000E-02
0.5000000000E-01      0.4730528000E+02      0.2070600000E+00      0.8310000000E-02
0.5200000000E-01      0.4920608000E+02      0.2230900000E+00      0.8580000000E-02
0.5400000000E-01      0.5110752000E+02      0.2396900000E+00      0.8870000000E-02
0.5600000000E-01      0.5300958000E+02      0.2568200000E+00      0.9120000000E-02
0.5800000000E-01      0.5491227000E+02      0.2743700000E+00      0.9340000000E-02
0.6000000000E-01      0.5681556000E+02      0.2923800000E+00      0.9690000000E-02
0.6200000000E-01      0.5871946000E+02      0.3101200000E+00      0.1002000000E-01
0.6400000000E-01      0.6062394000E+02      0.3290400000E+00      0.1028000000E-01
0.6600000000E-01      0.6252904000E+02      0.3483400000E+00      0.1069000000E-01
0.6800000000E-01      0.6443473000E+02      0.3679800000E+00      0.1101000000E-01
0.7000000000E-01      0.6634095000E+02      0.3861300000E+00      0.1136000000E-01
0.1100000000E+00      0.1045306725E+03      0.3886965632E+00      0.1594979802E-01
0.1120000000E+00      0.1064385792E+03      0.4202527884E+00      0.1710414786E-01
0.1140000000E+00      0.1083470693E+03      0.4540625308E+00      0.1830019235E-01
0.1160000000E+00      0.1102561729E+03      0.4902073192E+00      0.1953792181E-01
0.1180000000E+00      0.1121659202E+03      0.5287688343E+00      0.2081730264E-01
0.1200000000E+00      0.1140763403E+03      0.5695842963E+00      0.2195288123E-01
0.1220000000E+00      0.1159874603E+03      0.6127851329E+00      0.2324227187E-01
0.1240000000E+00      0.1178993091E+03      0.6585304270E+00      0.2459312650E-01
0.1260000000E+00      0.1198119169E+03      0.7069285890E+00      0.2599523786E-01
0.1280000000E+00      0.1217253145E+03      0.7580760666E+00      0.2744447677E-01
0.1300000000E+00      0.1236395334E+03      0.8120637831E+00      0.2893857799E-01
0.1320000000E+00      0.1255546051E+03      0.8689794624E+00      0.3047606818E-01
0.1340000000E+00      0.1274705618E+03      0.9289087061E+00      0.3205587188E-01
0.1360000000E+00      0.1293874360E+03      0.9919355663E+00      0.3367713479E-01
0.1380000000E+00      0.1313052602E+03      0.1058142877E+01      0.3533913313E-01
0.1400000000E+00      0.1332240674E+03      0.1127612454E+01      0.3704122275E-01
0.1420000000E+00      0.1351438907E+03      0.1200425305E+01      0.3878450449E-01
0.1440000000E+00      0.1370647634E+03      0.1276661390E+01      0.4056511113E-01
0.1460000000E+00      0.1389867192E+03      0.1356400145E+01      0.4237883316E-01
0.1480000000E+00      0.1409097917E+03      0.1439720196E+01      0.4423550489E-01
0.1500000000E+00      0.1428340146E+03      0.1526699461E+01      0.4612948382E-01
0.1520000000E+00      0.1447594221E+03      0.1617415152E+01      0.4806023401E-01
0.1540000000E+00      0.1466860481E+03      0.1711943778E+01      0.5002721576E-01
0.1560000000E+00      0.1486139269E+03      0.1810360976E+01      0.5202636061E-01
0.1580000000E+00      0.1505430927E+03      0.1912742148E+01      0.5406401144E-01
0.1600000000E+00      0.1524735798E+03      0.2019161496E+01      0.5613623264E-01
0.1620000000E+00      0.1544054227E+03      0.2129692640E+01      0.5824245519E-01
0.1640000000E+00      0.1563386559E+03      0.2244408451E+01      0.6038210134E-01
0.1660000000E+00      0.1582733139E+03      0.2363381035E+01      0.6255458479E-01
0.1680000000E+00      0.1602094312E+03      0.2486681721E+01      0.6475931091E-01
0.1700000000E+00      0.1621470424E+03      0.2614381048E+01      0.6699567592E-01
0.1720000000E+00      0.1640861821E+03      0.2746548753E+01      0.6926306905E-01
0.1740000000E+00      0.1660268846E+03      0.2883253988E+01      0.7156606194E-01
0.1760000000E+00      0.1679691851E+03      0.3024564385E+01      0.7389377900E-01
0.1780000000E+00      0.1699131178E+03      0.3170547423E+01      0.7625064933E-01
0.1800000000E+00      0.1718587172E+03      0.3321269504E+01      0.7863603503E-01
0.1820000000E+00      0.1738060179E+03      0.3476796167E+01      0.8104929262E-01
0.1840000000E+00      0.1757550543E+03      0.3637192085E+01      0.8348977454E-01
0.1860000000E+00      0.1777058608E+03      0.3802521049E+01      0.8595682861E-01
0.1880000000E+00      0.1796584718E+03      0.3972845968E+01      0.8844979943E-01
0.1900000000E+00      0.1816129215E+03      0.4148228856E+01      0.9096802869E-01
0.1920000000E+00      0.1835692442E+03      0.4328730829E+01      0.9351085595E-01
0.1940000000E+00      0.1855274741E+03      0.4514412102E+01      0.9607761918E-01
0.1960000000E+00      0.1874876450E+03      0.4705331983E+01      0.9866765529E-01
0.1980000000E+00      0.1894497910E+03      0.4901548868E+01      0.1012803259E+00
0.2000000000E+00      0.1914139460E+03      0.5103120241E+01      0.1039095259E+00
0.2020000000E+00      0.1933801436E+03      0.5310102672E+01      0.1065652603E+00
0.2040000000E+00      0.1953484175E+03      0.5522551818E+01      0.1092416153E+00
0.2060000000E+00      0.1973188012E+03      0.5740522419E+01      0.1119379317E+00
0.2080000000E+00      0.1992913281E+03      0.5964068303E+01      0.1146535523E+00
0.2100000000E+00      0.2012660315E+03      0.6193242383E+01      0.1173878228E+00
0.2120000000E+00      0.2032429444E+03      0.6428096664E+01      0.1201400921E+00
0.2140000000E+00      0.2052220998E+03      0.6668682242E+01      0.1229097128E+00
0.2160000000E+00      0.2072035307E+03      0.6915049308E+01      0.1256960416E+00
0.2180000000E+00      0.2091872696E+03      0.7167247153E+01      0.1284984397E+00
0.2200000000E+00      0.2111733492E+03      0.7425324173E+01      0.1313162733E+00
0.2220000000E+00      0.2131618017E+03      0.7689327871E+01      0.1341489136E+00
0.2240000000E+00      0.2151526595E+03      0.7959304867E+01      0.1369957376E+00
0.2260000000E+00      0.2171459547E+03      0.8235300899E+01      0.1398561280E+00
0.2280000000E+00      0.2191417189E+03      0.8517360833E+01      0.1427294739E+00
0.2300000000E+00      0.2211399842E+03      0.8805528670E+01      0.1456151707E+00
0.2320000000E+00      0.2231407819E+03      0.9099847548E+01      0.1485126204E+00
0.2340000000E+00      0.2251441434E+03      0.9400359758E+01      0.1514212323E+00
0.2360000000E+00      0.2271501000E+03      0.9707106744E+01      0.1543404225E+00
0.2380000000E+00      0.2291586827E+03      0.1002012911E+02      0.1572696147E+00
0.2400000000E+00      0.2311699222E+03      0.1033946665E+02      0.1602082400E+00
0.2420000000E+00      0.2331838490E+03      0.1066515850E+02      0.1631605888E+00
0.2440000000E+00      0.2352004942E+03      0.1099724245E+02      0.1661164817E+00
0.2460000000E+00      0.2372198876E+03      0.1133575603E+02      0.1690801480E+00
0.2480000000E+00      0.2392420593E+03      0.1168073579E+02      0.1720510504E+00
0.2500000000E+00      0.2412670394E+03      0.1203221753E+02      0.1750286599E+00
0.2520000000E+00      0.2432948573E+03      0.1239023623E+02      0.1780124636E+00
0.2540000000E+00      0.2453255427E+03      0.1275482615E+02      0.1810019333E+00
0.2560000000E+00      0.2473591249E+03      0.1312602076E+02      0.1839965730E+00
0.2580000000E+00      0.2493956328E+03      0.1350385280E+02      0.1869958871E+00
0.2600000000E+00      0.2514350955E+03      0.1388835429E+02      0.1899993888E+00
0.2620000000E+00      0.2534775416E+03      0.1427955650E+02      0.1929984946E+00
0.2640000000E+00      0.2555229996E+03      0.1467749000E+02      0.1960087724E+00
0.2660000000E+00      0.2575714978E+03      0.1508218465E+02      0.1990218269E+00
0.2680000000E+00      0.2596230643E+03      0.1549366962E+02      0.2020372051E+00
0.2700000000E+00      0.2616777270E+03      0.1591197339E+02      0.2050544629E+00
0.2720000000E+00      0.2637355135E+03      0.1633712376E+02      0.2080731645E+00
0.2740000000E+00      0.2657964514E+03      0.1676914787E+02      0.2110928827E+00
0.2760000000E+00      0.2678605678E+03      0.1720807220E+02      0.2141131988E+00
0.2780000000E+00      0.2699278899E+03      0.1765392260E+02      0.2171337023E+00
0.2800000000E+00      0.2719984446E+03      0.1810672425E+02      0.2201539913E+00
0.2820000000E+00      0.2740722584E+03      0.1856650173E+02      0.2231736722E+00
0.2840000000E+00      0.2761493578E+03      0.1903327900E+02      0.2261923595E+00
0.2860000000E+00      0.2782297690E+03      0.1950707940E+02      0.2292096760E+00
0.2880000000E+00      0.2803135181E+03      0.1998792568E+02      0.2322252526E+00
0.2900000000E+00      0.2824006310E+03      0.2047583999E+02      0.2352387285E+00
0.2920000000E+00      0.2844911332E+03      0.2097084390E+02      0.2382497504E+00
0.2940000000E+00      0.2865850501E+03      0.2147295844E+02      0.2412579735E+00
0.2960000000E+00      0.2886824070E+03      0.2198220403E+02      0.2442630603E+00
0.2980000000E+00      0.2907832288E+03      0.2249860056E+02      0.2472668298E+00
0.3000000000E+00      0.2928875403E+03      0.2302216741E+02      0.2502699401E+00
0.3020000000E+00      0.2949953663E+03      0.2355292333E+02      0.2532638006E+00
0.3040000000E+00      0.2971067311E+03      0.2409088661E+02      0.2562532527E+00
0.3060000000E+00      0.2992216588E+03      0.2463607503E+02      0.2592379970E+00
0.3080000000E+00      0.3013401735E+03      0.2518850583E+02      0.2622177415E+00
0.3100000000E+00      0.3034622989E+03      0.2574819576E+02      0.2651922013E+00
0.3120000000E+00      0.3055880587E+03      0.2631516107E+02      0.2681610986E+00
0.3140000000E+00      0.3077174762E+03      0.2688941752E+02      0.2711195591E+00
0.3160000000E+00      0.3098505746E+03      0.2747098040E+02      0.2740764632E+00
0.3180000000E+00      0.3119873769E+03      0.2805986454E+02      0.2770270134E+00
0.3200000000E+00      0.3141279059E+03      0.2865608427E+02      0.2799709594E+00
0.3220000000E+00      0.3162721843E+03      0.2925965350E+02      0.2829080579E+00
0.3240000000E+00      0.3184202344E+03      0.2987058569E+02      0.2858380719E+00
0.3260000000E+00      0.3205720783E+03      0.3048889383E+02      0.2887607709E+00
0.3280000000E+00      0.3227277383E+03      0.3111459051E+02      0.2916759309E+00
0.3300000000E+00      0.3248872359E+03      0.3174768788E+02      0.2945833342E+00
0.3320000000E+00      0.3270505930E+03      0.3238819766E+02      0.2974827690E+00
0.3340000000E+00      0.3292178309E+03      0.3303613119E+02      0.3003740300E+00
0.3360000000E+00      0.3313889709E+03      0.3369149938E+02      0.3032569175E+00
0.3380000000E+00      0.3335640340E+03      0.3435431274E+02      0.3061312381E+00
0.3400000000E+00      0.3357430411E+03      0.3502458141E+02      0.3089968039E+00
0.3420000000E+00      0.3379260129E+03      0.3570231512E+02      0.3118534329E+00
0.3440000000E+00      0.3401129699E+03      0.3638752324E+02      0.3147009486E+00
0.3460000000E+00      0.3423039323E+03      0.3708021477E+02      0.3175391801E+00
0.3480000000E+00      0.3444989205E+03      0.3778039833E+02      0.3203679620E+00
0.3500000000E+00      0.3466979541E+03      0.3848808219E+02      0.3231871343E+00
0.3520000000E+00      0.3489010531E+03      0.3920327428E+02      0.3259965421E+00
0.3540000000E+00      0.3511082371E+03      0.3992598216E+02      0.3287960359E+00
0.3560000000E+00      0.3533195253E+03      0.4065621306E+02      0.3315854711E+00
0.3580000000E+00      0.3555349372E+03      0.4139397389E+02      0.3343647082E+00
0.3600000000E+00      0.3577544916E+03      0.4213927121E+02      0.3371336127E+00
0.3620000000E+00      0.3599782075E+03      0.4289211126E+02      0.3398920548E+00
0.3640000000E+00      0.3622061035E+03      0.4365249998E+02      0.3426399096E+00
0.3660000000E+00      0.3644381983E+03      0.4442044299E+02      0.3453770569E+00
0.3680000000E+00      0.3666745101E+03      0.4519594561E+02      0.3481033809E+00
0.3700000000E+00      0.3689150571E+03      0.4597901283E+02      0.3508187705E+00
0.3720000000E+00      0.3711598573E+03      0.4676964940E+02      0.3535231190E+00
0.3740000000E+00      0.3734089287E+03      0.4756785973E+02      0.3562163241E+00
0.3760000000E+00      0.3756622888E+03      0.4837364797E+02      0.3588982875E+00
0.3780000000E+00      0.3779199551E+03      0.4918701800E+02      0.3615689155E+00
0.3800000000E+00      0.3801819450E+03      0.5000797341E+02      0.3642281234E+00
0.3820000000E+00      0.3824482757E+03      0.5083651753E+02      0.3668758154E+00
0.3840000000E+00      0.3847189642E+03      0.5167265343E+02      0.3695119146E+00
0.3860000000E+00      0.3869940273E+03      0.5251638391E+02      0.3721363434E+00
0.3880000000E+00      0.3892734818E+03      0.5336771153E+02      0.3747490275E+00
0.3900000000E+00      0.3915573441E+03      0.5422663860E+02      0.3773498969E+00
0.3920000000E+00      0.3938456307E+03      0.5509316719E+02      0.3799388849E+00
0.3940000000E+00      0.3961383576E+03      0.5596729911E+02      0.3825159285E+00
0.3960000000E+00      0.3984355411E+03      0.5684903598E+02      0.3850809682E+00
0.3980000000E+00      0.4007371970E+03      0.5773837914E+02      0.3876339481E+00
0.4000000000E+00      0.4030433411E+03      0.5863532974E+02      0.3901748155E+00
0.4020000000E+00      0.4053539889E+03      0.5953988871E+02      0.3927035212E+00
0.4040000000E+00      0.4076691560E+03      0.6045205674E+02      0.3952200193E+00
0.4060000000E+00      0.4099888575E+03      0.6137183433E+02      0.3977242667E+00
0.4080000000E+00      0.4123131087E+03      0.6229922178E+02      0.4002162240E+00
0.4100000000E+00      0.4146419245E+03      0.6323421916E+02      0.4026958544E+00
0.4120000000E+00      0.4169753199E+03      0.6417682637E+02      0.4051631242E+00
0.4140000000E+00      0.4193133095E+03      0.6512704311E+02      0.4076180029E+00
0.4160000000E+00      0.4216559078E+03      0.6608486887E+02      0.4100604624E+00
0.4180000000E+00      0.4240031294E+03      0.6705030298E+02      0.4124904778E+00
0.4200000000E+00      0.4263549885E+03      0.6802334459E+02      0.4149080268E+00
0.4220000000E+00      0.4287114992E+03      0.6900399264E+02      0.4173130898E+00
0.4240000000E+00      0.4310726755E+03      0.6999224594E+02      0.4197056496E+00
0.4260000000E+00      0.4334385314E+03      0.7098810310E+02      0.4220856920E+00
0.4280000000E+00      0.4358090804E+03      0.7199156258E+02      0.4244532049E+00
0.4300000000E+00      0.4381843363E+03      0.7300262266E+02      0.4268081788E+00
0.4320000000E+00      0.4405643124E+03      0.7402128148E+02      0.4291506066E+00
0.4340000000E+00      0.4429490221E+03      0.7504753703E+02      0.4314804836E+00
0.4360000000E+00      0.4453384786E+03      0.7608138713E+02      0.4337978071E+00
0.4380000000E+00      0.4477326949E+03      0.7712282945E+02      0.4361025769E+00
0.4400000000E+00      0.4501316840E+03      0.7817186155E+02      0.4383947947E+00
0.4420000000E+00      0.4525354587E+03      0.7922848082E+02      0.4406744647E+00
0.4440000000E+00      0.4549440316E+03      0.8029268451E+02      0.4429415927E+00
0.4460000000E+00      0.4573574153E+03      0.8136446976E+02      0.4451961868E+00
0.4480000000E+00      0.4597756221E+03      0.8244383357E+02      0.4474382570E+00
0.4500000000E+00      0.4621986645E+03      0.8353077279E+02      0.4496678150E+00
0.4520000000E+00      0.4646265545E+03      0.8462528419E+02      0.4518848746E+00
0.4540000000E+00      0.4670593042E+03      0.8572736438E+02      0.4540894513E+00
0.4560000000E+00      0.4694969256E+03      0.8683700988E+02      0.4562815623E+00
0.4580000000E+00      0.4719394304E+03      0.8795421707E+02      0.4584612265E+00
0.4600000000E+00      0.4743868303E+03      0.8907898224E+02      0.4606284647E+00
0.4620000000E+00      0.4768391369E+03      0.9021130157E+02      0.4627832989E+00
0.4640000000E+00      0.4792963617E+03      0.9135117113E+02      0.4649257529E+00
0.4660000000E+00      0.4817585160E+03      0.9249858687E+02      0.4670558590E+00
0.4680000000E+00      0.4842256110E+03      0.9365354467E+02      0.4691736299E+00
0.4700000000E+00      0.4866976577E+03      0.9481604029E+02      0.4712791009E+00
0.4720000000E+00      0.4891746673E+03      0.9598606942E+02      0.4733723015E+00
0.4740000000E+00      0.4916566506E+03      0.9716362763E+02      0.4754532626E+00
0.4760000000E+00      0.4941436184E+03      0.9834871042E+02      0.4775220163E+00
0.4780000000E+00      0.4966355813E+03      0.9954131320E+02      0.4795785961E+00
0.4800000000E+00      0.4991325499E+03      0.1007414313E+03      0.4816230368E+00
0.4820000000E+00      0.5016345346E+03      0.1019490599E+03      0.4836553742E+00
0.4840000000E+00      0.5041415458E+03      0.1031641943E+03      0.4856756451E+00
0.4860000000E+00      0.5066535937E+03      0.1043868295E+03      0.4876838879E+00
0.4880000000E+00      0.5091706885E+03      0.1056169605E+03      0.4896801415E+00
0.4900000000E+00      0.5116928401E+03      0.1068545822E+03      0.4916644463E+00
0.4920000000E+00      0.5142200585E+03      0.1080996896E+03      0.4936368433E+00
0.4940000000E+00      0.5167523535E+03      0.1093522775E+03      0.4955973748E+00
0.4960000000E+00      0.5192897348E+03      0.1106123405E+03      0.4975460837E+00
0.4980000000E+00      0.5218322121E+03      0.1118798734E+03      0.4994830140E+00
0.5000000000E+00      0.5243797949E+03      0.1131548708E+03      0.5014082106E+00
0.5020000000E+00      0.5269324926E+03      0.1144373272E+03      0.5033217190E+00
0.5040000000E+00      0.5294903145E+03      0.1157272371E+03      0.5052235857E+00
0.5060000000E+00      0.5320532698E+03      0.1170245950E+03      0.5071138579E+00
0.5080000000E+00      0.5346213678E+03      0.1183293953E+03      0.5089925833E+00
0.5100000000E+00      0.5371946174E+03      0.1196416324E+03      0.5108598107E+00
0.5120000000E+00      0.5397730276E+03      0.1209613004E+03      0.5127155893E+00
0.5140000000E+00      0.5423566073E+03      0.1222883937E+03      0.5145599690E+00
0.5160000000E+00      0.5449453652E+03      0.1236229065E+03      0.5163930004E+00
0.5180000000E+00      0.5475393100E+03      0.1249648330E+03      0.5182147345E+00
0.5200000000E+00      0.5501384502E+03      0.1263141671E+03      0.5200252230E+00
0.5220000000E+00      0.5527427945E+03      0.1276709031E+03      0.5218245181E+00
0.5240000000E+00      0.5553523511E+03      0.1290350350E+03      0.5236126724E+00
0.5260000000E+00      0.5579671284E+03      0.1304065568E+03      0.5253897392E+00
0.5280000000E+00      0.5605871347E+03      0.1317854624E+03      0.5271557722E+00
0.5300000000E+00      0.5632123781E+03      0.1331717458E+03      0.5289108252E+00
0.5320000000E+00      0.5658428666E+03      0.1345654008E+03      0.5306549530E+00
0.5340000000E+00      0.5684786083E+03      0.1359664215E+03      0.5323882102E+00
0.5360000000E+00      0.5711196110E+03      0.1373748015E+03      0.5341106521E+00
0.5380000000E+00      0.5737658826E+03      0.1387905347E+03      0.5358223343E+00
0.5400000000E+00      0.5764174308E+03      0.1402136150E+03      0.5375233126E+00
0.5420000000E+00      0.5790742633E+03      0.1416440360E+03      0.5392136433E+00
0.5440000000E+00      0.5817363876E+03      0.1430817915E+03      0.5408933828E+00
0.5460000000E+00      0.5844038112E+03      0.1445268753E+03      0.5425625877E+00
0.5480000000E+00      0.5870765416E+03      0.1459792810E+03      0.5442213152E+00
0.5500000000E+00      0.5897545860E+03      0.1474390024E+03      0.5458696223E+00
0.5520000000E+00      0.5924379519E+03      0.1489060330E+03      0.5475075664E+00
0.5540000000E+00      0.5951266463E+03      0.1503803666E+03      0.5491352051E+00
0.5560000000E+00      0.5978206764E+03      0.1518619967E+03      0.5507525961E+00
0.5580000000E+00      0.6005200491E+03      0.1533509170E+03      0.5523597974E+00
0.5600000000E+00      0.6032247716E+03      0.1548471210E+03      0.5539568669E+00
0.5620000000E+00      0.6059348507E+03      0.1563506024E+03      0.5555438628E+00
0.5640000000E+00      0.6086502931E+03      0.1578613548E+03      0.5571208432E+00
0.5660000000E+00      0.6113711057E+03      0.1593793717E+03      0.5586878667E+00
0.5680000000E+00      0.6140972952E+03      0.1609046466E+03      0.5602449970E+00
0.5700000000E+00      0.6168288681E+03      0.1624371732E+03      0.5617922816E+00
0.5720000000E+00      0.6195658310E+03      0.1639769449E+03      0.5633297844E+00
0.5740000000E+00      0.6223081903E+03      0.1655239554E+03      0.5648575642E+00
0.5760000000E+00      0.6250559526E+03      0.1670781980E+03      0.5663756793E+00
0.5780000000E+00      0.6278091240E+03      0.1686396664E+03      0.5678841885E+00
0.5800000000E+00      0.6305677110E+03      0.1702083541E+03      0.5693831502E+00
0.5820000000E+00      0.6333317196E+03      0.1717842545E+03      0.5708726230E+00
0.5840000000E+00      0.6361011561E+03      0.1733673613E+03      0.5723526653E+00
0.5860000000E+00      0.6388760266E+03      0.1749576679E+03      0.5738233358E+00
0.5880000000E+00      0.6416563369E+03      0.1765551679E+03      0.5752846927E+00
0.5900000000E+00      0.6444420932E+03      0.1781598547E+03      0.5767367944E+00
0.5920000000E+00      0.6472333012E+03      0.1797717218E+03      0.5781796993E+00
0.5940000000E+00      0.6500299669E+03      0.1813907629E+03      0.5796134656E+00
0.5960000000E+00      0.6528320959E+03      0.1830169714E+03      0.5810381513E+00
0.5980000000E+00      0.6556396941E+03      0.1846503408E+03      0.5824538144E+00
0.6000000000E+00      0.6584527669E+03      0.1862908647E+03      0.5838605129E+00
0.6020000000E+00      0.6612713201E+03      0.1879385367E+03      0.5852583046E+00
0.6040000000E+00      0.6640953592E+03      0.1895933501E+03      0.5866472470E+00
0.6060000000E+00      0.6669248896E+03      0.1912552986E+03      0.5880273978E+00
0.6080000000E+00      0.6697599167E+03      0.1929243758E+03      0.5893988142E+00
0.6100000000E+00      0.6726004459E+03      0.1946005752E+03      0.5907615536E+00
0.6120000000E+00      0.6754464825E+03      0.1962838903E+03      0.5921156730E+00
0.6140000000E+00      0.6782980318E+03      0.1979743148E+03      0.5934612294E+00
0.6160000000E+00      0.6811550989E+03      0.1996718422E+03      0.5947982793E+00
0.6180000000E+00      0.6840176889E+03      0.2013764661E+03      0.5961268795E+00
0.6200000000E+00      0.6868858071E+03      0.2030881801E+03      0.5974470863E+00
0.6220000000E+00      0.6897594583E+03      0.2048069778E+03      0.5987589558E+00
0.6240000000E+00      0.6926386475E+03      0.2065328529E+03      0.6000625441E+00
0.6260000000E+00      0.6955233798E+03      0.2082657989E+03      0.6013579070E+00
0.6280000000E+00      0.6984136599E+03      0.2100058096E+03      0.6026451000E+00
0.6300000000E+00      0.7013094926E+03      0.2117528786E+03      0.6039241785E+00
0.6320000000E+00      0.7042108828E+03      0.2135069996E+03      0.6051951977E+00
0.6340000000E+00      0.7071178352E+03      0.2152681661E+03      0.6064582125E+00
0.6360000000E+00      0.7100303544E+03      0.2170363721E+03      0.6077132776E+00
0.6380000000E+00      0.7129484451E+03      0.2188116110E+03      0.6089604476E+00
0.6400000000E+00      0.7158721118E+03      0.2205938768E+03      0.6101997766E+00
0.6420000000E+00      0.7188013590E+03      0.2223831631E+03      0.6114313186E+00
0.6440000000E+00      0.7217361913E+03      0.2241794636E+03      0.6126551276E+00
0.6460000000E+00      0.7246766130E+03      0.2259827722E+03      0.6138712568E+00
0.6480000000E+00      0.7276226286E+03      0.2277930826E+03      0.6150797597E+00
0.6500000000E+00      0.7305742423E+03      0.2296103886E+03      0.6162806893E+00
0.6520000000E+00      0.7335314585E+03      0.2314346841E+03      0.6174740984E+00
0.6540000000E+00      0.7364942814E+03      0.2332659629E+03      0.6186600393E+00
0.6560000000E+00      0.7394627152E+03      0.2351042187E+03      0.6198385645E+00
0.6580000000E+00      0.7424367641E+03      0.2369494456E+03      0.6210097259E+00
0.6600000000E+00      0.7454164321E+03      0.2388016374E+03      0.6221735752E+00
0.6620000000E+00      0.7484017234E+03      0.2406607880E+03      0.6233301639E+00
0.6640000000E+00      0.7513926420E+03      0.2425268913E+03      0.6244795432E+00
0.6660000000E+00      0.7543891918E+03      0.2443999412E+03      0.6256217640E+00
0.6680000000E+00      0.7573913768E+03      0.2462799318E+03      0.6267568769E+00
0.6700000000E+00      0.7603992009E+03      0.2481668569E+03      0.6278849323E+00
0.6720000000E+00      0.7634126680E+03      0.2500607107E+03      0.6290059803E+00
0.6740000000E+00      0.7664317818E+03      0.2519614870E+03      0.6301200707E+00
0.6760000000E+00      0.7694565462E+03      0.2538691799E+03      0.6312272530E+00
0.6780000000E+00      0.7724869649E+03      0.2557837836E+03      0.6323275765E+00
0.6800000000E+00      0.7755230415E+03      0.2577052920E+03      0.6334210902E+00
0.6820000000E+00      0.7785647798E+03      0.2596336992E+03      0.6345078426E+00
0.6840000000E+00      0.7816121833E+03      0.2615689995E+03      0.6355878823E+00
0.6860000000E+00      0.7846652557E+03      0.2635111868E+03      0.6366612574E+00
0.6880000000E+00      0.7877240005E+03      0.2654602554E+03      0.6377280156E+00
0.6900000000E+00      0.7907884212E+03      0.2674161994E+03      0.6387882045E+00
0.6920000000E+00      0.7938585212E+03      0.2693790130E+03      0.6398418749E+00
0.6940000000E+00      0.7969343040E+03      0.2713486904E+03      0.6408890666E+00
0.6960000000E+00      0.8000157730E+03      0.2733252260E+03      0.6419298300E+00
0.6980000000E+00      0.8031029316E+03      0.2753086138E+03      0.6429642113E+00
0.7000000000E+00      0.8061957830E+03      0.2772988483E+03      0.6439922566E+00
0.7020000000E+00      0.8092943305E+03      0.2792959237E+03      0.6450140118E+00
0.7040000000E+00      0.8123985775E+03      0.2812998343E+03      0.6460295223E+00
0.7060000000E+00      0.8155085271E+03      0.2833105745E+03      0.6470388335E+00
0.7080000000E+00      0.8186241825E+03      0.2853281386E+03      0.6480419902E+00
0.7100000000E+00      0.8217455469E+03      0.2873525211E+03      0.6490390370E+00
0.7120000000E+00      0.8248726234E+03      0.2893837162E+03      0.6500300183E+00
0.7140000000E+00      0.8280054150E+03      0.2914217186E+03      0.6510149781E+00
0.7160000000E+00      0.8311439249E+03      0.2934665226E+03      0.6519939603E+00
0.7180000000E+00      0.8342881560E+03      0.2955181226E+03      0.6529670083E+00
0.7200000000E+00      0.8374381113E+03      0.2975765133E+03      0.6539341653E+00
0.7220000000E+00      0.8405937937E+03      0.2996416890E+03      0.6548954742E+00
0.7240000000E+00      0.8437552063E+03      0.3017136444E+03      0.6558509776E+00
0.7260000000E+00      0.8469223519E+03      0.3037923740E+03      0.6568007179E+00
0.7280000000E+00      0.8500952333E+03      0.3058778723E+03      0.6577447370E+00
0.7300000000E+00      0.8532738534E+03      0.3079701341E+03      0.6586830767E+00
0.7320000000E+00      0.8564582150E+03      0.3100691539E+03      0.6596157785E+00
0.7340000000E+00      0.8596483208E+03      0.3121749264E+03      0.6605428836E+00
0.7360000000E+00      0.8628441736E+03      0.3142874462E+03      0.6614644328E+00
0.7380000000E+00      0.8660457762E+03      0.3164067081E+03      0.6623804668E+00
0.7400000000E+00      0.8692531311E+03      0.3185327068E+03      0.6632910258E+00
0.7420000000E+00      0.8724662410E+03      0.3206654369E+03      0.6641961500E+00
0.7440000000E+00      0.8756851086E+03      0.3228048934E+03      0.6650958791E+00
0.7460000000E+00      0.8789097365E+03      0.3249510709E+03      0.6659902525E+00
0.7480000000E+00      0.8821401272E+03      0.3271039643E+03      0.6668793095E+00
0.7500000000E+00      0.8853762833E+03      0.3292635683E+03      0.6677630890E+00
0.7520000000E+00      0.8886182073E+03      0.3314298780E+03      0.6686416297E+00
0.7540000000E+00      0.8918659016E+03      0.3336028881E+03      0.6695149698E+00
0.7560000000E+00      0.8951193688E+03      0.3357825935E+03      0.6703831475E+00
0.7580000000E+00      0.8983786112E+03      0.3379689892E+03      0.6712462007E+00
0.7600000000E+00      0.9016436313E+03      0.3401620701E+03      0.6721041668E+00
0.7620000000E+00      0.9049144315E+03      0.3423618312E+03      0.6729570831E+00
0.7640000000E+00      0.9081910140E+03      0.3445682674E+03      0.6738049866E+00
0.7660000000E+00      0.9114733814E+03      0.3467813738E+03      0.6746479141E+00
0.7680000000E+00      0.9147615357E+03      0.3490011455E+03      0.6754859021E+00
0.7700000000E+00      0.9180554794E+03      0.3512275774E+03      0.6763189866E+00
0.7720000000E+00      0.9213552147E+03      0.3534606646E+03      0.6771472037E+00
0.7740000000E+00      0.9246607438E+03      0.3557004024E+03      0.6779705890E+00
0.7760000000E+00      0.9279720689E+03      0.3579467857E+03      0.6787891779E+00
0.7780000000E+00      0.9312891922E+03      0.3601998097E+03      0.6796030055E+00
0.7800000000E+00      0.9346121159E+03      0.3624594697E+03      0.6804121068E+00
0.7820000000E+00      0.9379408421E+03      0.3647257607E+03      0.6812165162E+00
0.7840000000E+00      0.9412753729E+03      0.3669986781E+03      0.6820162683E+00
0.7860000000E+00      0.9446157104E+03      0.3692782170E+03      0.6828113970E+00
0.7880000000E+00      0.9479618566E+03      0.3715643727E+03      0.6836019363E+00
0.7900000000E+00      0.9513138137E+03      0.3738571406E+03      0.6843879197E+00
0.7920000000E+00      0.9546715837E+03      0.3761565158E+03      0.6851693806E+00
0.7940000000E+00      0.9580351684E+03      0.3784624938E+03      0.6859463520E+00
0.7960000000E+00      0.9614045700E+03      0.3807750698E+03      0.6867188668E+00
0.7980000000E+00      0.9647797904E+03      0.3830942393E+03      0.6874869576E+00
0.8000000000E+00      0.9681608315E+03      0.3854199976E+03      0.6882506567E+00
0.8020000000E+00      0.9715476952E+03      0.3877523402E+03      0.6890099962E+00
0.8040000000E+00      0.9749403834E+03      0.3900912625E+03      0.6897650079E+00
0.8060000000E+00      0.9783388980E+03      0.3924367599E+03      0.6905157236E+00
0.8080000000E+00      0.9817432409E+03      0.3947888280E+03      0.6912621744E+00
0.8100000000E+00      0.9851534138E+03      0.3971474622E+03      0.6920043916E+00
0.8120000000E+00      0.9885694186E+03      0.3995126581E+03      0.6927424060E+00
0.8140000000E+00      0.9919912571E+03      0.4018844112E+03      0.6934762484E+00
0.8160000000E+00      0.9954189311E+03      0.4042627171E+03      0.6942059490E+00
0.8180000000E+00      0.9988524423E+03      0.4066475713E+03      0.6949315381E+00
0.8200000000E+00      0.1002291792E+04      0.4090389695E+03      0.6956530456E+00
0.8220000000E+00      0.1005736983E+04      0.4114369074E+03      0.6963705013E+00
0.8240000000E+00      0.1009188016E+04      0.4138413805E+03      0.6970839346E+00
0.8260000000E+00      0.1012644893E+04      0.4162523845E+03      0.6977933748E+00
0.8280000000E+00      0.1016107616E+04      0.4186699152E+03      0.6984988510E+00
0.8300000000E+00      0.1019576186E+04      0.4210939682E+03      0.6992003918E+00
0.8320000000E+00      0.1023050605E+04      0.4235245394E+03      0.6998980261E+00
0.8340000000E+00      0.1026530875E+04      0.4259616244E+03      0.7005917819E+00
0.8360000000E+00      0.1030016997E+04      0.4284052190E+03      0.7012816876E+00
0.8380000000E+00      0.1033508972E+04      0.4308553191E+03      0.7019677710E+00
0.8400000000E+00      0.1037006803E+04      0.4333119204E+03      0.7026500599E+00
0.8420000000E+00      0.1040510491E+04      0.4357750189E+03      0.7033285817E+00
0.8440000000E+00      0.1044020036E+04      0.4382446103E+03      0.7040033637E+00
0.8460000000E+00      0.1047535442E+04      0.4407206906E+03      0.7046744329E+00
0.8480000000E+00      0.1051056709E+04      0.4432032556E+03      0.7053418163E+00
0.8500000000E+00      0.1054583839E+04      0.4456923013E+03      0.7060055404E+00
0.8520000000E+00      0.1058116832E+04      0.4481878237E+03      0.7066656316E+00
0.8540000000E+00      0.1061655692E+04      0.4506898186E+03      0.7073221182E+00
0.8560000000E+00      0.1065200418E+04      0.4531982822E+03      0.7079750223E+00
0.8580000000E+00      0.1068751013E+04      0.4557132103E+03      0.7086243715E+00
0.8600000000E+00      0.1072307478E+04      0.4582345991E+03      0.7092701916E+00
0.8620000000E+00      0.1075869814E+04      0.4607624445E+03      0.7099125080E+00
0.8640000000E+00      0.1079438023E+04      0.4632967427E+03      0.7105513458E+00
0.8660000000E+00      0.1083012105E+04      0.4658374897E+03      0.7111867300E+00
0.8680000000E+00      0.1086592063E+04      0.4683846817E+03      0.7118186854E+00
0.8700000000E+00      0.1090177897E+04      0.4709383147E+03      0.7124472367E+00
0.8720000000E+00      0.1093769609E+04      0.4734983849E+03      0.7130724084E+00
0.8740000000E+00      0.1097367200E+04      0.4760648885E+03      0.7136942245E+00
0.8760000000E+00      0.1100970672E+04      0.4786378217E+03      0.7143127092E+00
0.8780000000E+00      0.1104580025E+04      0.4812171806E+03      0.7149278863E+00
0.8800000000E+00      0.1108195261E+04      0.4838029615E+03      0.7155397794E+00
0.8820000000E+00      0.1111816381E+04      0.4863951607E+03      0.7161484121E+00
0.8840000000E+00      0.1115443386E+04      0.4889937744E+03      0.7167538076E+00
0.8860000000E+00      0.1119076278E+04      0.4915987988E+03      0.7173559890E+00
0.8880000000E+00      0.1122715057E+04      0.4942102304E+03      0.7179549791E+00
0.8900000000E+00      0.1126359725E+04      0.4968280653E+03      0.7185508009E+00
0.8920000000E+00      0.1130010284E+04      0.4994523000E+03      0.7191434768E+00
0.8940000000E+00      0.1133666733E+04      0.5020829308E+03      0.7197330292E+00
0.8960000000E+00      0.1137329074E+04      0.5047199540E+03      0.7203194803E+00
0.8980000000E+00      0.1140997309E+04      0.5073633662E+03      0.7209028520E+00
0.9000000000E+00      0.1144671439E+04      0.5100131636E+03      0.7214831664E+00
0.9020000000E+00      0.1148351463E+04      0.5126693428E+03      0.7220604450E+00
0.9040000000E+00      0.1152037385E+04      0.5153319001E+03      0.7226347093E+00
0.9060000000E+00      0.1155729204E+04      0.5180008321E+03      0.7232059807E+00
0.9080000000E+00      0.1159426922E+04      0.5206761352E+03      0.7237742803E+00
0.9100000000E+00      0.1163130539E+04      0.5233578060E+03      0.7243396292E+00
0.9120000000E+00      0.1166840058E+04      0.5260458409E+03      0.7249020481E+00
0.9140000000E+00      0.1170555478E+04      0.5287402365E+03      0.7254615577E+00
0.9160000000E+00      0.1174276801E+04      0.5314409893E+03      0.7260181785E+00
0.9180000000E+00      0.1178004027E+04      0.5341480961E+03      0.7265719309E+00
0.9200000000E+00      0.1181737159E+04      0.5368615532E+03      0.7271228350E+00
0.9220000000E+00      0.1185476196E+04      0.5395813574E+03      0.7276709109E+00
0.9240000000E+00      0.1189221140E+04      0.5423075053E+03      0.7282161783E+00
0.9260000000E+00      0.1192971991E+04      0.5450399935E+03      0.7287586570E+00
0.9280000000E+00      0.1196728751E+04      0.5477788187E+03      0.7292983665E+00
0.9300000000E+00      0.1200491421E+04      0.5505239775E+03      0.7298353262E+00
0.9320000000E+00      0.1204260001E+04      0.5532754668E+03      0.7303695554E+00
0.9340000000E+00      0.1208034492E+04      0.5560332831E+03      0.7309010731E+00
0.9360000000E+00      0.1211814895E+04      0.5587974233E+03      0.7314298982E+00
0.9380000000E+00      0.1215601211E+04      0.5615678840E+03      0.7319560495E+00
0.9400000000E+00      0.1219393442E+04      0.5643446621E+03      0.7324795457E+00
0.9420000000E+00      0.1223191587E+04      0.5671277543E+03      0.7330004051E+00
0.9440000000E+00      0.1226995647E+04      0.5699171574E+03      0.7335186463E+00
0.9460000000E+00      0.1230805624E+04      0.5727128683E+03      0.7340342872E+00
0.9480000000E+00      0.1234621519E+04      0.5755148838E+03      0.7345473460E+00
0.9500000000E+00      0.1238443331E+04      0.5783232007E+03      0.7350578406E+00
0.9520000000E+00      0.1242271062E+04      0.5811378159E+03      0.7355657888E+00
0.9540000000E+00      0.1246104713E+04      0.5839587263E+03      0.7360712080E+00
0.9560000000E+00      0.1249944284E+04      0.5867859287E+03      0.7365741159E+00
0.9580000000E+00      0.1253789777E+04      0.5896194202E+03      0.7370745297E+00
0.9600000000E+00      0.1257641191E+04      0.5924591976E+03      0.7375724666E+00
0.9620000000E+00      0.1261498529E+04      0.5953052579E+03      0.7380679437E+00
0.9640000000E+00      0.1265361790E+04      0.5981575981E+03      0.7385609780E+00
0.9660000000E+00      0.1269230975E+04      0.6010162151E+03      0.7390515862E+00
0.9680000000E+00      0.1273106085E+04      0.6038811059E+03      0.7395397850E+00
0.9700000000E+00      0.1276987120E+04      0.6067522675E+03      0.7400255909E+00
0.9720000000E+00      0.1280874082E+04      0.6096296970E+03      0.7405090203E+00
0.9740000000E+00      0.1284766971E+04      0.6125133914E+03      0.7409900894E+00
0.9760000000E+00      0.1288665788E+04      0.6154033478E+03      0.7414688145E+00
0.9780000000E+00      0.1292570534E+04      0.6182995633E+03      0.7419452115E+00
0.9800000000E+00      0.1296481208E+04      0.6212020348E+03      0.7424192962E+00
0.9820000000E+00      0.1300397812E+04      0.6241107596E+03      0.7428910845E+00
0.9840000000E+00      0.1304320347E+04      0.6270257347E+03      0.7433605920E+00
0.9860000000E+00      0.1308248813E+04      0.6299469573E+03      0.7438278342E+00
0.9880000000E+00      0.1312183211E+04      0.6328744246E+03      0.7442928265E+00
0.9900000000E+00      0.1316123540E+04      0.6358081337E+03      0.7447555841E+00
0.9920000000E+00      0.1320069803E+04      0.6387480817E+03      0.7452161222E+00
0.9940000000E+00      0.1324022000E+04      0.6416942659E+03      0.7456744557E+00
0.9960000000E+00      0.1327980131E+04      0.6446466835E+03      0.7461305997E+00
0.9980000000E+00      0.1331944196E+04      0.6476053317E+03      0.7465845689E+00
0.1000000000E+01      0.1335914197E+04      0.6505702077E+03      0.7470363780E+00
0.1002000000E+01      0.1339890134E+04      0.6535413089E+03      0.7474860415E+00
0.1004000000E+01      0.1343872007E+04      0.6565186323E+03      0.7479335738E+00
0.1006000000E+01      0.1347859818E+04      0.6595021755E+03      0.7483789893E+00
0.1008000000E+01      0.1351853566E+04      0.6624919355E+03      0.7488223022E+00
0.1010000000E+01      0.1355853253E+04      0.6654879099E+03      0.7492635266E+00
0.1012000000E+01      0.1359858878E+04      0.6684900957E+03      0.7497026766E+00
0.1014000000E+01      0.1363870442E+04      0.6714984905E+03      0.7501397659E+00
0.1016000000E+01      0.1367887947E+04      0.6745130915E+03      0.7505748083E+00
0.1018000000E+01      0.1371911392E+04      0.6775338962E+03      0.7510078175E+00
0.1020000000E+01      0.1375940777E+04      0.6805609019E+03      0.7514388072E+00
0.1022000000E+01      0.1379976104E+04      0.6835941059E+03      0.7518677906E+00
0.1024000000E+01      0.1384017373E+04      0.6866335057E+03      0.7522947811E+00
0.1026000000E+01      0.1388064584E+04      0.6896790988E+03      0.7527197921E+00
0.1028000000E+01      0.1392117739E+04      0.6927308825E+03      0.7531428366E+00
0.1030000000E+01      0.1396176836E+04      0.6957888543E+03      0.7535639277E+00
0.1032000000E+01      0.1400241877E+04      0.6988530116E+03      0.7539830782E+00
0.1034000000E+01      0.1404312863E+04      0.7019233520E+03      0.7544003011E+00
0.1036000000E+01      0.1408389793E+04      0.7049998728E+03      0.7548156090E+00
0.1038000000E+01      0.1412472669E+04      0.7080825717E+03      0.7552290146E+00
0.1040000000E+01      0.1416561490E+04      0.7111714461E+03      0.7556405304E+00
0.1042000000E+01      0.1420656257E+04      0.7142664935E+03      0.7560501689E+00
0.1044000000E+01      0.1424756971E+04      0.7173677116E+03      0.7564579424E+00
0.1046000000E+01      0.1428863631E+04      0.7204750977E+03      0.7568638630E+00
0.1048000000E+01      0.1432976239E+04      0.7235886496E+03      0.7572679430E+00
0.1050000000E+01      0.1437094795E+04      0.7267083647E+03      0.7576701945E+00
0.1052000000E+01      0.1441219299E+04      0.7298342407E+03      0.7580706293E+00
0.1054000000E+01      0.1445349752E+04      0.7329662751E+03      0.7584692593E+00
0.1056000000E+01      0.1449486153E+04      0.7361044656E+03      0.7588660963E+00
0.1058000000E+01      0.1453628504E+04      0.7392488098E+03      0.7592611520E+00
0.1060000000E+01      0.1457776805E+04      0.7423993054E+03      0.7596544380E+00
0.1062000000E+01      0.1461931056E+04      0.7455559499E+03      0.7600459657E+00
0.1064000000E+01      0.1466091257E+04      0.7487187411E+03      0.7604357467E+00
0.1066000000E+01      0.1470257409E+04      0.7518876766E+03      0.7608237921E+00
0.1068000000E+01      0.1474429513E+04      0.7550627541E+03      0.7612101132E+00
0.1070000000E+01      0.1478607568E+04      0.7582439713E+03      0.7615947212E+00
0.1072000000E+01      0.1482791575E+04      0.7614313259E+03      0.7619776281E+00
0.1074000000E+01      0.1486981534E+04      0.7646248157E+03      0.7623588429E+00
0.1076000000E+01      0.1491177446E+04      0.7678244383E+03      0.7627383776E+00
0.1078000000E+01      0.1495379310E+04      0.7710301916E+03      0.7631162428E+00
0.1080000000E+01      0.1499587129E+04      0.7742420732E+03      0.7634924494E+00
0.1082000000E+01      0.1503800900E+04      0.7774600810E+03      0.7638670079E+00
0.1084000000E+01      0.1508020626E+04      0.7806842127E+03      0.7642399289E+00
0.1086000000E+01      0.1512246306E+04      0.7839144661E+03      0.7646112230E+00
0.1088000000E+01      0.1516477940E+04      0.7871508391E+03      0.7649809004E+00
0.1090000000E+01      0.1520715529E+04      0.7903933293E+03      0.7653489715E+00
0.1092000000E+01      0.1524959074E+04      0.7936419348E+03      0.7657154466E+00
0.1094000000E+01      0.1529208573E+04      0.7968966532E+03      0.7660803358E+00
0.1096000000E+01      0.1533464029E+04      0.8001574825E+03      0.7664436491E+00
0.1098000000E+01      0.1537725440E+04      0.8034244204E+03      0.7668053966E+00
0.1100000000E+01      0.1541992808E+04      0.8066974650E+03      0.7671655882E+00
0.1102000000E+01      0.1546266132E+04      0.8099766139E+03      0.7675242338E+00
0.1104000000E+01      0.1550545413E+04      0.8132618653E+03      0.7678813431E+00
0.1106000000E+01      0.1554830651E+04      0.8165532169E+03      0.7682369259E+00
0.1108000000E+01      0.1559121847E+04      0.8198506666E+03      0.7685909917E+00
0.1110000000E+01      0.1563419000E+04      0.8231542124E+03      0.7689435501E+00
0.1112000000E+01      0.1567722111E+04      0.8264638523E+03      0.7692946106E+00
0.1114000000E+01      0.1572031180E+04      0.8297795841E+03      0.7696441825E+00
0.1116000000E+01      0.1576346207E+04      0.8331014058E+03      0.7699922753E+00
0.1118000000E+01      0.1580667193E+04      0.8364293154E+03      0.7703388982E+00
0.1120000000E+01      0.1584994137E+04      0.8397633108E+03      0.7706840604E+00
0.1122000000E+01      0.1589327041E+04      0.8431033901E+03      0.7710277710E+00
0.1124000000E+01      0.1593665904E+04      0.8464495513E+03      0.7713700390E+00
0.1126000000E+01      0.1598010726E+04      0.8498017923E+03      0.7717108735E+00
0.1128000000E+01      0.1602361508E+04      0.8531601112E+03      0.7720502834E+00
0.1130000000E+01      0.1606718249E+04      0.8565245059E+03      0.7723882775E+00
0.1132000000E+01      0.1611080951E+04      0.8598949746E+03      0.7727248646E+00
0.1134000000E+01      0.1615449613E+04      0.8632715153E+03      0.7730600533E+00
0.1136000000E+01      0.1619824236E+04      0.8666541260E+03      0.7733938525E+00
0.1138000000E+01      0.1624204819E+04      0.8700428049E+03      0.7737262706E+00
0.1140000000E+01      0.1628591363E+04      0.8734375499E+03      0.7740573162E+00
0.1142000000E+01      0.1632983868E+04      0.8768383591E+03      0.7743869977E+00
0.1144000000E+01      0.1637382334E+04      0.8802452308E+03      0.7747153236E+00
0.1146000000E+01      0.1641786761E+04      0.8836581629E+03      0.7750423021E+00
0.1148000000E+01      0.1646197150E+04      0.8870771536E+03      0.7753679415E+00
0.1150000000E+01      0.1650613501E+04      0.8905022010E+03      0.7756922500E+00
0.1152000000E+01      0.1655035814E+04      0.8939333032E+03      0.7760152358E+00
0.1154000000E+01      0.1659464088E+04      0.8973704584E+03      0.7763369070E+00
0.1156000000E+01      0.1663898325E+04      0.9008136648E+03      0.7766572716E+00
0.1158000000E+01      0.1668338524E+04      0.9042629205E+03      0.7769763375E+00
0.1160000000E+01      0.1672784686E+04      0.9077182236E+03      0.7772941126E+00
0.1162000000E+01      0.1677236810E+04      0.9111795724E+03      0.7776106048E+00
0.1164000000E+01      0.1681694897E+04      0.9146469651E+03      0.7779258219E+00
0.1166000000E+01      0.1686158947E+04      0.9181203998E+03      0.7782397715E+00
0.1168000000E+01      0.1690628960E+04      0.9215998747E+03      0.7785524615E+00
0.1170000000E+01      0.1695104936E+04      0.9250853882E+03      0.7788638993E+00
0.1172000000E+01      0.1699586876E+04      0.9285769383E+03      0.7791740925E+00
0.1174000000E+01      0.1704074779E+04      0.9320745233E+03      0.7794830487E+00
0.1176000000E+01      0.1708568645E+04      0.9355781416E+03      0.7797907752E+00
0.1178000000E+01      0.1713068475E+04      0.9390877912E+03      0.7800972796E+00
0.1180000000E+01      0.1717574269E+04      0.9426034706E+03      0.7804025690E+00
0.1182000000E+01      0.1722086027E+04      0.9461251779E+03      0.7807066507E+00
0.1184000000E+01      0.1726603749E+04      0.9496529114E+03      0.7810095321E+00
0.1186000000E+01      0.1731127435E+04      0.9531866695E+03      0.7813112203E+00
0.1188000000E+01      0.1735657085E+04      0.9567264504E+03      0.7816117224E+00
0.1190000000E+01      0.1740192699E+04      0.9602722524E+03      0.7819110454E+00
0.1192000000E+01      0.1744734278E+04      0.9638240739E+03      0.7822091964E+00
0.1194000000E+01      0.1749281821E+04      0.9673819131E+03      0.7825061823E+00
0.1196000000E+01      0.1753835329E+04      0.9709457684E+03      0.7828020101E+00
0.1198000000E+01      0.1758394802E+04      0.9745156381E+03      0.7830966866E+00
0.1200000000E+01      0.1762960239E+04      0.9780915206E+03      0.7833902186E+00
