      Rhob                Epsilon              Pressure               SoundV
0.4730000000E-14      0.4409040000E-11      0.6303830000E-24      0.2528270000E-09
0.4760000000E-14      0.4431480000E-11      0.6303830000E-23      0.3286900000E-09
0.4910000000E-14      0.4571720000E-11      0.6303830000E-22      0.3811090000E-09
0.6990000000E-14      0.6506980000E-11      0.7552120000E-21      0.1661210000E-08
0.9900000000E-14      0.9199530000E-11      0.8737990000E-20      0.4506330000E-08
0.2720000000E-13      0.2529870000E-10      0.1061040000E-18      0.2185710000E-07
0.1270000000E-12      0.1189210000E-09      0.3632510000E-17      0.1280710000E-06
0.6930000000E-12      0.6450890000E-09      0.1185870000E-15      0.6813760000E-06
0.6295000000E-11      0.5856290000E-08      0.6081640000E-14      0.1980100000E-05
0.1581000000E-10      0.1470800000E-07      0.3100740000E-13      0.4121830000E-05
0.3972000000E-10      0.3694960000E-07      0.1517290000E-12      0.7788630000E-05
0.9976000000E-10      0.9278060000E-07      0.7183870000E-12      0.1422460000E-04
0.2506000000E-09      0.2331300000E-06      0.3286730000E-11      0.2500930000E-04
0.6294000000E-09      0.5856290000E-06      0.1446760000E-10      0.4207890000E-04
0.1581000000E-08      0.1470800000E-05      0.6088500000E-10      0.6739699893E-04
0.3972000000E-08      0.3695520000E-05      0.2441020000E-09      0.8516180000E-04
0.5000000000E-08      0.4651930000E-05      0.3282360000E-09      0.1052360000E-03
0.9976000000E-08      0.9283670000E-05      0.8956430000E-09      0.1422520000E-03
0.1990000000E-07      0.1852250000E-04      0.2392340000E-08      0.1863930000E-03
0.3972000000E-07      0.3696080000E-04      0.6278870000E-08      0.2408930000E-03
0.7924000000E-07      0.7376450000E-04      0.1625270000E-07      0.3085620000E-03
0.1581000000E-06      0.1471920000E-03      0.4166770000E-07      0.3417580000E-03
0.1990000000E-06      0.1853370000E-03      0.5453750000E-07      0.3860480000E-03
0.3155000000E-06      0.2937680000E-03      0.1016730000E-06      0.4315500000E-03
0.5000000000E-06      0.4656420000E-03      0.1890530000E-06      0.4889620000E-03
0.6294000000E-06      0.5861890000E-03      0.2577080000E-06      0.5509610000E-03
0.7924000000E-06      0.7382060000E-03      0.3143180000E-06      0.6137740000E-03
0.9976000000E-06      0.9294890000E-03      0.4281610000E-06      0.6540150000E-03
0.1581000000E-05      0.1470000000E-02      0.7939080000E-06      0.7285460000E-03
0.2506000000E-05      0.2340000000E-02      0.1470480000E-05      0.8500470000E-03
0.3972000000E-05      0.3700000000E-02      0.2722510000E-05      0.8906300000E-03
0.5000000000E-05      0.4660000000E-02      0.3533890000E-05      0.9510480000E-03
0.6294000000E-05      0.5870000000E-02      0.4807140000E-05      0.1100000000E-02
0.7924000000E-05      0.7390000000E-02      0.6541010000E-05      0.1180000000E-02
0.9976000000E-05      0.9310000000E-02      0.8894020000E-05      0.1280000000E-02
0.1256000000E-04      0.1172000000E-01      0.1209590000E-04      0.1300000000E-02
0.1581000000E-04      0.1476000000E-01      0.1562230000E-04      0.1320000000E-02
0.1990000000E-04      0.1858000000E-01      0.2124580000E-04      0.1390000000E-02
0.2506000000E-04      0.2340000000E-01      0.2888530000E-04      0.1470000000E-02
0.3155000000E-04      0.2947000000E-01      0.3713020000E-04      0.1550000000E-02
0.3972000000E-04      0.3712000000E-01      0.5048680000E-04      0.1820000000E-02
0.5000000000E-04      0.4674000000E-01      0.6865560000E-04      0.1960000000E-02
0.6294000000E-04      0.5884000000E-01      0.9330920000E-04      0.2110000000E-02
0.7924000000E-04      0.7416000000E-01      0.1268880000E-03      0.2150000000E-02
0.9976000000E-04      0.9334000000E-01      0.1620900000E-03      0.2190000000E-02
0.1105000000E-03      0.1034400000E+00      0.1805020000E-03      0.2220000000E-02
0.1256000000E-03      0.1175700000E+00      0.2053430000E-03      0.2270000000E-02
0.1581000000E-03      0.1480900000E+00      0.2791790000E-03      0.2300000000E-02
0.1990000000E-03      0.1865100000E+00      0.3630010000E-03      0.2350000000E-02
0.2506000000E-03      0.2349200000E+00      0.4704780000E-03      0.2420000000E-02
0.2572000000E-03      0.2411500000E+00      0.4871430000E-03      0.1640000000E-02
0.2670000000E-03      0.2502100000E+00      0.4925360000E-03      0.6323770000E-03
0.3126000000E-03      0.2932300000E+00      0.5213460000E-03      0.6351150000E-03
0.3951000000E-03      0.3707800000E+00      0.5679160000E-03      0.6395500000E-03
0.4759000000E-03      0.4467600000E+00      0.6136960000E-03      0.6456670000E-03
0.5812000000E-03      0.5456200000E+00      0.6758550000E-03      0.6505920000E-03
0.7143000000E-03      0.6709200000E+00      0.7601150000E-03      0.7025890000E-03
0.8786000000E-03      0.8252300000E+00      0.8731850000E-03      0.7646840000E-03
0.1077000000E-02      0.1012500000E+01      0.1020000000E-02      0.8354260000E-03
0.1314000000E-02      0.1235290000E+01      0.1220000000E-02      0.9276850000E-03
0.1748000000E-02      0.1643560000E+01      0.1620000000E-02      0.1000000000E-02
0.2000000000E-02      0.1880850000E+01      0.2000000000E-02      0.1100000000E-02
0.4000000000E-02      0.3764610000E+01      0.4510000000E-02      0.1460000000E-02
0.6000000000E-02      0.5649800000E+01      0.7500000000E-02      0.1680000000E-02
0.8000000000E-02      0.7536070000E+01      0.1086000000E-01      0.1880000000E-02
0.1000000000E-01      0.9423230000E+01      0.1458000000E-01      0.2070000000E-02
0.1200000000E-01      0.1131116000E+02      0.1867000000E-01      0.2280000000E-02
0.1400000000E-01      0.1319982000E+02      0.2318000000E-01      0.2510000000E-02
0.1600000000E-01      0.1508915000E+02      0.2814000000E-01      0.2760000000E-02
0.1800000000E-01      0.1697914000E+02      0.3361000000E-01      0.3040000000E-02
0.2000000000E-01      0.1886976000E+02      0.3965000000E-01      0.3340000000E-02
0.2200000000E-01      0.2076101000E+02      0.4624000000E-01      0.3660000000E-02
0.2400000000E-01      0.2265290000E+02      0.5348000000E-01      0.3990000000E-02
0.2600000000E-01      0.2454541000E+02      0.6133000000E-01      0.4330000000E-02
0.2800000000E-01      0.2643855000E+02      0.6988000000E-01      0.4680000000E-02
0.3000000000E-01      0.2833233000E+02      0.7906000000E-01      0.5030000000E-02
0.3200000000E-01      0.3022674000E+02      0.8895000000E-01      0.5390000000E-02
0.3400000000E-01      0.3212179000E+02      0.9948000000E-01      0.5740000000E-02
0.3600000000E-01      0.3401748000E+02      0.1107200000E+00      0.6090000000E-02
0.3800000000E-01      0.3591381000E+02      0.1225900000E+00      0.6440000000E-02
0.4000000000E-01      0.3781078000E+02      0.1351400000E+00      0.6790000000E-02
0.4200000000E-01      0.3970840000E+02      0.1483400000E+00      0.7110000000E-02
0.4400000000E-01      0.4160666000E+02      0.1621100000E+00      0.7420000000E-02
0.4600000000E-01      0.4350556000E+02      0.1765200000E+00      0.7740000000E-02
0.4800000000E-01      0.4540510000E+02      0.1915000000E+00      0.8040000000E-02
0.5000000000E-01      0.4730528000E+02      0.2070600000E+00      0.8310000000E-02
0.5200000000E-01      0.4920608000E+02      0.2230900000E+00      0.8580000000E-02
0.5400000000E-01      0.5110752000E+02      0.2396900000E+00      0.8870000000E-02
0.5600000000E-01      0.5300958000E+02      0.2568200000E+00      0.9120000000E-02
0.5800000000E-01      0.5491227000E+02      0.2743700000E+00      0.9340000000E-02
0.6000000000E-01      0.5681556000E+02      0.2923800000E+00      0.9690000000E-02
0.6200000000E-01      0.5871946000E+02      0.3101200000E+00      0.1002000000E-01
0.6400000000E-01      0.6062394000E+02      0.3290400000E+00      0.1028000000E-01
0.6600000000E-01      0.6252904000E+02      0.3483400000E+00      0.1069000000E-01
0.6800000000E-01      0.6443473000E+02      0.3679800000E+00      0.1101000000E-01
0.7000000000E-01      0.6634095000E+02      0.3861300000E+00      0.1136000000E-01
0.7900000000E-01      0.7490666341E+02      0.3919793255E+00      0.1211677791E-01
0.8100000000E-01      0.7681325323E+02      0.4156868397E+00      0.1274118772E-01
0.8300000000E-01      0.7872044331E+02      0.4406126816E+00      0.1338612854E-01
0.8500000000E-01      0.8062824903E+02      0.4667968831E+00      0.1405149082E-01
0.8700000000E-01      0.8253668599E+02      0.4942793538E+00      0.1473718116E-01
0.8900000000E-01      0.8444576997E+02      0.5230999142E+00      0.1544312289E-01
0.9100000000E-01      0.8635551695E+02      0.5532983304E+00      0.1616925638E-01
0.9300000000E-01      0.8826594308E+02      0.5849143483E+00      0.1691553903E-01
0.9500000000E-01      0.9017706466E+02      0.6179877286E+00      0.1768194515E-01
0.9700000000E-01      0.9208889816E+02      0.6525582807E+00      0.1846846562E-01
0.9900000000E-01      0.9400146017E+02      0.6886658963E+00      0.1927510732E-01
0.1010000000E+00      0.9591476743E+02      0.7263505815E+00      0.2010189253E-01
0.1030000000E+00      0.9782883682E+02      0.7656524884E+00      0.2094885816E-01
0.1050000000E+00      0.9974368532E+02      0.8066119438E+00      0.2181605482E-01
0.1070000000E+00      0.1016593301E+03      0.8492694784E+00      0.2270354597E-01
0.1090000000E+00      0.1035757883E+03      0.8936658519E+00      0.2361140686E-01
0.1110000000E+00      0.1054930773E+03      0.9398420781E+00      0.2453972344E-01
0.1130000000E+00      0.1074112146E+03      0.9878394466E+00      0.2548859136E-01
0.1150000000E+00      0.1093302160E+03      0.1037321269E+01      0.2603436021E-01
0.1170000000E+00      0.1112500877E+03      0.1088033452E+01      0.2680111834E-01
0.1190000000E+00      0.1131708397E+03      0.1140346743E+01      0.2766260952E-01
0.1210000000E+00      0.1150924852E+03      0.1194397181E+01      0.2857910049E-01
0.1230000000E+00      0.1170150392E+03      0.1250277825E+01      0.2953749914E-01
0.1250000000E+00      0.1189385171E+03      0.1308064632E+01      0.3053154066E-01
0.1270000000E+00      0.1208629353E+03      0.1367824690E+01      0.3155766391E-01
0.1290000000E+00      0.1227883105E+03      0.1429619833E+01      0.3261362941E-01
0.1310000000E+00      0.1247146599E+03      0.1493508525E+01      0.3369793265E-01
0.1330000000E+00      0.1266420009E+03      0.1559546958E+01      0.3480951529E-01
0.1350000000E+00      0.1285703515E+03      0.1627789740E+01      0.3594760749E-01
0.1370000000E+00      0.1304997297E+03      0.1698290349E+01      0.3711163496E-01
0.1390000000E+00      0.1324301539E+03      0.1771101452E+01      0.3830116072E-01
0.1410000000E+00      0.1343616426E+03      0.1846275128E+01      0.3951584689E-01
0.1430000000E+00      0.1362942146E+03      0.1923863037E+01      0.4075542844E-01
0.1450000000E+00      0.1382278889E+03      0.2003916540E+01      0.4201969468E-01
0.1470000000E+00      0.1401626846E+03      0.2086486795E+01      0.4330847577E-01
0.1490000000E+00      0.1420986210E+03      0.2171624938E+01      0.4462404010E-01
0.1510000000E+00      0.1440357178E+03      0.2259381692E+01      0.4596152200E-01
0.1530000000E+00      0.1459739945E+03      0.2349808074E+01      0.4731989787E-01
0.1550000000E+00      0.1479134709E+03      0.2442954985E+01      0.4870550947E-01
0.1570000000E+00      0.1498541670E+03      0.2538873341E+01      0.5011511377E-01
0.1590000000E+00      0.1517961028E+03      0.2637614091E+01      0.5154863783E-01
0.1610000000E+00      0.1537392987E+03      0.2739228227E+01      0.5300601154E-01
0.1630000000E+00      0.1556837749E+03      0.2843766790E+01      0.5448716544E-01
0.1650000000E+00      0.1576295522E+03      0.2951280698E+01      0.5598814094E-01
0.1670000000E+00      0.1595766507E+03      0.3061821443E+01      0.5751652476E-01
0.1690000000E+00      0.1615250914E+03      0.3175440049E+01      0.5906846697E-01
0.1710000000E+00      0.1634748951E+03      0.3292187750E+01      0.6064388587E-01
0.1730000000E+00      0.1654260825E+03      0.3412115975E+01      0.6224623479E-01
0.1750000000E+00      0.1673786752E+03      0.3535275719E+01      0.6386844381E-01
0.1770000000E+00      0.1693326941E+03      0.3661718446E+01      0.6551384900E-01
0.1790000000E+00      0.1712881606E+03      0.3791495479E+01      0.6718234182E-01
0.1810000000E+00      0.1732450958E+03      0.3924658131E+01      0.6887380582E-01
0.1830000000E+00      0.1752035214E+03      0.4061257695E+01      0.7058811613E-01
0.1850000000E+00      0.1771634589E+03      0.4201345429E+01      0.7232513929E-01
0.1870000000E+00      0.1791249298E+03      0.4344972542E+01      0.7408473301E-01
0.1890000000E+00      0.1810879560E+03      0.4492190177E+01      0.7586674597E-01
0.1910000000E+00      0.1830525593E+03      0.4643049399E+01      0.7767101776E-01
0.1930000000E+00      0.1850187614E+03      0.4797601180E+01      0.7949742802E-01
0.1950000000E+00      0.1869865845E+03      0.4955896372E+01      0.8134569952E-01
0.1970000000E+00      0.1889560504E+03      0.5117985707E+01      0.8321569361E-01
0.1990000000E+00      0.1909271814E+03      0.5283919771E+01      0.8510721325E-01
0.2010000000E+00      0.1928999996E+03      0.5453748990E+01      0.8702005236E-01
0.2030000000E+00      0.1948745271E+03      0.5627523615E+01      0.8895399595E-01
0.2050000000E+00      0.1968507863E+03      0.5805293704E+01      0.9090882024E-01
0.2070000000E+00      0.1988287996E+03      0.5987109108E+01      0.9288429281E-01
0.2090000000E+00      0.2008085892E+03      0.6173019454E+01      0.9488017275E-01
0.2110000000E+00      0.2027901776E+03      0.6363074132E+01      0.9689621094E-01
0.2130000000E+00      0.2047735872E+03      0.6557322276E+01      0.9893215014E-01
0.2150000000E+00      0.2067588406E+03      0.6755812753E+01      0.1009877253E+00
0.2170000000E+00      0.2087459604E+03      0.6958594143E+01      0.1030626638E+00
0.2190000000E+00      0.2107349690E+03      0.7165714732E+01      0.1051566856E+00
0.2210000000E+00      0.2127258891E+03      0.7377222493E+01      0.1072695038E+00
0.2230000000E+00      0.2147187433E+03      0.7593165072E+01      0.1094008242E+00
0.2250000000E+00      0.2167135542E+03      0.7813589779E+01      0.1115503466E+00
0.2270000000E+00      0.2187103445E+03      0.8038543570E+01      0.1137177642E+00
0.2290000000E+00      0.2207091369E+03      0.8268073041E+01      0.1159028156E+00
0.2310000000E+00      0.2227099540E+03      0.8502224404E+01      0.1181050794E+00
0.2330000000E+00      0.2247128185E+03      0.8741043490E+01      0.1203242836E+00
0.2350000000E+00      0.2267177532E+03      0.8984575732E+01      0.1225600992E+00
0.2370000000E+00      0.2287247807E+03      0.9232866150E+01      0.1248121926E+00
0.2390000000E+00      0.2307339236E+03      0.9485959346E+01      0.1270802256E+00
0.2410000000E+00      0.2327452047E+03      0.9743899492E+01      0.1293638558E+00
0.2430000000E+00      0.2347586466E+03      0.1000673032E+02      0.1316627370E+00
0.2450000000E+00      0.2367742719E+03      0.1027449512E+02      0.1339765191E+00
0.2470000000E+00      0.2387921034E+03      0.1054723671E+02      0.1363048491E+00
0.2490000000E+00      0.2408121635E+03      0.1082499746E+02      0.1386417276E+00
0.2510000000E+00      0.2428344749E+03      0.1110781926E+02      0.1409979445E+00
0.2530000000E+00      0.2448590602E+03      0.1139574353E+02      0.1433651946E+00
0.2550000000E+00      0.2468859418E+03      0.1168881118E+02      0.1457479169E+00
0.2570000000E+00      0.2489151423E+03      0.1198706265E+02      0.1481433786E+00
0.2590000000E+00      0.2509466840E+03      0.1229053787E+02      0.1505512126E+00
0.2610000000E+00      0.2529805895E+03      0.1259927627E+02      0.1529710504E+00
0.2630000000E+00      0.2550168810E+03      0.1291331678E+02      0.1554025228E+00
0.2650000000E+00      0.2570555809E+03      0.1323269780E+02      0.1578452595E+00
0.2670000000E+00      0.2590967115E+03      0.1355745722E+02      0.1602988897E+00
0.2690000000E+00      0.2611402950E+03      0.1388763241E+02      0.1627630425E+00
0.2710000000E+00      0.2631863535E+03      0.1422326020E+02      0.1652373466E+00
0.2730000000E+00      0.2652349092E+03      0.1456437691E+02      0.1677214313E+00
0.2750000000E+00      0.2672859841E+03      0.1491101832E+02      0.1702149260E+00
0.2770000000E+00      0.2693396002E+03      0.1526321967E+02      0.1727174608E+00
0.2790000000E+00      0.2713957794E+03      0.1562101569E+02      0.1752286667E+00
0.2810000000E+00      0.2734545436E+03      0.1598444053E+02      0.1777481758E+00
0.2830000000E+00      0.2755159145E+03      0.1635352784E+02      0.1802756215E+00
0.2850000000E+00      0.2775799140E+03      0.1672831071E+02      0.1828106385E+00
0.2870000000E+00      0.2796465635E+03      0.1710882170E+02      0.1853528634E+00
0.2890000000E+00      0.2817158847E+03      0.1749509281E+02      0.1879019344E+00
0.2910000000E+00      0.2837878991E+03      0.1788715551E+02      0.1904574919E+00
0.2930000000E+00      0.2858626280E+03      0.1828504075E+02      0.1930191784E+00
0.2950000000E+00      0.2879400928E+03      0.1868877890E+02      0.1955866390E+00
0.2970000000E+00      0.2900203147E+03      0.1909839981E+02      0.1981595211E+00
0.2990000000E+00      0.2921033145E+03      0.1951393304E+02      0.2007434913E+00
0.3010000000E+00      0.2941891139E+03      0.1993540689E+02      0.2033262674E+00
0.3030000000E+00      0.2962777337E+03      0.2036284982E+02      0.2059134242E+00
0.3050000000E+00      0.2983691946E+03      0.2079628955E+02      0.2085046209E+00
0.3070000000E+00      0.3004635175E+03      0.2123575323E+02      0.2110995196E+00
0.3090000000E+00      0.3025607229E+03      0.2168126751E+02      0.2136977859E+00
0.3110000000E+00      0.3046608316E+03      0.2213285851E+02      0.2162990888E+00
0.3130000000E+00      0.3067638640E+03      0.2259055180E+02      0.2189031009E+00
0.3150000000E+00      0.3088698405E+03      0.2305437246E+02      0.2215094987E+00
0.3170000000E+00      0.3109787814E+03      0.2352434502E+02      0.2241179616E+00
0.3190000000E+00      0.3130907069E+03      0.2400049352E+02      0.2267281737E+00
0.3210000000E+00      0.3152056370E+03      0.2448284147E+02      0.2293398229E+00
0.3230000000E+00      0.3173235920E+03      0.2497141169E+02      0.2319493380E+00
0.3250000000E+00      0.3194445913E+03      0.2546622704E+02      0.2345629034E+00
0.3270000000E+00      0.3215686548E+03      0.2596730935E+02      0.2371769932E+00
0.3290000000E+00      0.3236958023E+03      0.2647468011E+02      0.2397913117E+00
0.3310000000E+00      0.3258260532E+03      0.2698836033E+02      0.2424055675E+00
0.3330000000E+00      0.3279594270E+03      0.2750837051E+02      0.2450194733E+00
0.3350000000E+00      0.3300959431E+03      0.2803473070E+02      0.2476327463E+00
0.3370000000E+00      0.3322356206E+03      0.2856746043E+02      0.2502451082E+00
0.3390000000E+00      0.3343784786E+03      0.2910657877E+02      0.2528562849E+00
0.3410000000E+00      0.3365245362E+03      0.2965210433E+02      0.2554660071E+00
0.3430000000E+00      0.3386738121E+03      0.3020405523E+02      0.2580740098E+00
0.3450000000E+00      0.3408263251E+03      0.3076244914E+02      0.2606800325E+00
0.3470000000E+00      0.3429820939E+03      0.3132730327E+02      0.2632838196E+00
0.3490000000E+00      0.3451411370E+03      0.3189863437E+02      0.2658851196E+00
0.3510000000E+00      0.3473034728E+03      0.3247645875E+02      0.2684836859E+00
0.3530000000E+00      0.3494691195E+03      0.3306079228E+02      0.2710792766E+00
0.3550000000E+00      0.3516380954E+03      0.3365165038E+02      0.2736716540E+00
0.3570000000E+00      0.3538104184E+03      0.3424904804E+02      0.2762605855E+00
0.3590000000E+00      0.3559861062E+03      0.3485300011E+02      0.2788530630E+00
0.3610000000E+00      0.3581651772E+03      0.3546352018E+02      0.2814345030E+00
0.3630000000E+00      0.3603476489E+03      0.3608062224E+02      0.2840118261E+00
0.3650000000E+00      0.3625335387E+03      0.3670431961E+02      0.2865848179E+00
0.3670000000E+00      0.3647228641E+03      0.3733462520E+02      0.2891532685E+00
0.3690000000E+00      0.3669156424E+03      0.3797155151E+02      0.2917169725E+00
0.3710000000E+00      0.3691118909E+03      0.3861511065E+02      0.2942757293E+00
0.3730000000E+00      0.3713116265E+03      0.3926531433E+02      0.2968293426E+00
0.3750000000E+00      0.3735148664E+03      0.3992217390E+02      0.2993776208E+00
0.3770000000E+00      0.3757216272E+03      0.4058570031E+02      0.3019203766E+00
0.3790000000E+00      0.3779319258E+03      0.4125590413E+02      0.3044574272E+00
0.3810000000E+00      0.3801457787E+03      0.4193279557E+02      0.3069885943E+00
0.3830000000E+00      0.3823632024E+03      0.4261638449E+02      0.3095137040E+00
0.3850000000E+00      0.3845842133E+03      0.4330668036E+02      0.3120325867E+00
0.3870000000E+00      0.3868088275E+03      0.4400369233E+02      0.3145450770E+00
0.3890000000E+00      0.3890370612E+03      0.4470742919E+02      0.3170510142E+00
0.3910000000E+00      0.3912689304E+03      0.4541789937E+02      0.3195502414E+00
0.3930000000E+00      0.3935044509E+03      0.4613511100E+02      0.3220426061E+00
0.3950000000E+00      0.3957436385E+03      0.4685907184E+02      0.3245279601E+00
0.3970000000E+00      0.3979865089E+03      0.4758978936E+02      0.3270061592E+00
0.3990000000E+00      0.4002330774E+03      0.4832727067E+02      0.3294770634E+00
0.4010000000E+00      0.4024833596E+03      0.4907152261E+02      0.3319405365E+00
0.4030000000E+00      0.4047373706E+03      0.4982255166E+02      0.3343964465E+00
0.4050000000E+00      0.4069951256E+03      0.5058036405E+02      0.3368446655E+00
0.4070000000E+00      0.4092566397E+03      0.5134496566E+02      0.3392850692E+00
0.4090000000E+00      0.4115219277E+03      0.5211636210E+02      0.3417175374E+00
0.4110000000E+00      0.4137910044E+03      0.5289455869E+02      0.3441419536E+00
0.4130000000E+00      0.4160638845E+03      0.5367956047E+02      0.3465581999E+00
0.4150000000E+00      0.4183405826E+03      0.5447137218E+02      0.3489661779E+00
0.4170000000E+00      0.4206211130E+03      0.5526999831E+02      0.3513657769E+00
0.4190000000E+00      0.4229054901E+03      0.5607544306E+02      0.3537568952E+00
0.4210000000E+00      0.4251937280E+03      0.5688771037E+02      0.3561394347E+00
0.4230000000E+00      0.4274858410E+03      0.5770680394E+02      0.3585133008E+00
0.4250000000E+00      0.4297818428E+03      0.5853272720E+02      0.3608784023E+00
0.4270000000E+00      0.4320817474E+03      0.5936548332E+02      0.3632346515E+00
0.4290000000E+00      0.4343855685E+03      0.6020507524E+02      0.3655819641E+00
0.4310000000E+00      0.4366933197E+03      0.6105150565E+02      0.3679202589E+00
0.4330000000E+00      0.4390050145E+03      0.6190477701E+02      0.3702494581E+00
0.4350000000E+00      0.4413206663E+03      0.6276489155E+02      0.3725694872E+00
0.4370000000E+00      0.4436402884E+03      0.6363185128E+02      0.3748802746E+00
0.4390000000E+00      0.4459638939E+03      0.6450565796E+02      0.3771817521E+00
0.4410000000E+00      0.4482914960E+03      0.6538631316E+02      0.3794738543E+00
0.4430000000E+00      0.4506231074E+03      0.6627381822E+02      0.3817565188E+00
0.4450000000E+00      0.4529587411E+03      0.6716817429E+02      0.3840296863E+00
0.4470000000E+00      0.4552984097E+03      0.6806938230E+02      0.3862933003E+00
0.4490000000E+00      0.4576421260E+03      0.6897744298E+02      0.3885473071E+00
0.4510000000E+00      0.4599899023E+03      0.6989235687E+02      0.3907916559E+00
0.4530000000E+00      0.4623417510E+03      0.7081412431E+02      0.3930184468E+00
0.4550000000E+00      0.4646976845E+03      0.7174274546E+02      0.3952432742E+00
0.4570000000E+00      0.4670577149E+03      0.7267822029E+02      0.3974583074E+00
0.4590000000E+00      0.4694218542E+03      0.7362054860E+02      0.3996635061E+00
0.4610000000E+00      0.4717901145E+03      0.7456973000E+02      0.4018588326E+00
0.4630000000E+00      0.4741625076E+03      0.7552576394E+02      0.4040442516E+00
0.4650000000E+00      0.4765390452E+03      0.7648864970E+02      0.4062197303E+00
0.4670000000E+00      0.4789197389E+03      0.7745838638E+02      0.4083852383E+00
0.4690000000E+00      0.4813046004E+03      0.7843497294E+02      0.4105407473E+00
0.4710000000E+00      0.4836936410E+03      0.7941840818E+02      0.4126862315E+00
0.4730000000E+00      0.4860868721E+03      0.8040869074E+02      0.4148216673E+00
0.4750000000E+00      0.4884843049E+03      0.8140581911E+02      0.4169470333E+00
0.4770000000E+00      0.4908859505E+03      0.8240979162E+02      0.4190623101E+00
0.4790000000E+00      0.4932918200E+03      0.8342060650E+02      0.4211674805E+00
0.4810000000E+00      0.4957019243E+03      0.8443826180E+02      0.4232625293E+00
0.4830000000E+00      0.4981162742E+03      0.8546275545E+02      0.4253474434E+00
0.4850000000E+00      0.5005348805E+03      0.8649408524E+02      0.4274222114E+00
0.4870000000E+00      0.5029577538E+03      0.8753224884E+02      0.4294868240E+00
0.4890000000E+00      0.5053849046E+03      0.8857724379E+02      0.4315412738E+00
0.4910000000E+00      0.5078163433E+03      0.8962906751E+02      0.4335855551E+00
0.4930000000E+00      0.5102520804E+03      0.9068771729E+02      0.4356196640E+00
0.4950000000E+00      0.5126921260E+03      0.9175319031E+02      0.4376435984E+00
0.4970000000E+00      0.5151364904E+03      0.9282548364E+02      0.4396573577E+00
0.4990000000E+00      0.5175851835E+03      0.9390459424E+02      0.4416609431E+00
0.5010000000E+00      0.5200382153E+03      0.9499051895E+02      0.4436543574E+00
0.5030000000E+00      0.5224955958E+03      0.9608325452E+02      0.4456376051E+00
0.5050000000E+00      0.5249573347E+03      0.9718279758E+02      0.4476106918E+00
0.5070000000E+00      0.5274234417E+03      0.9828914469E+02      0.4495736250E+00
0.5090000000E+00      0.5298939263E+03      0.9940229228E+02      0.4515264135E+00
0.5110000000E+00      0.5323687982E+03      0.1005222367E+03      0.4534690675E+00
0.5130000000E+00      0.5348480667E+03      0.1016489742E+03      0.4554015985E+00
0.5150000000E+00      0.5373317412E+03      0.1027825010E+03      0.4573240195E+00
0.5170000000E+00      0.5398198309E+03      0.1039228132E+03      0.4592363446E+00
0.5190000000E+00      0.5423123450E+03      0.1050699066E+03      0.4611385894E+00
0.5210000000E+00      0.5448092925E+03      0.1062237774E+03      0.4630307705E+00
0.5230000000E+00      0.5473106825E+03      0.1073844213E+03      0.4649129058E+00
0.5250000000E+00      0.5498165238E+03      0.1085518341E+03      0.4667850144E+00
0.5270000000E+00      0.5523268253E+03      0.1097260114E+03      0.4686471178E+00
0.5290000000E+00      0.5548415957E+03      0.1109069489E+03      0.4704992345E+00
0.5310000000E+00      0.5573608436E+03      0.1120946422E+03      0.4723413882E+00
0.5330000000E+00      0.5598845777E+03      0.1132890867E+03      0.4741736023E+00
0.5350000000E+00      0.5624128064E+03      0.1144902779E+03      0.4759959010E+00
0.5370000000E+00      0.5649455381E+03      0.1156982110E+03      0.4778083097E+00
0.5390000000E+00      0.5674827812E+03      0.1169128815E+03      0.4796108545E+00
0.5410000000E+00      0.5700245439E+03      0.1181342845E+03      0.4814035627E+00
0.5430000000E+00      0.5725708344E+03      0.1193624152E+03      0.4831864623E+00
0.5450000000E+00      0.5751216608E+03      0.1205972687E+03      0.4849595820E+00
0.5470000000E+00      0.5776770311E+03      0.1218388401E+03      0.4867229516E+00
0.5490000000E+00      0.5802369532E+03      0.1230871245E+03      0.4884766016E+00
0.5510000000E+00      0.5828014350E+03      0.1243421167E+03      0.4902205631E+00
0.5530000000E+00      0.5853704842E+03      0.1256038118E+03      0.4919548681E+00
0.5550000000E+00      0.5879441087E+03      0.1268722046E+03      0.4936795494E+00
0.5570000000E+00      0.5905223161E+03      0.1281472899E+03      0.4953946403E+00
0.5590000000E+00      0.5931051138E+03      0.1294290625E+03      0.4971001747E+00
0.5610000000E+00      0.5956925094E+03      0.1307175172E+03      0.4987961875E+00
0.5630000000E+00      0.5982845104E+03      0.1320126487E+03      0.5004827138E+00
0.5650000000E+00      0.6008811240E+03      0.1333144517E+03      0.5021597896E+00
0.5670000000E+00      0.6034823576E+03      0.1346229208E+03      0.5038274512E+00
0.5690000000E+00      0.6060882183E+03      0.1359380506E+03      0.5054857357E+00
0.5710000000E+00      0.6086987134E+03      0.1372598357E+03      0.5071346805E+00
0.5730000000E+00      0.6113138497E+03      0.1385882706E+03      0.5087743236E+00
0.5750000000E+00      0.6139336345E+03      0.1399233498E+03      0.5104047037E+00
0.5770000000E+00      0.6165580745E+03      0.1412650679E+03      0.5120258595E+00
0.5790000000E+00      0.6191871768E+03      0.1426134193E+03      0.5136378304E+00
0.5810000000E+00      0.6218209479E+03      0.1439683984E+03      0.5152406564E+00
0.5830000000E+00      0.6244593948E+03      0.1453299996E+03      0.5168343775E+00
0.5850000000E+00      0.6271025240E+03      0.1466982174E+03      0.5184190344E+00
0.5870000000E+00      0.6297503422E+03      0.1480730460E+03      0.5199946681E+00
0.5890000000E+00      0.6324028559E+03      0.1494544799E+03      0.5215613198E+00
0.5910000000E+00      0.6350600716E+03      0.1508425133E+03      0.5231190311E+00
0.5930000000E+00      0.6377219957E+03      0.1522371406E+03      0.5246678440E+00
0.5950000000E+00      0.6403886345E+03      0.1536383560E+03      0.5262078007E+00
0.5970000000E+00      0.6430599944E+03      0.1550461538E+03      0.5277389438E+00
0.5990000000E+00      0.6457360815E+03      0.1564605284E+03      0.5292613159E+00
0.6010000000E+00      0.6484169020E+03      0.1578814738E+03      0.5307749602E+00
0.6030000000E+00      0.6511024620E+03      0.1593089845E+03      0.5322799199E+00
0.6050000000E+00      0.6537927677E+03      0.1607430545E+03      0.5337762384E+00
0.6070000000E+00      0.6564878248E+03      0.1621836781E+03      0.5352639594E+00
0.6090000000E+00      0.6591876395E+03      0.1636308496E+03      0.5367431268E+00
0.6110000000E+00      0.6618922175E+03      0.1650845631E+03      0.5382137847E+00
0.6130000000E+00      0.6646015647E+03      0.1665448127E+03      0.5396759771E+00
0.6150000000E+00      0.6673156868E+03      0.1680115928E+03      0.5411297484E+00
0.6170000000E+00      0.6700345895E+03      0.1694848974E+03      0.5425751432E+00
0.6190000000E+00      0.6727582785E+03      0.1709647207E+03      0.5440122061E+00
0.6210000000E+00      0.6754867594E+03      0.1724510569E+03      0.5454409816E+00
0.6230000000E+00      0.6782200377E+03      0.1739439002E+03      0.5468615148E+00
0.6250000000E+00      0.6809581188E+03      0.1754432447E+03      0.5482738503E+00
0.6270000000E+00      0.6837010082E+03      0.1769490846E+03      0.5496780333E+00
0.6290000000E+00      0.6864487113E+03      0.1784614140E+03      0.5510741088E+00
0.6310000000E+00      0.6892012333E+03      0.1799802272E+03      0.5524621219E+00
0.6330000000E+00      0.6919585796E+03      0.1815055182E+03      0.5538421177E+00
0.6350000000E+00      0.6947207554E+03      0.1830372813E+03      0.5552141414E+00
0.6370000000E+00      0.6974877658E+03      0.1845755105E+03      0.5565782382E+00
0.6390000000E+00      0.7002596160E+03      0.1861202002E+03      0.5579344534E+00
0.6410000000E+00      0.7030363110E+03      0.1876713443E+03      0.5592828321E+00
0.6430000000E+00      0.7058178558E+03      0.1892289372E+03      0.5606234195E+00
0.6450000000E+00      0.7086042553E+03      0.1907929730E+03      0.5619562610E+00
0.6470000000E+00      0.7113955146E+03      0.1923634459E+03      0.5632814018E+00
0.6490000000E+00      0.7141916385E+03      0.1939403500E+03      0.5645988868E+00
0.6510000000E+00      0.7169926317E+03      0.1955236797E+03      0.5659087614E+00
0.6530000000E+00      0.7197984991E+03      0.1971134290E+03      0.5672110706E+00
0.6550000000E+00      0.7226092454E+03      0.1987095923E+03      0.5685058595E+00
0.6570000000E+00      0.7254248752E+03      0.2003121636E+03      0.5697931730E+00
0.6590000000E+00      0.7282453933E+03      0.2019211373E+03      0.5710730560E+00
0.6610000000E+00      0.7310708041E+03      0.2035365077E+03      0.5723455535E+00
0.6630000000E+00      0.7339011123E+03      0.2051582688E+03      0.5736107101E+00
0.6650000000E+00      0.7367363222E+03      0.2067864151E+03      0.5748685707E+00
0.6670000000E+00      0.7395764385E+03      0.2084209408E+03      0.5761191797E+00
0.6690000000E+00      0.7424214654E+03      0.2100618401E+03      0.5773625818E+00
0.6710000000E+00      0.7452714074E+03      0.2117091074E+03      0.5785988238E+00
0.6730000000E+00      0.7481262687E+03      0.2133627370E+03      0.5798279449E+00
0.6750000000E+00      0.7509860537E+03      0.2150227231E+03      0.5810499919E+00
0.6770000000E+00      0.7538507666E+03      0.2166890602E+03      0.5822650089E+00
0.6790000000E+00      0.7567204115E+03      0.2183617426E+03      0.5834730398E+00
0.6810000000E+00      0.7595949927E+03      0.2200407645E+03      0.5846741284E+00
0.6830000000E+00      0.7624745143E+03      0.2217261205E+03      0.5858683184E+00
0.6850000000E+00      0.7653589802E+03      0.2234178048E+03      0.5870556533E+00
0.6870000000E+00      0.7682483946E+03      0.2251158120E+03      0.5882361767E+00
0.6890000000E+00      0.7711427615E+03      0.2268201363E+03      0.5894099316E+00
0.6910000000E+00      0.7740420848E+03      0.2285307723E+03      0.5905769613E+00
0.6930000000E+00      0.7769463683E+03      0.2302477143E+03      0.5917373088E+00
0.6950000000E+00      0.7798556161E+03      0.2319709569E+03      0.5928910167E+00
0.6970000000E+00      0.7827698319E+03      0.2337004945E+03      0.5940381278E+00
0.6990000000E+00      0.7856890195E+03      0.2354363217E+03      0.5951786846E+00
0.7010000000E+00      0.7886131827E+03      0.2371784328E+03      0.5963127293E+00
0.7030000000E+00      0.7915423253E+03      0.2389268225E+03      0.5974403041E+00
0.7050000000E+00      0.7944764508E+03      0.2406814854E+03      0.5985614510E+00
0.7070000000E+00      0.7974155630E+03      0.2424424159E+03      0.5996762118E+00
0.7090000000E+00      0.8003596655E+03      0.2442096086E+03      0.6007846281E+00
0.7110000000E+00      0.8033087618E+03      0.2459830582E+03      0.6018867413E+00
0.7130000000E+00      0.8062628555E+03      0.2477627593E+03      0.6029825927E+00
0.7150000000E+00      0.8092219501E+03      0.2495487064E+03      0.6040722234E+00
0.7170000000E+00      0.8121860491E+03      0.2513408943E+03      0.6051556742E+00
0.7190000000E+00      0.8151551560E+03      0.2531393177E+03      0.6062329858E+00
0.7210000000E+00      0.8181292740E+03      0.2549439711E+03      0.6073041987E+00
0.7230000000E+00      0.8211084067E+03      0.2567548494E+03      0.6083693533E+00
0.7250000000E+00      0.8240925573E+03      0.2585719472E+03      0.6094284895E+00
0.7270000000E+00      0.8270817292E+03      0.2603952594E+03      0.6104816474E+00
0.7290000000E+00      0.8300759256E+03      0.2622247806E+03      0.6115288666E+00
0.7310000000E+00      0.8330751498E+03      0.2640605056E+03      0.6125701866E+00
0.7330000000E+00      0.8360794050E+03      0.2659024293E+03      0.6136056468E+00
0.7350000000E+00      0.8390886943E+03      0.2677505465E+03      0.6146352861E+00
0.7370000000E+00      0.8421030209E+03      0.2696048521E+03      0.6156591436E+00
0.7390000000E+00      0.8451223880E+03      0.2714653408E+03      0.6166772579E+00
0.7410000000E+00      0.8481467986E+03      0.2733320076E+03      0.6176896674E+00
0.7430000000E+00      0.8511762557E+03      0.2752048474E+03      0.6186964104E+00
0.7450000000E+00      0.8542107624E+03      0.2770838552E+03      0.6196975250E+00
0.7470000000E+00      0.8572503218E+03      0.2789690258E+03      0.6206930490E+00
0.7490000000E+00      0.8602949366E+03      0.2808603542E+03      0.6216830201E+00
0.7510000000E+00      0.8633446100E+03      0.2827578355E+03      0.6226674756E+00
0.7530000000E+00      0.8663993448E+03      0.2846614645E+03      0.6236464527E+00
0.7550000000E+00      0.8694591438E+03      0.2865712365E+03      0.6246199885E+00
0.7570000000E+00      0.8725240100E+03      0.2884871463E+03      0.6255881198E+00
0.7590000000E+00      0.8755939461E+03      0.2904091892E+03      0.6265508829E+00
0.7610000000E+00      0.8786689550E+03      0.2923373601E+03      0.6275083144E+00
0.7630000000E+00      0.8817490393E+03      0.2942716542E+03      0.6284604503E+00
0.7650000000E+00      0.8848342020E+03      0.2962120666E+03      0.6294073265E+00
0.7670000000E+00      0.8879244456E+03      0.2981585925E+03      0.6303489788E+00
0.7690000000E+00      0.8910197728E+03      0.3001112270E+03      0.6312854426E+00
0.7710000000E+00      0.8941201864E+03      0.3020699654E+03      0.6322167531E+00
0.7730000000E+00      0.8972256889E+03      0.3040348028E+03      0.6331429454E+00
0.7750000000E+00      0.9003362829E+03      0.3060057345E+03      0.6340640543E+00
0.7770000000E+00      0.9034519711E+03      0.3079827558E+03      0.6349801144E+00
0.7790000000E+00      0.9065727560E+03      0.3099658620E+03      0.6358911601E+00
0.7810000000E+00      0.9096986401E+03      0.3119550483E+03      0.6367972256E+00
0.7830000000E+00      0.9128296259E+03      0.3139503100E+03      0.6376983447E+00
0.7850000000E+00      0.9159657159E+03      0.3159516426E+03      0.6385945513E+00
0.7870000000E+00      0.9191069126E+03      0.3179590414E+03      0.6394858789E+00
0.7890000000E+00      0.9222532184E+03      0.3199725017E+03      0.6403723607E+00
0.7910000000E+00      0.9254046357E+03      0.3219920190E+03      0.6412540298E+00
0.7930000000E+00      0.9285611669E+03      0.3240175887E+03      0.6421309192E+00
0.7950000000E+00      0.9317228143E+03      0.3260492063E+03      0.6430030613E+00
0.7970000000E+00      0.9348895803E+03      0.3280868672E+03      0.6438704888E+00
0.7990000000E+00      0.9380614673E+03      0.3301305669E+03      0.6447332338E+00
0.8010000000E+00      0.9412384774E+03      0.3321803009E+03      0.6455913282E+00
0.8030000000E+00      0.9444206130E+03      0.3342360648E+03      0.6464448040E+00
0.8050000000E+00      0.9476078763E+03      0.3362978542E+03      0.6472936926E+00
0.8070000000E+00      0.9508002695E+03      0.3383656645E+03      0.6481380254E+00
0.8090000000E+00      0.9539977949E+03      0.3404394915E+03      0.6489778337E+00
0.8110000000E+00      0.9572004546E+03      0.3425193307E+03      0.6498131482E+00
0.8130000000E+00      0.9604082508E+03      0.3446051777E+03      0.6506439998E+00
0.8150000000E+00      0.9636211856E+03      0.3466970282E+03      0.6514704190E+00
0.8170000000E+00      0.9668392611E+03      0.3487948780E+03      0.6522924360E+00
0.8190000000E+00      0.9700624795E+03      0.3508987227E+03      0.6531100810E+00
0.8210000000E+00      0.9732908428E+03      0.3530085580E+03      0.6539233839E+00
0.8230000000E+00      0.9765243530E+03      0.3551243796E+03      0.6547323743E+00
0.8250000000E+00      0.9797630123E+03      0.3572461834E+03      0.6555370818E+00
0.8270000000E+00      0.9830068225E+03      0.3593739651E+03      0.6563375355E+00
0.8290000000E+00      0.9862557858E+03      0.3615077206E+03      0.6571337646E+00
0.8310000000E+00      0.9895099040E+03      0.3636474456E+03      0.6579257979E+00
0.8330000000E+00      0.9927691792E+03      0.3657931360E+03      0.6587136641E+00
0.8350000000E+00      0.9960336133E+03      0.3679447877E+03      0.6594973916E+00
0.8370000000E+00      0.9993032081E+03      0.3701023966E+03      0.6602770086E+00
0.8390000000E+00      0.1002577966E+04      0.3722659585E+03      0.6610525433E+00
0.8410000000E+00      0.1005857888E+04      0.3744354694E+03      0.6618240235E+00
0.8430000000E+00      0.1009142976E+04      0.3766109252E+03      0.6625914768E+00
0.8450000000E+00      0.1012433233E+04      0.3787923220E+03      0.6633549307E+00
0.8470000000E+00      0.1015728660E+04      0.3809796556E+03      0.6641144124E+00
0.8490000000E+00      0.1019029259E+04      0.3831729222E+03      0.6648699489E+00
0.8510000000E+00      0.1022335031E+04      0.3853721177E+03      0.6656215673E+00
0.8530000000E+00      0.1025645979E+04      0.3875772382E+03      0.6663692941E+00
0.8550000000E+00      0.1028962104E+04      0.3897882797E+03      0.6671131577E+00
0.8570000000E+00      0.1032283409E+04      0.3920052384E+03      0.6678531806E+00
0.8590000000E+00      0.1035609893E+04      0.3942281103E+03      0.6685893907E+00
0.8610000000E+00      0.1038941560E+04      0.3964568916E+03      0.6693218140E+00
0.8630000000E+00      0.1042278412E+04      0.3986915784E+03      0.6700504763E+00
0.8650000000E+00      0.1045620449E+04      0.4009321669E+03      0.6707754029E+00
0.8670000000E+00      0.1048967673E+04      0.4031786533E+03      0.6714966193E+00
0.8690000000E+00      0.1052320086E+04      0.4054310338E+03      0.6722141506E+00
0.8710000000E+00      0.1055677690E+04      0.4076893045E+03      0.6729280217E+00
0.8730000000E+00      0.1059040486E+04      0.4099534618E+03      0.6736382576E+00
0.8750000000E+00      0.1062408476E+04      0.4122235019E+03      0.6743448826E+00
0.8770000000E+00      0.1065781661E+04      0.4144994211E+03      0.6750479214E+00
0.8790000000E+00      0.1069160044E+04      0.4167812157E+03      0.6757473981E+00
0.8810000000E+00      0.1072543624E+04      0.4190688820E+03      0.6764433367E+00
0.8830000000E+00      0.1075932405E+04      0.4213624163E+03      0.6771357612E+00
0.8850000000E+00      0.1079326387E+04      0.4236618150E+03      0.6778246952E+00
0.8870000000E+00      0.1082725573E+04      0.4259670745E+03      0.6785101623E+00
0.8890000000E+00      0.1086129962E+04      0.4282781911E+03      0.6791921859E+00
0.8910000000E+00      0.1089539558E+04      0.4305951613E+03      0.6798707890E+00
0.8930000000E+00      0.1092954361E+04      0.4329179816E+03      0.6805459948E+00
0.8950000000E+00      0.1096374373E+04      0.4352466482E+03      0.6812178259E+00
0.8970000000E+00      0.1099799595E+04      0.4375811578E+03      0.6818863052E+00
0.8990000000E+00      0.1103230029E+04      0.4399215068E+03      0.6825514550E+00
0.9010000000E+00      0.1106665676E+04      0.4422676917E+03      0.6832132978E+00
0.9030000000E+00      0.1110106537E+04      0.4446197090E+03      0.6838718555E+00
0.9050000000E+00      0.1113552614E+04      0.4469775553E+03      0.6845271504E+00
0.9070000000E+00      0.1117003909E+04      0.4493412270E+03      0.6851792041E+00
0.9090000000E+00      0.1120460421E+04      0.4517107209E+03      0.6858280383E+00
0.9110000000E+00      0.1123922154E+04      0.4540860334E+03      0.6864736745E+00
0.9130000000E+00      0.1127389108E+04      0.4564671612E+03      0.6871161341E+00
0.9150000000E+00      0.1130861284E+04      0.4588541010E+03      0.6877554382E+00
0.9170000000E+00      0.1134338684E+04      0.4612468492E+03      0.6883916078E+00
0.9190000000E+00      0.1137821308E+04      0.4636454027E+03      0.6890246638E+00
0.9210000000E+00      0.1141309159E+04      0.4660497581E+03      0.6896546269E+00
0.9230000000E+00      0.1144802238E+04      0.4684599120E+03      0.6902815176E+00
0.9250000000E+00      0.1148300545E+04      0.4708758613E+03      0.6909053563E+00
0.9270000000E+00      0.1151804082E+04      0.4732976025E+03      0.6915261633E+00
0.9290000000E+00      0.1155312850E+04      0.4757251326E+03      0.6921439585E+00
0.9310000000E+00      0.1158826851E+04      0.4781584481E+03      0.6927587620E+00
0.9330000000E+00      0.1162346085E+04      0.4805975459E+03      0.6933705934E+00
0.9350000000E+00      0.1165870554E+04      0.4830424228E+03      0.6939794725E+00
0.9370000000E+00      0.1169400259E+04      0.4854930757E+03      0.6945854187E+00
0.9390000000E+00      0.1172935200E+04      0.4879495012E+03      0.6951884513E+00
0.9410000000E+00      0.1176475380E+04      0.4904116964E+03      0.6957885895E+00
0.9430000000E+00      0.1180020799E+04      0.4928796579E+03      0.6963858524E+00
0.9450000000E+00      0.1183571459E+04      0.4953533828E+03      0.6969802588E+00
0.9470000000E+00      0.1187127360E+04      0.4978328678E+03      0.6975718274E+00
0.9490000000E+00      0.1190688504E+04      0.5003181100E+03      0.6981605770E+00
0.9510000000E+00      0.1194254891E+04      0.5028091061E+03      0.6987465258E+00
0.9530000000E+00      0.1197826523E+04      0.5053058533E+03      0.6993296924E+00
0.9550000000E+00      0.1201403401E+04      0.5078083483E+03      0.6999100947E+00
0.9570000000E+00      0.1204985525E+04      0.5103165883E+03      0.7004877510E+00
0.9590000000E+00      0.1208572898E+04      0.5128305701E+03      0.7010626790E+00
0.9610000000E+00      0.1212165519E+04      0.5153502907E+03      0.7016348966E+00
0.9630000000E+00      0.1215763391E+04      0.5178757473E+03      0.7022044214E+00
0.9650000000E+00      0.1219366513E+04      0.5204069368E+03      0.7027712709E+00
0.9670000000E+00      0.1222974887E+04      0.5229438562E+03      0.7033354625E+00
0.9690000000E+00      0.1226588514E+04      0.5254865026E+03      0.7038970134E+00
0.9710000000E+00      0.1230207395E+04      0.5280348732E+03      0.7044559407E+00
0.9730000000E+00      0.1233831531E+04      0.5305889649E+03      0.7050122614E+00
0.9750000000E+00      0.1237460923E+04      0.5331487749E+03      0.7055659923E+00
0.9770000000E+00      0.1241095571E+04      0.5357143003E+03      0.7061171502E+00
0.9790000000E+00      0.1244735477E+04      0.5382855383E+03      0.7066657516E+00
0.9810000000E+00      0.1248380642E+04      0.5408624860E+03      0.7072118130E+00
0.9830000000E+00      0.1252031066E+04      0.5434451405E+03      0.7077553507E+00
0.9850000000E+00      0.1255686751E+04      0.5460334991E+03      0.7082963811E+00
0.9870000000E+00      0.1259347697E+04      0.5486275588E+03      0.7088349200E+00
0.9890000000E+00      0.1263013905E+04      0.5512273171E+03      0.7093709837E+00
0.9910000000E+00      0.1266685377E+04      0.5538327709E+03      0.7099045877E+00
0.9930000000E+00      0.1270362112E+04      0.5564439177E+03      0.7104357480E+00
0.9950000000E+00      0.1274044112E+04      0.5590607545E+03      0.7109644801E+00
0.9970000000E+00      0.1277731378E+04      0.5616832788E+03      0.7114907995E+00
0.9990000000E+00      0.1281423910E+04      0.5643114878E+03      0.7120147216E+00
0.1001000000E+01      0.1285121710E+04      0.5669453787E+03      0.7125362617E+00
0.1003000000E+01      0.1288824778E+04      0.5695849489E+03      0.7130554348E+00
0.1005000000E+01      0.1292533115E+04      0.5722301956E+03      0.7135722560E+00
0.1007000000E+01      0.1296246722E+04      0.5748811163E+03      0.7140867403E+00
0.1009000000E+01      0.1299965599E+04      0.5775377082E+03      0.7145989023E+00
0.1011000000E+01      0.1303689748E+04      0.5801999687E+03      0.7151087569E+00
0.1013000000E+01      0.1307419169E+04      0.5828678952E+03      0.7156163186E+00
0.1015000000E+01      0.1311153863E+04      0.5855414850E+03      0.7161216018E+00
0.1017000000E+01      0.1314893831E+04      0.5882207357E+03      0.7166246209E+00
0.1019000000E+01      0.1318639073E+04      0.5909056444E+03      0.7171253902E+00
0.1021000000E+01      0.1322389591E+04      0.5935962088E+03      0.7176239238E+00
0.1023000000E+01      0.1326145384E+04      0.5962924262E+03      0.7181202358E+00
0.1025000000E+01      0.1329906454E+04      0.5989942941E+03      0.7186143400E+00
0.1027000000E+01      0.1333672802E+04      0.6017018098E+03      0.7191062503E+00
0.1029000000E+01      0.1337444428E+04      0.6044149710E+03      0.7195959805E+00
0.1031000000E+01      0.1341221332E+04      0.6071337751E+03      0.7200835441E+00
0.1033000000E+01      0.1345003517E+04      0.6098582196E+03      0.7205689546E+00
0.1035000000E+01      0.1348790981E+04      0.6125883019E+03      0.7210522255E+00
0.1037000000E+01      0.1352583727E+04      0.6153240197E+03      0.7215333701E+00
0.1039000000E+01      0.1356381754E+04      0.6180653704E+03      0.7220124015E+00
0.1041000000E+01      0.1360185063E+04      0.6208123516E+03      0.7224893330E+00
0.1043000000E+01      0.1363993656E+04      0.6235649609E+03      0.7229641775E+00
0.1045000000E+01      0.1367807532E+04      0.6263231958E+03      0.7234369479E+00
0.1047000000E+01      0.1371626692E+04      0.6290870539E+03      0.7239076572E+00
0.1049000000E+01      0.1375451138E+04      0.6318565328E+03      0.7243763178E+00
0.1051000000E+01      0.1379280869E+04      0.6346316301E+03      0.7248429426E+00
0.1053000000E+01      0.1383115886E+04      0.6374123435E+03      0.7253075441E+00
0.1055000000E+01      0.1386956190E+04      0.6401986705E+03      0.7257701347E+00
0.1057000000E+01      0.1390801781E+04      0.6429906088E+03      0.7262307267E+00
0.1059000000E+01      0.1394652661E+04      0.6457881560E+03      0.7266893323E+00
0.1061000000E+01      0.1398508829E+04      0.6485913099E+03      0.7271459639E+00
0.1063000000E+01      0.1402370286E+04      0.6514000680E+03      0.7276006334E+00
0.1065000000E+01      0.1406237033E+04      0.6542144282E+03      0.7280533529E+00
0.1067000000E+01      0.1410109071E+04      0.6570343880E+03      0.7285041341E+00
0.1069000000E+01      0.1413986400E+04      0.6598599452E+03      0.7289529890E+00
0.1071000000E+01      0.1417869020E+04      0.6626910974E+03      0.7293999293E+00
0.1073000000E+01      0.1421756933E+04      0.6655278426E+03      0.7298449666E+00
0.1075000000E+01      0.1425650138E+04      0.6683701783E+03      0.7302881124E+00
0.1077000000E+01      0.1429548636E+04      0.6712181023E+03      0.7307293781E+00
0.1079000000E+01      0.1433452429E+04      0.6740716124E+03      0.7311687753E+00
0.1081000000E+01      0.1437361515E+04      0.6769307064E+03      0.7316063151E+00
0.1083000000E+01      0.1441275897E+04      0.6797953820E+03      0.7320420089E+00
0.1085000000E+01      0.1445195574E+04      0.6826656371E+03      0.7324758676E+00
0.1087000000E+01      0.1449120547E+04      0.6855414694E+03      0.7329079035E+00
0.1089000000E+01      0.1453050816E+04      0.6884228768E+03      0.7333381253E+00
0.1091000000E+01      0.1456986382E+04      0.6913098572E+03      0.7337665450E+00
0.1093000000E+01      0.1460927246E+04      0.6942024082E+03      0.7341931734E+00
0.1095000000E+01      0.1464873408E+04      0.6971005278E+03      0.7346180212E+00
0.1097000000E+01      0.1468824868E+04      0.7000042139E+03      0.7350410991E+00
0.1099000000E+01      0.1472781627E+04      0.7029134643E+03      0.7354624176E+00
0.1101000000E+01      0.1476743685E+04      0.7058282769E+03      0.7358819872E+00
0.1103000000E+01      0.1480711044E+04      0.7087486495E+03      0.7362998184E+00
0.1105000000E+01      0.1484683703E+04      0.7116745801E+03      0.7367159215E+00
0.1107000000E+01      0.1488661662E+04      0.7146060667E+03      0.7371303067E+00
0.1109000000E+01      0.1492644923E+04      0.7175431070E+03      0.7375429843E+00
0.1111000000E+01      0.1496633486E+04      0.7204856990E+03      0.7379539643E+00
0.1113000000E+01      0.1500627351E+04      0.7234338408E+03      0.7383632567E+00
0.1115000000E+01      0.1504626518E+04      0.7263875301E+03      0.7387708716E+00
0.1117000000E+01      0.1508630989E+04      0.7293467650E+03      0.7391768189E+00
0.1119000000E+01      0.1512640763E+04      0.7323115435E+03      0.7395811083E+00
0.1121000000E+01      0.1516655841E+04      0.7352818635E+03      0.7399837496E+00
0.1123000000E+01      0.1520676223E+04      0.7382577230E+03      0.7403847525E+00
0.1125000000E+01      0.1524701910E+04      0.7412391200E+03      0.7407841266E+00
0.1127000000E+01      0.1528732902E+04      0.7442260525E+03      0.7411818814E+00
0.1129000000E+01      0.1532769200E+04      0.7472185185E+03      0.7415780265E+00
0.1131000000E+01      0.1536810804E+04      0.7502165160E+03      0.7419725711E+00
0.1133000000E+01      0.1540857714E+04      0.7532200432E+03      0.7423655247E+00
0.1135000000E+01      0.1544909931E+04      0.7562290980E+03      0.7427568965E+00
0.1137000000E+01      0.1548967455E+04      0.7592436784E+03      0.7431466957E+00
0.1139000000E+01      0.1553030287E+04      0.7622637825E+03      0.7435349315E+00
0.1141000000E+01      0.1557098427E+04      0.7652894085E+03      0.7439216129E+00
0.1143000000E+01      0.1561171875E+04      0.7683205543E+03      0.7443067489E+00
0.1145000000E+01      0.1565250631E+04      0.7713572181E+03      0.7446903485E+00
0.1147000000E+01      0.1569334697E+04      0.7743993980E+03      0.7450724205E+00
0.1149000000E+01      0.1573424072E+04      0.7774470920E+03      0.7454529737E+00
0.1151000000E+01      0.1577518757E+04      0.7805002983E+03      0.7458320170E+00
0.1153000000E+01      0.1581618752E+04      0.7835590150E+03      0.7462095589E+00
0.1155000000E+01      0.1585724057E+04      0.7866232402E+03      0.7465856082E+00
0.1157000000E+01      0.1589834673E+04      0.7896929721E+03      0.7469601733E+00
0.1159000000E+01      0.1593950601E+04      0.7927682088E+03      0.7473332628E+00
0.1161000000E+01      0.1598071839E+04      0.7958489484E+03      0.7477048851E+00
0.1163000000E+01      0.1602198390E+04      0.7989351892E+03      0.7480750486E+00
0.1165000000E+01      0.1606330252E+04      0.8020269293E+03      0.7484437616E+00
0.1167000000E+01      0.1610467427E+04      0.8051241669E+03      0.7488110325E+00
0.1169000000E+01      0.1614609915E+04      0.8082269002E+03      0.7491768693E+00
0.1171000000E+01      0.1618757716E+04      0.8113351273E+03      0.7495412802E+00
0.1173000000E+01      0.1622910830E+04      0.8144488465E+03      0.7499042734E+00
0.1175000000E+01      0.1627069258E+04      0.8175680560E+03      0.7502658569E+00
0.1177000000E+01      0.1631233000E+04      0.8206927540E+03      0.7506260386E+00
0.1179000000E+01      0.1635402056E+04      0.8238229388E+03      0.7509848264E+00
0.1181000000E+01      0.1639576427E+04      0.8269586085E+03      0.7513422283E+00
0.1183000000E+01      0.1643756112E+04      0.8300997615E+03      0.7516982520E+00
0.1185000000E+01      0.1647941113E+04      0.8332463960E+03      0.7520529053E+00
0.1187000000E+01      0.1652131429E+04      0.8363985102E+03      0.7524061959E+00
0.1189000000E+01      0.1656327060E+04      0.8395561024E+03      0.7527581315E+00
0.1191000000E+01      0.1660528008E+04      0.8427191708E+03      0.7531087195E+00
0.1193000000E+01      0.1664734272E+04      0.8458877139E+03      0.7534579677E+00
0.1195000000E+01      0.1668945852E+04      0.8490617298E+03      0.7538058834E+00
0.1197000000E+01      0.1673162749E+04      0.8522412169E+03      0.7541524741E+00
0.1199000000E+01      0.1677384963E+04      0.8554261735E+03      0.7544977472E+00
