      Rhob                Epsilon              Pressure               SoundV
0.4730000000E-14      0.4409040000E-11      0.6303830000E-24      0.2528270000E-09
0.4760000000E-14      0.4431480000E-11      0.6303830000E-23      0.3286900000E-09
0.4910000000E-14      0.4571720000E-11      0.6303830000E-22      0.3811090000E-09
0.6990000000E-14      0.6506980000E-11      0.7552120000E-21      0.1661210000E-08
0.9900000000E-14      0.9199530000E-11      0.8737990000E-20      0.4506330000E-08
0.2720000000E-13      0.2529870000E-10      0.1061040000E-18      0.2185710000E-07
0.1270000000E-12      0.1189210000E-09      0.3632510000E-17      0.1280710000E-06
0.6930000000E-12      0.6450890000E-09      0.1185870000E-15      0.6813760000E-06
0.6295000000E-11      0.5856290000E-08      0.6081640000E-14      0.1980100000E-05
0.1581000000E-10      0.1470800000E-07      0.3100740000E-13      0.4121830000E-05
0.3972000000E-10      0.3694960000E-07      0.1517290000E-12      0.7788630000E-05
0.9976000000E-10      0.9278060000E-07      0.7183870000E-12      0.1422460000E-04
0.2506000000E-09      0.2331300000E-06      0.3286730000E-11      0.2500930000E-04
0.6294000000E-09      0.5856290000E-06      0.1446760000E-10      0.4207890000E-04
0.1581000000E-08      0.1470800000E-05      0.6088500000E-10      0.6739699893E-04
0.3972000000E-08      0.3695520000E-05      0.2441020000E-09      0.8516180000E-04
0.5000000000E-08      0.4651930000E-05      0.3282360000E-09      0.1052360000E-03
0.9976000000E-08      0.9283670000E-05      0.8956430000E-09      0.1422520000E-03
0.1990000000E-07      0.1852250000E-04      0.2392340000E-08      0.1863930000E-03
0.3972000000E-07      0.3696080000E-04      0.6278870000E-08      0.2408930000E-03
0.7924000000E-07      0.7376450000E-04      0.1625270000E-07      0.3085620000E-03
0.1581000000E-06      0.1471920000E-03      0.4166770000E-07      0.3417580000E-03
0.1990000000E-06      0.1853370000E-03      0.5453750000E-07      0.3860480000E-03
0.3155000000E-06      0.2937680000E-03      0.1016730000E-06      0.4315500000E-03
0.5000000000E-06      0.4656420000E-03      0.1890530000E-06      0.4889620000E-03
0.6294000000E-06      0.5861890000E-03      0.2577080000E-06      0.5509610000E-03
0.7924000000E-06      0.7382060000E-03      0.3143180000E-06      0.6137740000E-03
0.9976000000E-06      0.9294890000E-03      0.4281610000E-06      0.6540150000E-03
0.1581000000E-05      0.1470000000E-02      0.7939080000E-06      0.7285460000E-03
0.2506000000E-05      0.2340000000E-02      0.1470480000E-05      0.8500470000E-03
0.3972000000E-05      0.3700000000E-02      0.2722510000E-05      0.8906300000E-03
0.5000000000E-05      0.4660000000E-02      0.3533890000E-05      0.9510480000E-03
0.6294000000E-05      0.5870000000E-02      0.4807140000E-05      0.1100000000E-02
0.7924000000E-05      0.7390000000E-02      0.6541010000E-05      0.1180000000E-02
0.9976000000E-05      0.9310000000E-02      0.8894020000E-05      0.1280000000E-02
0.1256000000E-04      0.1172000000E-01      0.1209590000E-04      0.1300000000E-02
0.1581000000E-04      0.1476000000E-01      0.1562230000E-04      0.1320000000E-02
0.1990000000E-04      0.1858000000E-01      0.2124580000E-04      0.1390000000E-02
0.2506000000E-04      0.2340000000E-01      0.2888530000E-04      0.1470000000E-02
0.3155000000E-04      0.2947000000E-01      0.3713020000E-04      0.1550000000E-02
0.3972000000E-04      0.3712000000E-01      0.5048680000E-04      0.1820000000E-02
0.5000000000E-04      0.4674000000E-01      0.6865560000E-04      0.1960000000E-02
0.6294000000E-04      0.5884000000E-01      0.9330920000E-04      0.2110000000E-02
0.7924000000E-04      0.7416000000E-01      0.1268880000E-03      0.2150000000E-02
0.9976000000E-04      0.9334000000E-01      0.1620900000E-03      0.2190000000E-02
0.1105000000E-03      0.1034400000E+00      0.1805020000E-03      0.2220000000E-02
0.1256000000E-03      0.1175700000E+00      0.2053430000E-03      0.2270000000E-02
0.1581000000E-03      0.1480900000E+00      0.2791790000E-03      0.2300000000E-02
0.1990000000E-03      0.1865100000E+00      0.3630010000E-03      0.2350000000E-02
0.2506000000E-03      0.2349200000E+00      0.4704780000E-03      0.2420000000E-02
0.2572000000E-03      0.2411500000E+00      0.4871430000E-03      0.1640000000E-02
0.2670000000E-03      0.2502100000E+00      0.4925360000E-03      0.6323770000E-03
0.3126000000E-03      0.2932300000E+00      0.5213460000E-03      0.6351150000E-03
0.3951000000E-03      0.3707800000E+00      0.5679160000E-03      0.6395500000E-03
0.4759000000E-03      0.4467600000E+00      0.6136960000E-03      0.6456670000E-03
0.5812000000E-03      0.5456200000E+00      0.6758550000E-03      0.6505920000E-03
0.7143000000E-03      0.6709200000E+00      0.7601150000E-03      0.7025890000E-03
0.8786000000E-03      0.8252300000E+00      0.8731850000E-03      0.7646840000E-03
0.1077000000E-02      0.1012500000E+01      0.1020000000E-02      0.8354260000E-03
0.1314000000E-02      0.1235290000E+01      0.1220000000E-02      0.9276850000E-03
0.1748000000E-02      0.1643560000E+01      0.1620000000E-02      0.1000000000E-02
0.2000000000E-02      0.1880850000E+01      0.2000000000E-02      0.1100000000E-02
0.4000000000E-02      0.3764610000E+01      0.4510000000E-02      0.1460000000E-02
0.6000000000E-02      0.5649800000E+01      0.7500000000E-02      0.1680000000E-02
0.8000000000E-02      0.7536070000E+01      0.1086000000E-01      0.1880000000E-02
0.1000000000E-01      0.9423230000E+01      0.1458000000E-01      0.2070000000E-02
0.1200000000E-01      0.1131116000E+02      0.1867000000E-01      0.2280000000E-02
0.1400000000E-01      0.1319982000E+02      0.2318000000E-01      0.2510000000E-02
0.1600000000E-01      0.1508915000E+02      0.2814000000E-01      0.2760000000E-02
0.1800000000E-01      0.1697914000E+02      0.3361000000E-01      0.3040000000E-02
0.2000000000E-01      0.1886976000E+02      0.3965000000E-01      0.3340000000E-02
0.2200000000E-01      0.2076101000E+02      0.4624000000E-01      0.3660000000E-02
0.2400000000E-01      0.2265290000E+02      0.5348000000E-01      0.3990000000E-02
0.2600000000E-01      0.2454541000E+02      0.6133000000E-01      0.4330000000E-02
0.2800000000E-01      0.2643855000E+02      0.6988000000E-01      0.4680000000E-02
0.3000000000E-01      0.2833233000E+02      0.7906000000E-01      0.5030000000E-02
0.3200000000E-01      0.3022674000E+02      0.8895000000E-01      0.5390000000E-02
0.3400000000E-01      0.3212179000E+02      0.9948000000E-01      0.5740000000E-02
0.3600000000E-01      0.3401748000E+02      0.1107200000E+00      0.6090000000E-02
0.3800000000E-01      0.3591381000E+02      0.1225900000E+00      0.6440000000E-02
0.4000000000E-01      0.3781078000E+02      0.1351400000E+00      0.6790000000E-02
0.4200000000E-01      0.3970840000E+02      0.1483400000E+00      0.7110000000E-02
0.4400000000E-01      0.4160666000E+02      0.1621100000E+00      0.7420000000E-02
0.4600000000E-01      0.4350556000E+02      0.1765200000E+00      0.7740000000E-02
0.4800000000E-01      0.4540510000E+02      0.1915000000E+00      0.8040000000E-02
0.5000000000E-01      0.4730528000E+02      0.2070600000E+00      0.8310000000E-02
0.5200000000E-01      0.4920608000E+02      0.2230900000E+00      0.8580000000E-02
0.5400000000E-01      0.5110752000E+02      0.2396900000E+00      0.8870000000E-02
0.5600000000E-01      0.5300958000E+02      0.2568200000E+00      0.9120000000E-02
0.5800000000E-01      0.5491227000E+02      0.2743700000E+00      0.9340000000E-02
0.6000000000E-01      0.5681556000E+02      0.2923800000E+00      0.9690000000E-02
0.6200000000E-01      0.5871946000E+02      0.3101200000E+00      0.1002000000E-01
0.6400000000E-01      0.6062394000E+02      0.3290400000E+00      0.1028000000E-01
0.6600000000E-01      0.6252904000E+02      0.3483400000E+00      0.1069000000E-01
0.6800000000E-01      0.6418444283E+02      0.6003332828E+00      0.2452171602E-01
0.7000000000E-01      0.6609056662E+02      0.6479487933E+00      0.2541651626E-01
0.7200000000E-01      0.6799807567E+02      0.6973057861E+00      0.2631172844E-01
0.7400000000E-01      0.6990697995E+02      0.7484097857E+00      0.2720939644E-01
0.7600000000E-01      0.7181728908E+02      0.8012702659E+00      0.2811158282E-01
0.7800000000E-01      0.7372901250E+02      0.8559006831E+00      0.2902035196E-01
0.8000000000E-01      0.7564215952E+02      0.9123184792E+00      0.2993775589E-01
0.8200000000E-01      0.7755673952E+02      0.9705450627E+00      0.3086582266E-01
0.8400000000E-01      0.7947276195E+02      0.1030605767E+01      0.3180654677E-01
0.8600000000E-01      0.8139023647E+02      0.1092529794E+01      0.3276188157E-01
0.8800000000E-01      0.8330917304E+02      0.1156350146E+01      0.3373373316E-01
0.9000000000E-01      0.8522958192E+02      0.1222103543E+01      0.3472395577E-01
0.9200000000E-01      0.8715147379E+02      0.1289830336E+01      0.3573434825E-01
0.9400000000E-01      0.8907485979E+02      0.1359574414E+01      0.3676665160E-01
0.9600000000E-01      0.9099975154E+02      0.1431383107E+01      0.3782254704E-01
0.9800000000E-01      0.9292616120E+02      0.1505307084E+01      0.3890365610E-01
0.1000000000E+00      0.9485410151E+02      0.1581400251E+01      0.4001153863E-01
0.1020000000E+00      0.9678358581E+02      0.1659719652E+01      0.4114769386E-01
0.1040000000E+00      0.9871462804E+02      0.1740325363E+01      0.4231356059E-01
0.1060000000E+00      0.1006472428E+03      0.1823280393E+01      0.4351051785E-01
0.1080000000E+00      0.1025814454E+03      0.1908650587E+01      0.4473988575E-01
0.1100000000E+00      0.1045172518E+03      0.1996504523E+01      0.4600292657E-01
0.1120000000E+00      0.1064546786E+03      0.2086913421E+01      0.4730084584E-01
0.1140000000E+00      0.1083937350E+03      0.2178526729E+01      0.4728761739E-01
0.1160000000E+00      0.1103344031E+03      0.2270950704E+01      0.4799746835E-01
0.1180000000E+00      0.1122766787E+03      0.2365062402E+01      0.4891450866E-01
0.1200000000E+00      0.1142205659E+03      0.2461158570E+01      0.4994848776E-01
0.1220000000E+00      0.1161660726E+03      0.2559435881E+01      0.5106912437E-01
0.1240000000E+00      0.1181132094E+03      0.2660051583E+01      0.5226237248E-01
0.1260000000E+00      0.1200619887E+03      0.2763143375E+01      0.5352066255E-01
0.1280000000E+00      0.1220124249E+03      0.2868838135E+01      0.5483956153E-01
0.1300000000E+00      0.1239645336E+03      0.2977256402E+01      0.5621399800E-01
0.1320000000E+00      0.1259183320E+03      0.3088514921E+01      0.5764702082E-01
0.1340000000E+00      0.1278738383E+03      0.3202728200E+01      0.5913513602E-01
0.1360000000E+00      0.1298310720E+03      0.3320009503E+01      0.6067767055E-01
0.1380000000E+00      0.1317900536E+03      0.3440471503E+01      0.6227422387E-01
0.1400000000E+00      0.1337508047E+03      0.3564226733E+01      0.6392457966E-01
0.1420000000E+00      0.1357133478E+03      0.3691387888E+01      0.6562864652E-01
0.1440000000E+00      0.1376777066E+03      0.3822068042E+01      0.6738686519E-01
0.1460000000E+00      0.1396439054E+03      0.3956380790E+01      0.6919826575E-01
0.1480000000E+00      0.1416119696E+03      0.4094440346E+01      0.7106350163E-01
0.1500000000E+00      0.1435819253E+03      0.4236361604E+01      0.7298267071E-01
0.1520000000E+00      0.1455537997E+03      0.4382260179E+01      0.7495587638E-01
0.1540000000E+00      0.1475276205E+03      0.4532252414E+01      0.7698321815E-01
0.1560000000E+00      0.1495034164E+03      0.4686455387E+01      0.7906478441E-01
0.1580000000E+00      0.1514812169E+03      0.4844986890E+01      0.8120064655E-01
0.1600000000E+00      0.1534610520E+03      0.5007965412E+01      0.8339085423E-01
0.1620000000E+00      0.1554429527E+03      0.5175510104E+01      0.8563543151E-01
0.1640000000E+00      0.1574269505E+03      0.5347740851E+01      0.8793734781E-01
0.1660000000E+00      0.1594130779E+03      0.5524777783E+01      0.9029067835E-01
0.1680000000E+00      0.1614013678E+03      0.5706741893E+01      0.9269826466E-01
0.1700000000E+00      0.1633918537E+03      0.5893754536E+01      0.9516000165E-01
0.1720000000E+00      0.1653845701E+03      0.6085937485E+01      0.9767574681E-01
0.1740000000E+00      0.1673795517E+03      0.6283412869E+01      0.1002453191E+00
0.1760000000E+00      0.1693768340E+03      0.6486303106E+01      0.1028684976E+00
0.1780000000E+00      0.1713764532E+03      0.6694730841E+01      0.1055450209E+00
0.1800000000E+00      0.1733784460E+03      0.6908818875E+01      0.1082745856E+00
0.1820000000E+00      0.1753828494E+03      0.7128690092E+01      0.1110568465E+00
0.1840000000E+00      0.1773897012E+03      0.7354467392E+01      0.1138914154E+00
0.1860000000E+00      0.1793990398E+03      0.7586273611E+01      0.1167778609E+00
0.1880000000E+00      0.1814109038E+03      0.7824231449E+01      0.1197157083E+00
0.1900000000E+00      0.1834253327E+03      0.8068463754E+01      0.1227108604E+00
0.1920000000E+00      0.1854423654E+03      0.8319091639E+01      0.1257411557E+00
0.1940000000E+00      0.1874620428E+03      0.8576238013E+01      0.1288300073E+00
0.1960000000E+00      0.1894844057E+03      0.8840024243E+01      0.1319740565E+00
0.1980000000E+00      0.1915094942E+03      0.9110570479E+01      0.1351602508E+00
0.2000000000E+00      0.1935373501E+03      0.9387997320E+01      0.1383940862E+00
0.2020000000E+00      0.1955680151E+03      0.9672424327E+01      0.1416747865E+00
0.2040000000E+00      0.1976015312E+03      0.9963970294E+01      0.1450015345E+00
0.2060000000E+00      0.1996379410E+03      0.1026275318E+02      0.1483734725E+00
0.2080000000E+00      0.2016772872E+03      0.1056889000E+02      0.1517897029E+00
0.2100000000E+00      0.2037196126E+03      0.1088249681E+02      0.1552492895E+00
0.2120000000E+00      0.2057649608E+03      0.1120368855E+02      0.1587512585E+00
0.2140000000E+00      0.2078133753E+03      0.1153257904E+02      0.1622945994E+00
0.2160000000E+00      0.2098648998E+03      0.1186928085E+02      0.1658782664E+00
0.2180000000E+00      0.2119195785E+03      0.1221390527E+02      0.1695011798E+00
0.2200000000E+00      0.2139774556E+03      0.1256656221E+02      0.1731622273E+00
0.2220000000E+00      0.2160385755E+03      0.1292736015E+02      0.1768602656E+00
0.2240000000E+00      0.2181029828E+03      0.1329640607E+02      0.1805941219E+00
0.2260000000E+00      0.2201707223E+03      0.1367380537E+02      0.1843625956E+00
0.2280000000E+00      0.2222418390E+03      0.1405966181E+02      0.1881644598E+00
0.2300000000E+00      0.2243163777E+03      0.1445407746E+02      0.1919984634E+00
0.2320000000E+00      0.2263943835E+03      0.1485715236E+02      0.1958583023E+00
0.2340000000E+00      0.2284759019E+03      0.1526898558E+02      0.1997528312E+00
0.2360000000E+00      0.2305609779E+03      0.1568967349E+02      0.2036756174E+00
0.2380000000E+00      0.2326496568E+03      0.1611931081E+02      0.2076253310E+00
0.2400000000E+00      0.2347419840E+03      0.1655799032E+02      0.2116006271E+00
0.2420000000E+00      0.2368380048E+03      0.1700580278E+02      0.2156001477E+00
0.2440000000E+00      0.2389377645E+03      0.1746283691E+02      0.2196225243E+00
0.2460000000E+00      0.2410413085E+03      0.1792917935E+02      0.2236663792E+00
0.2480000000E+00      0.2431486818E+03      0.1840491461E+02      0.2277303280E+00
0.2500000000E+00      0.2452599299E+03      0.1889012504E+02      0.2318129812E+00
0.2520000000E+00      0.2473750977E+03      0.1938489084E+02      0.2359129468E+00
0.2540000000E+00      0.2494942304E+03      0.1988928996E+02      0.2400288316E+00
0.2560000000E+00      0.2516173728E+03      0.2040339815E+02      0.2441592436E+00
0.2580000000E+00      0.2537445699E+03      0.2092728891E+02      0.2483027937E+00
0.2600000000E+00      0.2558758661E+03      0.2146103346E+02      0.2524580977E+00
0.2620000000E+00      0.2580113062E+03      0.2200470076E+02      0.2566237780E+00
0.2640000000E+00      0.2601509344E+03      0.2255835746E+02      0.2607984656E+00
0.2660000000E+00      0.2622947950E+03      0.2312206793E+02      0.2649808018E+00
0.2680000000E+00      0.2644429319E+03      0.2369589425E+02      0.2691694397E+00
0.2700000000E+00      0.2665953891E+03      0.2427989620E+02      0.2733630460E+00
0.2720000000E+00      0.2687522099E+03      0.2487413124E+02      0.2775603025E+00
0.2740000000E+00      0.2709134379E+03      0.2547865458E+02      0.2817599076E+00
0.2760000000E+00      0.2730791161E+03      0.2609351912E+02      0.2859605778E+00
0.2780000000E+00      0.2752492874E+03      0.2671877551E+02      0.2901612207E+00
0.2800000000E+00      0.2774239949E+03      0.2735447230E+02      0.2943608332E+00
0.2820000000E+00      0.2796032801E+03      0.2800065527E+02      0.2985571143E+00
0.2840000000E+00      0.2817871853E+03      0.2865736852E+02      0.3027495346E+00
0.2860000000E+00      0.2839757524E+03      0.2932465378E+02      0.3069369196E+00
0.2880000000E+00      0.2861690229E+03      0.3000255059E+02      0.3111181203E+00
0.2900000000E+00      0.2883670379E+03      0.3069109634E+02      0.3152920131E+00
0.2920000000E+00      0.2905698383E+03      0.3139032629E+02      0.3194575015E+00
0.2940000000E+00      0.2927774645E+03      0.3210027360E+02      0.3236139254E+00
0.2960000000E+00      0.2949899569E+03      0.3282096938E+02      0.3277594955E+00
0.2980000000E+00      0.2972073551E+03      0.3355244269E+02      0.3318935368E+00
0.3000000000E+00      0.2994296988E+03      0.3429472061E+02      0.3360150664E+00
0.3020000000E+00      0.3016570270E+03      0.3504782824E+02      0.3401231311E+00
0.3040000000E+00      0.3038893786E+03      0.3581178874E+02      0.3442168077E+00
0.3060000000E+00      0.3061267919E+03      0.3658662342E+02      0.3482952035E+00
0.3080000000E+00      0.3083693051E+03      0.3737235170E+02      0.3523574559E+00
0.3100000000E+00      0.3106169558E+03      0.3816899121E+02      0.3564027335E+00
0.3120000000E+00      0.3128697813E+03      0.3897655779E+02      0.3604302354E+00
0.3140000000E+00      0.3151278185E+03      0.3979506558E+02      0.3644391914E+00
0.3160000000E+00      0.3173911040E+03      0.4062452701E+02      0.3684288623E+00
0.3180000000E+00      0.3196596739E+03      0.4146495287E+02      0.3723985395E+00
0.3200000000E+00      0.3219335640E+03      0.4231635235E+02      0.3763475447E+00
0.3220000000E+00      0.3242128095E+03      0.4317873307E+02      0.3802752302E+00
0.3240000000E+00      0.3264974456E+03      0.4405210114E+02      0.3841809783E+00
0.3260000000E+00      0.3287875067E+03      0.4493646122E+02      0.3880642010E+00
0.3280000000E+00      0.3310830271E+03      0.4583181649E+02      0.3919243398E+00
0.3300000000E+00      0.3333840404E+03      0.4673816880E+02      0.3957608654E+00
0.3320000000E+00      0.3356905800E+03      0.4765551862E+02      0.3995732770E+00
0.3340000000E+00      0.3380026790E+03      0.4858386513E+02      0.4033611023E+00
0.3360000000E+00      0.3403203698E+03      0.4952320626E+02      0.4071238964E+00
0.3380000000E+00      0.3426436846E+03      0.5047353873E+02      0.4108612420E+00
0.3400000000E+00      0.3449726551E+03      0.5143485808E+02      0.4145727484E+00
0.3420000000E+00      0.3473073127E+03      0.5240715871E+02      0.4182580511E+00
0.3440000000E+00      0.3496476884E+03      0.5339043397E+02      0.4219168113E+00
0.3460000000E+00      0.3519938126E+03      0.5438467611E+02      0.4255487152E+00
0.3480000000E+00      0.3543457155E+03      0.5538987643E+02      0.4291534735E+00
0.3500000000E+00      0.3567034269E+03      0.5640602523E+02      0.4327308207E+00
0.3520000000E+00      0.3590669761E+03      0.5743311187E+02      0.4362805144E+00
0.3540000000E+00      0.3614363920E+03      0.5847112486E+02      0.4398023350E+00
0.3560000000E+00      0.3638117033E+03      0.5952005186E+02      0.4432964832E+00
0.3580000000E+00      0.3661929379E+03      0.6057987965E+02      0.4467619819E+00
0.3600000000E+00      0.3685801238E+03      0.6165059429E+02      0.4501990775E+00
0.3620000000E+00      0.3709732883E+03      0.6273218109E+02      0.4536076342E+00
0.3640000000E+00      0.3733724583E+03      0.6382462466E+02      0.4569875354E+00
0.3660000000E+00      0.3757776606E+03      0.6492790891E+02      0.4603386835E+00
0.3680000000E+00      0.3781889213E+03      0.6604201713E+02      0.4636609986E+00
0.3700000000E+00      0.3806062663E+03      0.6716693201E+02      0.4669544186E+00
0.3720000000E+00      0.3830297211E+03      0.6830263564E+02      0.4702188979E+00
0.3740000000E+00      0.3854593107E+03      0.6944910957E+02      0.4734544071E+00
0.3760000000E+00      0.3878950599E+03      0.7060633486E+02      0.4766609325E+00
0.3780000000E+00      0.3903369932E+03      0.7177429206E+02      0.4798384750E+00
0.3800000000E+00      0.3927851344E+03      0.7295296125E+02      0.4829870502E+00
0.3820000000E+00      0.3952395072E+03      0.7414232212E+02      0.4861066871E+00
0.3840000000E+00      0.3977001350E+03      0.7534235392E+02      0.4891974279E+00
0.3860000000E+00      0.4001670407E+03      0.7655303554E+02      0.4922593275E+00
0.3880000000E+00      0.4026402469E+03      0.7777434551E+02      0.4952924525E+00
0.3900000000E+00      0.4051197758E+03      0.7900626204E+02      0.4982968812E+00
0.3920000000E+00      0.4076056494E+03      0.8024876301E+02      0.5012727028E+00
0.3940000000E+00      0.4100978892E+03      0.8150182605E+02      0.5042200166E+00
0.3960000000E+00      0.4125965165E+03      0.8276542850E+02      0.5071389320E+00
0.3980000000E+00      0.4151015521E+03      0.8403954749E+02      0.5100295677E+00
0.4000000000E+00      0.4176130167E+03      0.8532415990E+02      0.5128920513E+00
0.4020000000E+00      0.4201309306E+03      0.8661924244E+02      0.5157265188E+00
0.4040000000E+00      0.4226553136E+03      0.8792477160E+02      0.5185331139E+00
0.4060000000E+00      0.4251861854E+03      0.8924072375E+02      0.5213119882E+00
0.4080000000E+00      0.4277235654E+03      0.9056707508E+02      0.5240633000E+00
0.4100000000E+00      0.4302674725E+03      0.9190380168E+02      0.5267872144E+00
0.4120000000E+00      0.4328179254E+03      0.9325087950E+02      0.5294839027E+00
0.4140000000E+00      0.4353749423E+03      0.9460828473E+02      0.5321613491E+00
0.4160000000E+00      0.4379385423E+03      0.9597599221E+02      0.5347963150E+00
0.4180000000E+00      0.4405087422E+03      0.9735397859E+02      0.5374124093E+00
0.4200000000E+00      0.4430855598E+03      0.9874221922E+02      0.5400020173E+00
0.4220000000E+00      0.4456690124E+03      0.1001406897E+03      0.5425653357E+00
0.4240000000E+00      0.4482591171E+03      0.1015493657E+03      0.5451025655E+00
0.4260000000E+00      0.4508558904E+03      0.1029682227E+03      0.5476139113E+00
0.4280000000E+00      0.4534593489E+03      0.1043972364E+03      0.5500995811E+00
0.4300000000E+00      0.4560695087E+03      0.1058363822E+03      0.5525597860E+00
0.4320000000E+00      0.4586863855E+03      0.1072856358E+03      0.5549966635E+00
0.4340000000E+00      0.4613099955E+03      0.1087449729E+03      0.5574102126E+00
0.4360000000E+00      0.4639403536E+03      0.1102143690E+03      0.5597952790E+00
0.4380000000E+00      0.4665774750E+03      0.1116937998E+03      0.5621557504E+00
0.4400000000E+00      0.4692213747E+03      0.1131832412E+03      0.5644918498E+00
0.4420000000E+00      0.4718720673E+03      0.1146826689E+03      0.5668038019E+00
0.4440000000E+00      0.4745295671E+03      0.1161920588E+03      0.5690918326E+00
0.4460000000E+00      0.4771938884E+03      0.1177113869E+03      0.5713561690E+00
0.4480000000E+00      0.4798650450E+03      0.1192406292E+03      0.5735970396E+00
0.4500000000E+00      0.4825430507E+03      0.1207797618E+03      0.5758146731E+00
0.4520000000E+00      0.4852279189E+03      0.1223287610E+03      0.5780092993E+00
0.4540000000E+00      0.4879196629E+03      0.1238876032E+03      0.5801811482E+00
0.4560000000E+00      0.4906182956E+03      0.1254562647E+03      0.5823304503E+00
0.4580000000E+00      0.4933238299E+03      0.1270347221E+03      0.5844574360E+00
0.4600000000E+00      0.4960362784E+03      0.1286229520E+03      0.5865623359E+00
0.4620000000E+00      0.4987556534E+03      0.1302209313E+03      0.5886453804E+00
0.4640000000E+00      0.5014819671E+03      0.1318286369E+03      0.5907067995E+00
0.4660000000E+00      0.5042152315E+03      0.1334460459E+03      0.5927468230E+00
0.4680000000E+00      0.5069554583E+03      0.1350731353E+03      0.5947656799E+00
0.4700000000E+00      0.5097026592E+03      0.1367098826E+03      0.5967635989E+00
0.4720000000E+00      0.5124568454E+03      0.1383562652E+03      0.5987408077E+00
0.4740000000E+00      0.5152180282E+03      0.1400122607E+03      0.6006979873E+00
0.4760000000E+00      0.5179862186E+03      0.1416778469E+03      0.6026344514E+00
0.4780000000E+00      0.5207614273E+03      0.1433530016E+03      0.6045508841E+00
0.4800000000E+00      0.5235436650E+03      0.1450377029E+03      0.6064475084E+00
0.4820000000E+00      0.5263329421E+03      0.1467319291E+03      0.6083245471E+00
0.4840000000E+00      0.5291292690E+03      0.1484356585E+03      0.6101822216E+00
0.4860000000E+00      0.5319326556E+03      0.1501488696E+03      0.6120207519E+00
0.4880000000E+00      0.5347431120E+03      0.1518715411E+03      0.6138403568E+00
0.4900000000E+00      0.5375606478E+03      0.1536036518E+03      0.6156412536E+00
0.4920000000E+00      0.5403852727E+03      0.1553451808E+03      0.6174236580E+00
0.4940000000E+00      0.5432169960E+03      0.1570961073E+03      0.6191877841E+00
0.4960000000E+00      0.5460558272E+03      0.1588564105E+03      0.6209338447E+00
0.4980000000E+00      0.5489017752E+03      0.1606260700E+03      0.6226620507E+00
0.5000000000E+00      0.5517548490E+03      0.1624050655E+03      0.6243726112E+00
0.5020000000E+00      0.5546150574E+03      0.1641933767E+03      0.6260657339E+00
0.5040000000E+00      0.5574824090E+03      0.1659909838E+03      0.6277416246E+00
0.5060000000E+00      0.5603569125E+03      0.1677978668E+03      0.6294004872E+00
0.5080000000E+00      0.5632385761E+03      0.1696140061E+03      0.6310425238E+00
0.5100000000E+00      0.5661274080E+03      0.1714393822E+03      0.6326679349E+00
0.5120000000E+00      0.5690234163E+03      0.1732739759E+03      0.6342769189E+00
0.5140000000E+00      0.5719266090E+03      0.1751177678E+03      0.6358696723E+00
0.5160000000E+00      0.5748369938E+03      0.1769707392E+03      0.6374463899E+00
0.5180000000E+00      0.5777545784E+03      0.1788328711E+03      0.6390072643E+00
0.5200000000E+00      0.5806793704E+03      0.1807041449E+03      0.6405524866E+00
0.5220000000E+00      0.5836113771E+03      0.1825845422E+03      0.6420822454E+00
0.5240000000E+00      0.5865506059E+03      0.1844740446E+03      0.6435967278E+00
0.5260000000E+00      0.5894970638E+03      0.1863726340E+03      0.6450961187E+00
0.5280000000E+00      0.5924507580E+03      0.1882802923E+03      0.6465806012E+00
0.5300000000E+00      0.5954116953E+03      0.1901970019E+03      0.6480503562E+00
0.5320000000E+00      0.5983798825E+03      0.1921227451E+03      0.6495055629E+00
0.5340000000E+00      0.6013553263E+03      0.1940575044E+03      0.6509463985E+00
0.5360000000E+00      0.6043380332E+03      0.1960012624E+03      0.6523730379E+00
0.5380000000E+00      0.6073280097E+03      0.1979540021E+03      0.6537856543E+00
0.5400000000E+00      0.6103252621E+03      0.1999157064E+03      0.6551844191E+00
0.5420000000E+00      0.6133297967E+03      0.2018863585E+03      0.6565695013E+00
0.5440000000E+00      0.6163416195E+03      0.2038659418E+03      0.6579410683E+00
0.5460000000E+00      0.6193607366E+03      0.2058544397E+03      0.6592992854E+00
0.5480000000E+00      0.6223871539E+03      0.2078518360E+03      0.6606443160E+00
0.5500000000E+00      0.6254208771E+03      0.2098581144E+03      0.6619763215E+00
0.5520000000E+00      0.6284619121E+03      0.2118732589E+03      0.6632954614E+00
0.5540000000E+00      0.6315102643E+03      0.2138972536E+03      0.6646018934E+00
0.5560000000E+00      0.6345659393E+03      0.2159300829E+03      0.6658957732E+00
0.5580000000E+00      0.6376289425E+03      0.2179717311E+03      0.6671772544E+00
0.5600000000E+00      0.6406992792E+03      0.2200221829E+03      0.6684464892E+00
0.5620000000E+00      0.6437769545E+03      0.2220814229E+03      0.6697048567E+00
0.5640000000E+00      0.6468619739E+03      0.2241494362E+03      0.6709500352E+00
0.5660000000E+00      0.6499543421E+03      0.2262262076E+03      0.6721834118E+00
0.5680000000E+00      0.6530540642E+03      0.2283117225E+03      0.6734051311E+00
0.5700000000E+00      0.6561611450E+03      0.2304059662E+03      0.6746153357E+00
0.5720000000E+00      0.6592755894E+03      0.2325089241E+03      0.6758141665E+00
0.5740000000E+00      0.6623974019E+03      0.2346205818E+03      0.6770017626E+00
0.5760000000E+00      0.6655265873E+03      0.2367409253E+03      0.6781782614E+00
0.5780000000E+00      0.6686631500E+03      0.2388699402E+03      0.6793437984E+00
0.5800000000E+00      0.6718070946E+03      0.2410076128E+03      0.6804985076E+00
0.5820000000E+00      0.6749584253E+03      0.2431539292E+03      0.6816425209E+00
0.5840000000E+00      0.6781171465E+03      0.2453088758E+03      0.6827759689E+00
0.5860000000E+00      0.6812832625E+03      0.2474724390E+03      0.6838989803E+00
0.5880000000E+00      0.6844567773E+03      0.2496446054E+03      0.6850116822E+00
0.5900000000E+00      0.6876376950E+03      0.2518253618E+03      0.6861141999E+00
0.5920000000E+00      0.6908260196E+03      0.2540146950E+03      0.6872066571E+00
0.5940000000E+00      0.6940217552E+03      0.2562125921E+03      0.6882891762E+00
0.5960000000E+00      0.6972249054E+03      0.2584190402E+03      0.6893618775E+00
0.5980000000E+00      0.7004354742E+03      0.2606340266E+03      0.6904248801E+00
0.6000000000E+00      0.7036534652E+03      0.2628575386E+03      0.6914783014E+00
0.6020000000E+00      0.7068788821E+03      0.2650895638E+03      0.6925222571E+00
0.6040000000E+00      0.7101117285E+03      0.2673300899E+03      0.6935568616E+00
0.6060000000E+00      0.7133520079E+03      0.2695791046E+03      0.6945822277E+00
0.6080000000E+00      0.7165997237E+03      0.2718365957E+03      0.6955984667E+00
0.6100000000E+00      0.7198548795E+03      0.2741025515E+03      0.6966056884E+00
0.6120000000E+00      0.7231174785E+03      0.2763769598E+03      0.6976040012E+00
0.6140000000E+00      0.7263875241E+03      0.2786598092E+03      0.6986012148E+00
0.6160000000E+00      0.7296650193E+03      0.2809510878E+03      0.6995819286E+00
0.6180000000E+00      0.7329499673E+03      0.2832507843E+03      0.7005540507E+00
0.6200000000E+00      0.7362423714E+03      0.2855588871E+03      0.7015176841E+00
0.6220000000E+00      0.7395422345E+03      0.2878753852E+03      0.7024729299E+00
0.6240000000E+00      0.7428495597E+03      0.2902002672E+03      0.7034198883E+00
0.6260000000E+00      0.7461643498E+03      0.2925335222E+03      0.7043586578E+00
0.6280000000E+00      0.7494866077E+03      0.2948751392E+03      0.7052893356E+00
0.6300000000E+00      0.7528163364E+03      0.2972251074E+03      0.7062120177E+00
0.6320000000E+00      0.7561535384E+03      0.2995834160E+03      0.7071267989E+00
0.6340000000E+00      0.7594982167E+03      0.3019500545E+03      0.7080337726E+00
0.6360000000E+00      0.7628503738E+03      0.3043250125E+03      0.7089338828E+00
0.6380000000E+00      0.7662100124E+03      0.3067082793E+03      0.7098255074E+00
0.6400000000E+00      0.7695771351E+03      0.3090998448E+03      0.7107095976E+00
0.6420000000E+00      0.7729517443E+03      0.3114996988E+03      0.7115862416E+00
0.6440000000E+00      0.7763338427E+03      0.3139078312E+03      0.7124555266E+00
0.6460000000E+00      0.7797234326E+03      0.3163242321E+03      0.7133175388E+00
0.6480000000E+00      0.7831205163E+03      0.3187488914E+03      0.7141723632E+00
0.6500000000E+00      0.7865250963E+03      0.3211817995E+03      0.7150200834E+00
0.6520000000E+00      0.7899371749E+03      0.3236229466E+03      0.7158607823E+00
0.6540000000E+00      0.7933567543E+03      0.3260723231E+03      0.7166945414E+00
0.6560000000E+00      0.7967838367E+03      0.3285299197E+03      0.7175214412E+00
0.6580000000E+00      0.8002184242E+03      0.3309957267E+03      0.7183415610E+00
0.6600000000E+00      0.8036605191E+03      0.3334697350E+03      0.7191549792E+00
0.6620000000E+00      0.8071101234E+03      0.3359519353E+03      0.7199617730E+00
0.6640000000E+00      0.8105672392E+03      0.3384423186E+03      0.7207620188E+00
0.6660000000E+00      0.8140318684E+03      0.3409408756E+03      0.7215557916E+00
0.6680000000E+00      0.8175040131E+03      0.3434475976E+03      0.7223431657E+00
0.6700000000E+00      0.8209836751E+03      0.3459624756E+03      0.7231242143E+00
0.6720000000E+00      0.8244708564E+03      0.3484855008E+03      0.7238990096E+00
0.6740000000E+00      0.8279655588E+03      0.3510166647E+03      0.7246676229E+00
0.6760000000E+00      0.8314677841E+03      0.3535559585E+03      0.7254301244E+00
0.6780000000E+00      0.8349775342E+03      0.3561033739E+03      0.7261865835E+00
0.6800000000E+00      0.8384948107E+03      0.3586589022E+03      0.7269370686E+00
0.6820000000E+00      0.8420196154E+03      0.3612225352E+03      0.7276816473E+00
0.6840000000E+00      0.8455519500E+03      0.3637942646E+03      0.7284203861E+00
0.6860000000E+00      0.8490918160E+03      0.3663740823E+03      0.7291533508E+00
0.6880000000E+00      0.8526392152E+03      0.3689619801E+03      0.7298806062E+00
0.6900000000E+00      0.8561941491E+03      0.3715579499E+03      0.7306022162E+00
0.6920000000E+00      0.8597566192E+03      0.3741619839E+03      0.7313182441E+00
0.6940000000E+00      0.8633266271E+03      0.3767740741E+03      0.7320287521E+00
0.6960000000E+00      0.8669041742E+03      0.3793942128E+03      0.7327338016E+00
0.6980000000E+00      0.8704892620E+03      0.3820223922E+03      0.7334334533E+00
0.7000000000E+00      0.8740818919E+03      0.3846586047E+03      0.7341277670E+00
0.7020000000E+00      0.8776820653E+03      0.3873028427E+03      0.7348168018E+00
0.7040000000E+00      0.8812897835E+03      0.3899550986E+03      0.7355006160E+00
0.7060000000E+00      0.8849050480E+03      0.3926153652E+03      0.7361792669E+00
0.7080000000E+00      0.8885278599E+03      0.3952836350E+03      0.7368528115E+00
0.7100000000E+00      0.8921582207E+03      0.3979599006E+03      0.7375213055E+00
0.7120000000E+00      0.8957961315E+03      0.4006441550E+03      0.7381848044E+00
0.7140000000E+00      0.8994415935E+03      0.4033363909E+03      0.7388433625E+00
0.7160000000E+00      0.9030946080E+03      0.4060366013E+03      0.7394970338E+00
0.7180000000E+00      0.9067551760E+03      0.4087447791E+03      0.7401458713E+00
0.7200000000E+00      0.9104232989E+03      0.4114609174E+03      0.7407899273E+00
0.7220000000E+00      0.9140989776E+03      0.4141850093E+03      0.7414292537E+00
0.7240000000E+00      0.9177822133E+03      0.4169170480E+03      0.7420639014E+00
0.7260000000E+00      0.9214730070E+03      0.4196570267E+03      0.7426939208E+00
0.7280000000E+00      0.9251713598E+03      0.4224049387E+03      0.7433193617E+00
0.7300000000E+00      0.9288772727E+03      0.4251607775E+03      0.7439402731E+00
0.7320000000E+00      0.9325907467E+03      0.4279245364E+03      0.7445567033E+00
0.7340000000E+00      0.9363117828E+03      0.4306962089E+03      0.7451687003E+00
0.7360000000E+00      0.9400403819E+03      0.4334757886E+03      0.7457763112E+00
0.7380000000E+00      0.9437765449E+03      0.4362632691E+03      0.7463795826E+00
0.7400000000E+00      0.9475202728E+03      0.4390586441E+03      0.7469785603E+00
0.7420000000E+00      0.9512715664E+03      0.4418619073E+03      0.7475732899E+00
0.7440000000E+00      0.9550304265E+03      0.4446730525E+03      0.7481638160E+00
0.7460000000E+00      0.9587968542E+03      0.4474920735E+03      0.7487501829E+00
0.7480000000E+00      0.9625708500E+03      0.4503189643E+03      0.7493324341E+00
0.7500000000E+00      0.9663524149E+03      0.4531537187E+03      0.7499106129E+00
0.7520000000E+00      0.9701415497E+03      0.4559963309E+03      0.7504847617E+00
0.7540000000E+00      0.9739382550E+03      0.4588467949E+03      0.7510549225E+00
0.7560000000E+00      0.9777425316E+03      0.4617051048E+03      0.7516211368E+00
0.7580000000E+00      0.9815543803E+03      0.4645712548E+03      0.7521834454E+00
0.7600000000E+00      0.9853738017E+03      0.4674452391E+03      0.7527418887E+00
0.7620000000E+00      0.9892007965E+03      0.4703270520E+03      0.7532966904E+00
0.7640000000E+00      0.9930353654E+03      0.4732166879E+03      0.7538473185E+00
0.7660000000E+00      0.9968775096E+03      0.4761141408E+03      0.7543921978E+00
0.7680000000E+00      0.1000727228E+04      0.4790194060E+03      0.7549379809E+00
0.7700000000E+00      0.1004584523E+04      0.4819324772E+03      0.7554774913E+00
0.7720000000E+00      0.1008449395E+04      0.4848533489E+03      0.7560113952E+00
0.7740000000E+00      0.1012321843E+04      0.4877820165E+03      0.7565462310E+00
0.7760000000E+00      0.1016201869E+04      0.4907184738E+03      0.7570749600E+00
0.7780000000E+00      0.1020089474E+04      0.4936627157E+03      0.7575982210E+00
0.7800000000E+00      0.1023984657E+04      0.4966147373E+03      0.7581224382E+00
0.7820000000E+00      0.1027887420E+04      0.4995745330E+03      0.7586407098E+00
0.7840000000E+00      0.1031797762E+04      0.5025420974E+03      0.7591536478E+00
0.7860000000E+00      0.1035715684E+04      0.5055174261E+03      0.7596675633E+00
0.7880000000E+00      0.1039641188E+04      0.5085005135E+03      0.7601756892E+00
0.7900000000E+00      0.1043574272E+04      0.5114913543E+03      0.7606786125E+00
0.7920000000E+00      0.1047514938E+04      0.5144899443E+03      0.7611825311E+00
0.7940000000E+00      0.1051463186E+04      0.5174962780E+03      0.7616808118E+00
0.7960000000E+00      0.1055419016E+04      0.5205103503E+03      0.7621686289E+00
0.7980000000E+00      0.1059382429E+04      0.5235321570E+03      0.7626682328E+00
0.8000000000E+00      0.1063353425E+04      0.5265616927E+03      0.7631569574E+00
0.8020000000E+00      0.1067332005E+04      0.5295989526E+03      0.7636404422E+00
0.8040000000E+00      0.1071318168E+04      0.5326439326E+03      0.7641255265E+00
0.8060000000E+00      0.1075311915E+04      0.5356966274E+03      0.7646049739E+00
0.8080000000E+00      0.1079313248E+04      0.5387570322E+03      0.7650793122E+00
0.8100000000E+00      0.1083322164E+04      0.5418251432E+03      0.7655552393E+00
0.8120000000E+00      0.1087338666E+04      0.5449009550E+03      0.7660256781E+00
0.8140000000E+00      0.1091362754E+04      0.5479844633E+03      0.7664911350E+00
0.8160000000E+00      0.1095394427E+04      0.5510756639E+03      0.7669581683E+00
0.8180000000E+00      0.1099433686E+04      0.5541745520E+03      0.7674198574E+00
0.8200000000E+00      0.1103480531E+04      0.5572811231E+03      0.7678766884E+00
0.8220000000E+00      0.1107534962E+04      0.5603953732E+03      0.7683350818E+00
0.8240000000E+00      0.1111596980E+04      0.5635172977E+03      0.7687882707E+00
0.8260000000E+00      0.1115666585E+04      0.5666468921E+03      0.7692313996E+00
0.8280000000E+00      0.1119743777E+04      0.5697841527E+03      0.7696867204E+00
0.8300000000E+00      0.1123828556E+04      0.5729290747E+03      0.7701316500E+00
0.8320000000E+00      0.1127920922E+04      0.5760816539E+03      0.7705675903E+00
0.8340000000E+00      0.1132020876E+04      0.5792418867E+03      0.7710137986E+00
0.8360000000E+00      0.1136128417E+04      0.5824097684E+03      0.7714507009E+00
0.8380000000E+00      0.1140243547E+04      0.5855852949E+03      0.7718788955E+00
0.8400000000E+00      0.1144366264E+04      0.5887684626E+03      0.7723170052E+00
0.8420000000E+00      0.1148496569E+04      0.5919592671E+03      0.7727461042E+00
0.8440000000E+00      0.1152634463E+04      0.5951577043E+03      0.7731667679E+00
0.8460000000E+00      0.1156779944E+04      0.5983637707E+03      0.7735970051E+00
0.8480000000E+00      0.1160933014E+04      0.6015774619E+03      0.7740185168E+00
0.8500000000E+00      0.1165093673E+04      0.6047987740E+03      0.7744318566E+00
0.8520000000E+00      0.1169261920E+04      0.6080277037E+03      0.7748544395E+00
0.8540000000E+00      0.1173437756E+04      0.6112642465E+03      0.7752685725E+00
0.8560000000E+00      0.1177621180E+04      0.6145083989E+03      0.7756887089E+00
0.8580000000E+00      0.1181812193E+04      0.6177601570E+03      0.7760954173E+00
0.8600000000E+00      0.1186010795E+04      0.6210195174E+03      0.7765023234E+00
0.8620000000E+00      0.1190216985E+04      0.6242864759E+03      0.7769095851E+00
0.8640000000E+00      0.1194430765E+04      0.6275610290E+03      0.7773093245E+00
0.8660000000E+00      0.1198652132E+04      0.6308431733E+03      0.7777093035E+00
0.8680000000E+00      0.1202881089E+04      0.6341329048E+03      0.7781095105E+00
0.8700000000E+00      0.1207117635E+04      0.6374302199E+03      0.7785024686E+00
0.8720000000E+00      0.1211361769E+04      0.6407351156E+03      0.7788957047E+00
0.8740000000E+00      0.1215613492E+04      0.6440475876E+03      0.7792890484E+00
0.8760000000E+00      0.1219872804E+04      0.6473676328E+03      0.7796754064E+00
0.8780000000E+00      0.1224139704E+04      0.6506952478E+03      0.7800620774E+00
0.8800000000E+00      0.1228414193E+04      0.6540304289E+03      0.7804487429E+00
0.8820000000E+00      0.1232696271E+04      0.6573731727E+03      0.7808286759E+00
0.8840000000E+00      0.1236985936E+04      0.6607234761E+03      0.7812089537E+00
0.8860000000E+00      0.1241283191E+04      0.6640813352E+03      0.7815891194E+00
0.8880000000E+00      0.1245588034E+04      0.6674467470E+03      0.7819627967E+00
0.8900000000E+00      0.1249900465E+04      0.6708197084E+03      0.7823368474E+00
0.8920000000E+00      0.1254220484E+04      0.6742002156E+03      0.7827106859E+00
0.8940000000E+00      0.1258548091E+04      0.6775882655E+03      0.7830782709E+00
0.8960000000E+00      0.1262883286E+04      0.6809838552E+03      0.7834462552E+00
0.8980000000E+00      0.1267226069E+04      0.6843869810E+03      0.7838139332E+00
0.9000000000E+00      0.1271576440E+04      0.6877976399E+03      0.7841755838E+00
0.9020000000E+00      0.1275934398E+04      0.6912158289E+03      0.7845376570E+00
0.9040000000E+00      0.1280299944E+04      0.6946415445E+03      0.7848993355E+00
0.9060000000E+00      0.1284673078E+04      0.6980747837E+03      0.7852552045E+00
0.9080000000E+00      0.1289053798E+04      0.7015155438E+03      0.7856115169E+00
0.9100000000E+00      0.1293442106E+04      0.7049638212E+03      0.7859673517E+00
0.9120000000E+00      0.1297838000E+04      0.7084196130E+03      0.7863175866E+00
0.9140000000E+00      0.1302241481E+04      0.7118829164E+03      0.7866682836E+00
0.9160000000E+00      0.1306652549E+04      0.7153537281E+03      0.7870184253E+00
0.9180000000E+00      0.1311071203E+04      0.7188320452E+03      0.7873631690E+00
0.9200000000E+00      0.1315497443E+04      0.7223178650E+03      0.7877083911E+00
0.9220000000E+00      0.1319931269E+04      0.7258111841E+03      0.7880529852E+00
0.9240000000E+00      0.1324372681E+04      0.7293119999E+03      0.7883923758E+00
0.9260000000E+00      0.1328821679E+04      0.7328203096E+03      0.7887322592E+00
0.9280000000E+00      0.1333278262E+04      0.7363361100E+03      0.7890714466E+00
0.9300000000E+00      0.1337742431E+04      0.7398593985E+03      0.7894056176E+00
0.9320000000E+00      0.1342214184E+04      0.7433901723E+03      0.7897402942E+00
0.9340000000E+00      0.1346693522E+04      0.7469284283E+03      0.7900742109E+00
0.9360000000E+00      0.1351180445E+04      0.7504741640E+03      0.7904032917E+00
0.9380000000E+00      0.1355674952E+04      0.7540273767E+03      0.7907328890E+00
0.9400000000E+00      0.1360177043E+04      0.7575880633E+03      0.7910616669E+00
0.9420000000E+00      0.1364686718E+04      0.7611562213E+03      0.7913857826E+00
0.9440000000E+00      0.1369203977E+04      0.7647318480E+03      0.7917099714E+00
0.9460000000E+00      0.1373728819E+04      0.7683149408E+03      0.7920325269E+00
0.9480000000E+00      0.1378261245E+04      0.7719054969E+03      0.7923534637E+00
0.9500000000E+00      0.1382801253E+04      0.7755035136E+03      0.7926727950E+00
0.9520000000E+00      0.1387348843E+04      0.7791089884E+03      0.7929905338E+00
0.9540000000E+00      0.1391904017E+04      0.7827219187E+03      0.7933066931E+00
0.9560000000E+00      0.1396466772E+04      0.7863423019E+03      0.7936212857E+00
0.9580000000E+00      0.1401037109E+04      0.7899701353E+03      0.7939343241E+00
0.9600000000E+00      0.1405615027E+04      0.7936054165E+03      0.7942458210E+00
0.9620000000E+00      0.1410200527E+04      0.7972481429E+03      0.7945557886E+00
0.9640000000E+00      0.1414793608E+04      0.8008983121E+03      0.7948642394E+00
0.9660000000E+00      0.1419394270E+04      0.8045559214E+03      0.7951711854E+00
0.9680000000E+00      0.1424002511E+04      0.8082209685E+03      0.7954766385E+00
0.9700000000E+00      0.1428618333E+04      0.8118934509E+03      0.7957806108E+00
0.9720000000E+00      0.1433241735E+04      0.8155733660E+03      0.7960831138E+00
0.9740000000E+00      0.1437872716E+04      0.8192607116E+03      0.7963841594E+00
0.9760000000E+00      0.1442511277E+04      0.8229554853E+03      0.7966837589E+00
0.9780000000E+00      0.1447157416E+04      0.8266576845E+03      0.7969819238E+00
0.9800000000E+00      0.1451811134E+04      0.8303673069E+03      0.7972786653E+00
0.9820000000E+00      0.1456472430E+04      0.8340843503E+03      0.7975739946E+00
0.9840000000E+00      0.1461141304E+04      0.8378088121E+03      0.7978679228E+00
0.9860000000E+00      0.1465817756E+04      0.8415406902E+03      0.7981604607E+00
0.9880000000E+00      0.1470501785E+04      0.8452799822E+03      0.7984516193E+00
0.9900000000E+00      0.1475193390E+04      0.8490266859E+03      0.7987414091E+00
0.9920000000E+00      0.1479892573E+04      0.8527807988E+03      0.7990298408E+00
0.9940000000E+00      0.1484599331E+04      0.8565423189E+03      0.7993169249E+00
0.9960000000E+00      0.1489313666E+04      0.8603112438E+03      0.7996026717E+00
0.9980000000E+00      0.1494035576E+04      0.8640875713E+03      0.7998870916E+00
0.1000000000E+01      0.1498765061E+04      0.8678712992E+03      0.8001701947E+00
0.1002000000E+01      0.1503502121E+04      0.8716624253E+03      0.8004519911E+00
0.1004000000E+01      0.1508246756E+04      0.8754609474E+03      0.8007324907E+00
0.1006000000E+01      0.1512998964E+04      0.8792668634E+03      0.8010117035E+00
0.1008000000E+01      0.1517758747E+04      0.8830801710E+03      0.8012896391E+00
0.1010000000E+01      0.1522526103E+04      0.8869008682E+03      0.8015663073E+00
0.1012000000E+01      0.1527301033E+04      0.8907289525E+03      0.8018318996E+00
0.1014000000E+01      0.1532083534E+04      0.8945644225E+03      0.8021061448E+00
0.1016000000E+01      0.1536873608E+04      0.8984072757E+03      0.8023791503E+00
0.1018000000E+01      0.1541671254E+04      0.9022575100E+03      0.8026509255E+00
0.1020000000E+01      0.1546476472E+04      0.9061151235E+03      0.8029214794E+00
0.1022000000E+01      0.1551289260E+04      0.9099801139E+03      0.8031908213E+00
0.1024000000E+01      0.1556109620E+04      0.9138524794E+03      0.8034589602E+00
0.1026000000E+01      0.1560937550E+04      0.9177322177E+03      0.8037259049E+00
0.1028000000E+01      0.1565773050E+04      0.9216193271E+03      0.8039916644E+00
0.1030000000E+01      0.1570616119E+04      0.9255138054E+03      0.8042562474E+00
0.1032000000E+01      0.1575466758E+04      0.9294156506E+03      0.8045196625E+00
0.1034000000E+01      0.1580324965E+04      0.9333248609E+03      0.8047819184E+00
0.1036000000E+01      0.1585190742E+04      0.9372414341E+03      0.8050430235E+00
0.1038000000E+01      0.1590064086E+04      0.9411653685E+03      0.8053029864E+00
0.1040000000E+01      0.1594944997E+04      0.9450966620E+03      0.8055618152E+00
0.1042000000E+01      0.1599833477E+04      0.9490353127E+03      0.8058195183E+00
0.1044000000E+01      0.1604729522E+04      0.9529813188E+03      0.8060761039E+00
0.1046000000E+01      0.1609633135E+04      0.9569346783E+03      0.8063315801E+00
0.1048000000E+01      0.1614544313E+04      0.9608953893E+03      0.8065859548E+00
0.1050000000E+01      0.1619463057E+04      0.9648634499E+03      0.8068392360E+00
0.1052000000E+01      0.1624389366E+04      0.9688388584E+03      0.8070914316E+00
0.1054000000E+01      0.1629323240E+04      0.9728216129E+03      0.8073425494E+00
0.1056000000E+01      0.1634264679E+04      0.9768117114E+03      0.8075925971E+00
0.1058000000E+01      0.1639213681E+04      0.9808091523E+03      0.8078415823E+00
0.1060000000E+01      0.1644170247E+04      0.9848139337E+03      0.8080895127E+00
0.1062000000E+01      0.1649134376E+04      0.9888260537E+03      0.8083363956E+00
0.1064000000E+01      0.1654106068E+04      0.9928455107E+03      0.8085822386E+00
0.1066000000E+01      0.1659085322E+04      0.9968723027E+03      0.8088270490E+00
0.1068000000E+01      0.1664072137E+04      0.1000906428E+04      0.8090708341E+00
0.1070000000E+01      0.1669066515E+04      0.1004947885E+04      0.8093136010E+00
0.1072000000E+01      0.1674068453E+04      0.1008996672E+04      0.8095553570E+00
0.1074000000E+01      0.1679077951E+04      0.1013052787E+04      0.8097961092E+00
0.1076000000E+01      0.1684095010E+04      0.1017116228E+04      0.8100358645E+00
0.1078000000E+01      0.1689119629E+04      0.1021186995E+04      0.8102746299E+00
0.1080000000E+01      0.1694151806E+04      0.1025265084E+04      0.8105124123E+00
0.1082000000E+01      0.1699191543E+04      0.1029350494E+04      0.8107492186E+00
0.1084000000E+01      0.1704238838E+04      0.1033443224E+04      0.8109850554E+00
0.1086000000E+01      0.1709293691E+04      0.1037543272E+04      0.8112199294E+00
0.1088000000E+01      0.1714356101E+04      0.1041650636E+04      0.8114538474E+00
0.1090000000E+01      0.1719426068E+04      0.1045765315E+04      0.8116868159E+00
0.1092000000E+01      0.1724503592E+04      0.1049887307E+04      0.8119188413E+00
0.1094000000E+01      0.1729588672E+04      0.1054016610E+04      0.8121499302E+00
0.1096000000E+01      0.1734681308E+04      0.1058153223E+04      0.8123800889E+00
0.1098000000E+01      0.1739781499E+04      0.1062297145E+04      0.8126093238E+00
0.1100000000E+01      0.1744889244E+04      0.1066448372E+04      0.8128376412E+00
0.1102000000E+01      0.1750004544E+04      0.1070606905E+04      0.8130650471E+00
0.1104000000E+01      0.1755127398E+04      0.1074772741E+04      0.8132915480E+00
0.1106000000E+01      0.1760257806E+04      0.1078945879E+04      0.8135171497E+00
0.1108000000E+01      0.1765395766E+04      0.1083126317E+04      0.8137418585E+00
0.1110000000E+01      0.1770541279E+04      0.1087314054E+04      0.8139656802E+00
0.1112000000E+01      0.1775694343E+04      0.1091509088E+04      0.8141886193E+00
0.1114000000E+01      0.1780854960E+04      0.1095711418E+04      0.8144106847E+00
0.1116000000E+01      0.1786023127E+04      0.1099921042E+04      0.8146318808E+00
0.1118000000E+01      0.1791198846E+04      0.1104137958E+04      0.8148522133E+00
0.1120000000E+01      0.1796382114E+04      0.1108362166E+04      0.8150716880E+00
0.1122000000E+01      0.1801572932E+04      0.1112593663E+04      0.8152903105E+00
0.1124000000E+01      0.1806771300E+04      0.1116832448E+04      0.8155080865E+00
0.1126000000E+01      0.1811977216E+04      0.1121078520E+04      0.8157250215E+00
0.1128000000E+01      0.1817190680E+04      0.1125331877E+04      0.8159411211E+00
0.1130000000E+01      0.1822411693E+04      0.1129592518E+04      0.8161563907E+00
0.1132000000E+01      0.1827640253E+04      0.1133860441E+04      0.8163708358E+00
0.1134000000E+01      0.1832876359E+04      0.1138135644E+04      0.8165844618E+00
0.1136000000E+01      0.1838120013E+04      0.1142418128E+04      0.8167972739E+00
0.1138000000E+01      0.1843371212E+04      0.1146707889E+04      0.8170092775E+00
0.1140000000E+01      0.1848629956E+04      0.1151004927E+04      0.8172204779E+00
0.1142000000E+01      0.1853896246E+04      0.1155309239E+04      0.8174308802E+00
0.1144000000E+01      0.1859170081E+04      0.1159620826E+04      0.8176404895E+00
0.1146000000E+01      0.1864451459E+04      0.1163939685E+04      0.8178493110E+00
0.1148000000E+01      0.1869740381E+04      0.1168265815E+04      0.8180573498E+00
0.1150000000E+01      0.1875036846E+04      0.1172599214E+04      0.8182646107E+00
0.1152000000E+01      0.1880340854E+04      0.1176939882E+04      0.8184710990E+00
0.1154000000E+01      0.1885652404E+04      0.1181287816E+04      0.8186768193E+00
0.1156000000E+01      0.1890971496E+04      0.1185643016E+04      0.8188817767E+00
0.1158000000E+01      0.1896298129E+04      0.1190005480E+04      0.8190859760E+00
0.1160000000E+01      0.1901632303E+04      0.1194375207E+04      0.8192894219E+00
0.1162000000E+01      0.1906974017E+04      0.1198752195E+04      0.8194921193E+00
0.1164000000E+01      0.1912323271E+04      0.1203136444E+04      0.8196940729E+00
0.1166000000E+01      0.1917680064E+04      0.1207527951E+04      0.8198952873E+00
0.1168000000E+01      0.1923044396E+04      0.1211926716E+04      0.8200957672E+00
0.1170000000E+01      0.1928416266E+04      0.1216332737E+04      0.8202955171E+00
0.1172000000E+01      0.1933795674E+04      0.1220746013E+04      0.8204945417E+00
0.1174000000E+01      0.1939182620E+04      0.1225166543E+04      0.8206928455E+00
0.1176000000E+01      0.1944577102E+04      0.1229594325E+04      0.8208904329E+00
0.1178000000E+01      0.1949979121E+04      0.1234029359E+04      0.8210873084E+00
0.1180000000E+01      0.1955388676E+04      0.1238471642E+04      0.8212834764E+00
0.1182000000E+01      0.1960805766E+04      0.1242921173E+04      0.8214789412E+00
0.1184000000E+01      0.1966230391E+04      0.1247377952E+04      0.8216737073E+00
0.1186000000E+01      0.1971662551E+04      0.1251841977E+04      0.8218677789E+00
0.1188000000E+01      0.1977102244E+04      0.1256313247E+04      0.8220611602E+00
0.1190000000E+01      0.1982549471E+04      0.1260791761E+04      0.8222691281E+00
0.1192000000E+01      0.1988004231E+04      0.1265277517E+04      0.8224590918E+00
0.1194000000E+01      0.1993466524E+04      0.1269770514E+04      0.8226467581E+00
0.1196000000E+01      0.1998936348E+04      0.1274270751E+04      0.8228426842E+00
0.1198000000E+01      0.2004413705E+04      0.1278778227E+04      0.8230306799E+00
0.1200000000E+01      0.2009898592E+04      0.1283292940E+04      0.8232214930E+00
