      Rhob                Epsilon              Pressure               SoundV
0.4730000000E-14      0.4409040000E-11      0.6303830000E-24      0.2528270000E-09
0.4760000000E-14      0.4431480000E-11      0.6303830000E-23      0.3286900000E-09
0.4910000000E-14      0.4571720000E-11      0.6303830000E-22      0.3811090000E-09
0.6990000000E-14      0.6506980000E-11      0.7552120000E-21      0.1661210000E-08
0.9900000000E-14      0.9199530000E-11      0.8737990000E-20      0.4506330000E-08
0.2720000000E-13      0.2529870000E-10      0.1061040000E-18      0.2185710000E-07
0.1270000000E-12      0.1189210000E-09      0.3632510000E-17      0.1280710000E-06
0.6930000000E-12      0.6450890000E-09      0.1185870000E-15      0.6813760000E-06
0.6295000000E-11      0.5856290000E-08      0.6081640000E-14      0.1980100000E-05
0.1581000000E-10      0.1470800000E-07      0.3100740000E-13      0.4121830000E-05
0.3972000000E-10      0.3694960000E-07      0.1517290000E-12      0.7788630000E-05
0.9976000000E-10      0.9278060000E-07      0.7183870000E-12      0.1422460000E-04
0.2506000000E-09      0.2331300000E-06      0.3286730000E-11      0.2500930000E-04
0.6294000000E-09      0.5856290000E-06      0.1446760000E-10      0.4207890000E-04
0.1581000000E-08      0.1470800000E-05      0.6088500000E-10      0.6739699893E-04
0.3972000000E-08      0.3695520000E-05      0.2441020000E-09      0.8516180000E-04
0.5000000000E-08      0.4651930000E-05      0.3282360000E-09      0.1052360000E-03
0.9976000000E-08      0.9283670000E-05      0.8956430000E-09      0.1422520000E-03
0.1990000000E-07      0.1852250000E-04      0.2392340000E-08      0.1863930000E-03
0.3972000000E-07      0.3696080000E-04      0.6278870000E-08      0.2408930000E-03
0.7924000000E-07      0.7376450000E-04      0.1625270000E-07      0.3085620000E-03
0.1581000000E-06      0.1471920000E-03      0.4166770000E-07      0.3417580000E-03
0.1990000000E-06      0.1853370000E-03      0.5453750000E-07      0.3860480000E-03
0.3155000000E-06      0.2937680000E-03      0.1016730000E-06      0.4315500000E-03
0.5000000000E-06      0.4656420000E-03      0.1890530000E-06      0.4889620000E-03
0.6294000000E-06      0.5861890000E-03      0.2577080000E-06      0.5509610000E-03
0.7924000000E-06      0.7382060000E-03      0.3143180000E-06      0.6137740000E-03
0.9976000000E-06      0.9294890000E-03      0.4281610000E-06      0.6540150000E-03
0.1581000000E-05      0.1470000000E-02      0.7939080000E-06      0.7285460000E-03
0.2506000000E-05      0.2340000000E-02      0.1470480000E-05      0.8500470000E-03
0.3972000000E-05      0.3700000000E-02      0.2722510000E-05      0.8906300000E-03
0.5000000000E-05      0.4660000000E-02      0.3533890000E-05      0.9510480000E-03
0.6294000000E-05      0.5870000000E-02      0.4807140000E-05      0.1100000000E-02
0.7924000000E-05      0.7390000000E-02      0.6541010000E-05      0.1180000000E-02
0.9976000000E-05      0.9310000000E-02      0.8894020000E-05      0.1280000000E-02
0.1256000000E-04      0.1172000000E-01      0.1209590000E-04      0.1300000000E-02
0.1581000000E-04      0.1476000000E-01      0.1562230000E-04      0.1320000000E-02
0.1990000000E-04      0.1858000000E-01      0.2124580000E-04      0.1390000000E-02
0.2506000000E-04      0.2340000000E-01      0.2888530000E-04      0.1470000000E-02
0.3155000000E-04      0.2947000000E-01      0.3713020000E-04      0.1550000000E-02
0.3972000000E-04      0.3712000000E-01      0.5048680000E-04      0.1820000000E-02
0.5000000000E-04      0.4674000000E-01      0.6865560000E-04      0.1960000000E-02
0.6294000000E-04      0.5884000000E-01      0.9330920000E-04      0.2110000000E-02
0.7924000000E-04      0.7416000000E-01      0.1268880000E-03      0.2150000000E-02
0.9976000000E-04      0.9334000000E-01      0.1620900000E-03      0.2190000000E-02
0.1105000000E-03      0.1034400000E+00      0.1805020000E-03      0.2220000000E-02
0.1256000000E-03      0.1175700000E+00      0.2053430000E-03      0.2270000000E-02
0.1581000000E-03      0.1480900000E+00      0.2791790000E-03      0.2300000000E-02
0.1990000000E-03      0.1865100000E+00      0.3630010000E-03      0.2350000000E-02
0.2506000000E-03      0.2349200000E+00      0.4704780000E-03      0.2420000000E-02
0.2572000000E-03      0.2411500000E+00      0.4871430000E-03      0.1640000000E-02
0.2670000000E-03      0.2502100000E+00      0.4925360000E-03      0.6323770000E-03
0.3126000000E-03      0.2932300000E+00      0.5213460000E-03      0.6351150000E-03
0.3951000000E-03      0.3707800000E+00      0.5679160000E-03      0.6395500000E-03
0.4759000000E-03      0.4467600000E+00      0.6136960000E-03      0.6456670000E-03
0.5812000000E-03      0.5456200000E+00      0.6758550000E-03      0.6505920000E-03
0.7143000000E-03      0.6709200000E+00      0.7601150000E-03      0.7025890000E-03
0.8786000000E-03      0.8252300000E+00      0.8731850000E-03      0.7646840000E-03
0.1077000000E-02      0.1012500000E+01      0.1020000000E-02      0.8354260000E-03
0.1314000000E-02      0.1235290000E+01      0.1220000000E-02      0.9276850000E-03
0.1748000000E-02      0.1643560000E+01      0.1620000000E-02      0.1000000000E-02
0.2000000000E-02      0.1880850000E+01      0.2000000000E-02      0.1100000000E-02
0.4000000000E-02      0.3764610000E+01      0.4510000000E-02      0.1460000000E-02
0.6000000000E-02      0.5649800000E+01      0.7500000000E-02      0.1680000000E-02
0.8000000000E-02      0.7536070000E+01      0.1086000000E-01      0.1880000000E-02
0.1000000000E-01      0.9423230000E+01      0.1458000000E-01      0.2070000000E-02
0.1200000000E-01      0.1131116000E+02      0.1867000000E-01      0.2280000000E-02
0.1400000000E-01      0.1319982000E+02      0.2318000000E-01      0.2510000000E-02
0.1600000000E-01      0.1508915000E+02      0.2814000000E-01      0.2760000000E-02
0.1800000000E-01      0.1697914000E+02      0.3361000000E-01      0.3040000000E-02
0.2000000000E-01      0.1886976000E+02      0.3965000000E-01      0.3340000000E-02
0.2200000000E-01      0.2076101000E+02      0.4624000000E-01      0.3660000000E-02
0.2400000000E-01      0.2265290000E+02      0.5348000000E-01      0.3990000000E-02
0.2600000000E-01      0.2454541000E+02      0.6133000000E-01      0.4330000000E-02
0.2800000000E-01      0.2643855000E+02      0.6988000000E-01      0.4680000000E-02
0.3000000000E-01      0.2833233000E+02      0.7906000000E-01      0.5030000000E-02
0.3200000000E-01      0.3022674000E+02      0.8895000000E-01      0.5390000000E-02
0.3400000000E-01      0.3212179000E+02      0.9948000000E-01      0.5740000000E-02
0.3600000000E-01      0.3401748000E+02      0.1107200000E+00      0.6090000000E-02
0.3800000000E-01      0.3591381000E+02      0.1225900000E+00      0.6440000000E-02
0.4000000000E-01      0.3781078000E+02      0.1351400000E+00      0.6790000000E-02
0.4200000000E-01      0.3970840000E+02      0.1483400000E+00      0.7110000000E-02
0.4400000000E-01      0.4160666000E+02      0.1621100000E+00      0.7420000000E-02
0.4600000000E-01      0.4350556000E+02      0.1765200000E+00      0.7740000000E-02
0.4800000000E-01      0.4540510000E+02      0.1915000000E+00      0.8040000000E-02
0.5000000000E-01      0.4730528000E+02      0.2070600000E+00      0.8310000000E-02
0.5200000000E-01      0.4920608000E+02      0.2230900000E+00      0.8580000000E-02
0.5400000000E-01      0.5110752000E+02      0.2396900000E+00      0.8870000000E-02
0.5600000000E-01      0.5300958000E+02      0.2568200000E+00      0.9120000000E-02
0.5800000000E-01      0.5491227000E+02      0.2743700000E+00      0.9340000000E-02
0.6000000000E-01      0.5681556000E+02      0.2923800000E+00      0.9690000000E-02
0.6200000000E-01      0.5871946000E+02      0.3101200000E+00      0.1002000000E-01
0.6400000000E-01      0.6062394000E+02      0.3290400000E+00      0.1028000000E-01
0.6600000000E-01      0.6252904000E+02      0.3483400000E+00      0.1069000000E-01
0.6800000000E-01      0.6443473000E+02      0.3679800000E+00      0.1101000000E-01
0.7000000000E-01      0.6634095000E+02      0.3861300000E+00      0.1136000000E-01
0.7200000000E-01      0.6824779000E+02      0.4067700000E+00      0.1168000000E-01
0.7400000000E-01      0.7004781609E+02      0.5455274787E+00      0.1524942151E-01
0.7600000000E-01      0.7195613676E+02      0.5749332179E+00      0.1556273795E-01
0.7800000000E-01      0.7386523941E+02      0.6049600786E+00      0.1588764589E-01
0.8000000000E-01      0.7577512022E+02      0.6356333949E+00      0.1622695237E-01
0.8200000000E-01      0.7768577626E+02      0.6669838467E+00      0.1658340264E-01
0.8400000000E-01      0.7959720557E+02      0.6990473439E+00      0.1695967279E-01
0.8600000000E-01      0.8150940720E+02      0.7318648996E+00      0.1735836416E-01
0.8800000000E-01      0.8342238123E+02      0.7654824920E+00      0.1778199895E-01
0.9000000000E-01      0.8533612885E+02      0.7999509211E+00      0.1823301718E-01
0.9200000000E-01      0.8725065240E+02      0.8353256589E+00      0.1871377449E-01
0.9400000000E-01      0.8916595533E+02      0.8716666968E+00      0.1922654080E-01
0.9600000000E-01      0.9108204231E+02      0.9090383912E+00      0.1977349969E-01
0.9800000000E-01      0.9299891917E+02      0.9475093082E+00      0.2035674824E-01
0.1000000000E+00      0.9491659295E+02      0.9871520690E+00      0.2097829735E-01
0.1020000000E+00      0.9683507192E+02      0.1028043196E+01      0.2164007243E-01
0.1040000000E+00      0.9875436553E+02      0.1070262962E+01      0.2234391426E-01
0.1060000000E+00      0.1006744845E+03      0.1113895239E+01      0.2309158012E-01
0.1080000000E+00      0.1025954406E+03      0.1159027350E+01      0.2388474503E-01
0.1100000000E+00      0.1045172471E+03      0.1205749929E+01      0.2472500303E-01
0.1120000000E+00      0.1064399182E+03      0.1254156775E+01      0.2561386858E-01
0.1140000000E+00      0.1083634691E+03      0.1304191243E+01      0.2618994671E-01
0.1160000000E+00      0.1102879058E+03      0.1355161892E+01      0.2682130663E-01
0.1180000000E+00      0.1122132334E+03      0.1407595219E+01      0.2764756292E-01
0.1200000000E+00      0.1141394639E+03      0.1461753993E+01      0.2857888199E-01
0.1220000000E+00      0.1160666128E+03      0.1517818090E+01      0.2959390455E-01
0.1240000000E+00      0.1179946973E+03      0.1575941512E+01      0.3068391298E-01
0.1260000000E+00      0.1199237369E+03      0.1636266753E+01      0.3184458273E-01
0.1280000000E+00      0.1218537523E+03      0.1698930461E+01      0.3307355937E-01
0.1300000000E+00      0.1237847659E+03      0.1764066172E+01      0.3436950548E-01
0.1320000000E+00      0.1257168014E+03      0.1831805792E+01      0.3573165549E-01
0.1340000000E+00      0.1276498837E+03      0.1902280455E+01      0.3715958234E-01
0.1360000000E+00      0.1295840391E+03      0.1975621048E+01      0.3865306447E-01
0.1380000000E+00      0.1315192948E+03      0.2051958535E+01      0.4020855905E-01
0.1400000000E+00      0.1334556792E+03      0.2131424157E+01      0.4183285778E-01
0.1420000000E+00      0.1353932220E+03      0.2214149557E+01      0.4352260828E-01
0.1440000000E+00      0.1373319536E+03      0.2300266846E+01      0.4527784055E-01
0.1460000000E+00      0.1392719055E+03      0.2389908631E+01      0.4709858325E-01
0.1480000000E+00      0.1412131101E+03      0.2483208019E+01      0.4898485158E-01
0.1500000000E+00      0.1431556010E+03      0.2580298599E+01      0.5093663836E-01
0.1520000000E+00      0.1450994124E+03      0.2681314409E+01      0.5295390735E-01
0.1540000000E+00      0.1470445793E+03      0.2786390024E+01      0.5504110088E-01
0.1560000000E+00      0.1489911379E+03      0.2895659992E+01      0.5718914922E-01
0.1580000000E+00      0.1509391250E+03      0.3009259535E+01      0.5940234970E-01
0.1600000000E+00      0.1528885780E+03      0.3127323983E+01      0.6168050947E-01
0.1620000000E+00      0.1548395354E+03      0.3249988833E+01      0.6402339025E-01
0.1640000000E+00      0.1567920362E+03      0.3377389674E+01      0.6643070709E-01
0.1660000000E+00      0.1587461201E+03      0.3509662116E+01      0.6890212726E-01
0.1680000000E+00      0.1607018277E+03      0.3646941712E+01      0.7143726956E-01
0.1700000000E+00      0.1626591998E+03      0.3789363805E+01      0.7403418295E-01
0.1720000000E+00      0.1646182784E+03      0.3937063761E+01      0.7669539897E-01
0.1740000000E+00      0.1665791057E+03      0.4090176420E+01      0.7941889820E-01
0.1760000000E+00      0.1685417246E+03      0.4248836328E+01      0.8220410229E-01
0.1780000000E+00      0.1705061785E+03      0.4413177581E+01      0.8505038376E-01
0.1800000000E+00      0.1724725114E+03      0.4583333741E+01      0.8795706637E-01
0.1820000000E+00      0.1744407677E+03      0.4759437757E+01      0.9092342557E-01
0.1840000000E+00      0.1764109925E+03      0.4941621885E+01      0.9394868914E-01
0.1860000000E+00      0.1783832311E+03      0.5130017610E+01      0.9703203790E-01
0.1880000000E+00      0.1803575293E+03      0.5324755561E+01      0.1001726066E+00
0.1900000000E+00      0.1823339335E+03      0.5525965440E+01      0.1033694848E+00
0.1920000000E+00      0.1843124902E+03      0.5733775940E+01      0.1066217179E+00
0.1940000000E+00      0.1862932464E+03      0.5948314672E+01      0.1099283084E+00
0.1960000000E+00      0.1882762495E+03      0.6169708087E+01      0.1132882172E+00
0.1980000000E+00      0.1902615472E+03      0.6398081405E+01      0.1167003646E+00
0.2000000000E+00      0.1922491874E+03      0.6633558547E+01      0.1201636951E+00
0.2020000000E+00      0.1942392182E+03      0.6876262048E+01      0.1236769267E+00
0.2040000000E+00      0.1962316883E+03      0.7126313014E+01      0.1272389304E+00
0.2060000000E+00      0.1982266463E+03      0.7383831037E+01      0.1308484801E+00
0.2080000000E+00      0.2002241411E+03      0.7648934141E+01      0.1345043171E+00
0.2100000000E+00      0.2022242219E+03      0.7921738712E+01      0.1382051519E+00
0.2120000000E+00      0.2042269378E+03      0.8202359444E+01      0.1419496660E+00
0.2140000000E+00      0.2062323383E+03      0.8490909281E+01      0.1457365140E+00
0.2160000000E+00      0.2082404730E+03      0.8787499360E+01      0.1495643252E+00
0.2180000000E+00      0.2102513914E+03      0.9092238962E+01      0.1534317058E+00
0.2200000000E+00      0.2122651433E+03      0.9405235460E+01      0.1573372407E+00
0.2220000000E+00      0.2142817785E+03      0.9726594272E+01      0.1612794956E+00
0.2240000000E+00      0.2163013468E+03      0.1005641882E+02      0.1652570191E+00
0.2260000000E+00      0.2183238981E+03      0.1039481049E+02      0.1692683446E+00
0.2280000000E+00      0.2203494822E+03      0.1074186857E+02      0.1733119925E+00
0.2300000000E+00      0.2223781490E+03      0.1109769028E+02      0.1773864721E+00
0.2320000000E+00      0.2244099482E+03      0.1146237064E+02      0.1814902839E+00
0.2340000000E+00      0.2264449297E+03      0.1183600254E+02      0.1856219213E+00
0.2360000000E+00      0.2284831431E+03      0.1221867664E+02      0.1897798730E+00
0.2380000000E+00      0.2305246381E+03      0.1261048139E+02      0.1939626247E+00
0.2400000000E+00      0.2325694641E+03      0.1301150299E+02      0.1981687309E+00
0.2420000000E+00      0.2346176706E+03      0.1342182539E+02      0.2023965377E+00
0.2440000000E+00      0.2366693069E+03      0.1384153023E+02      0.2066446041E+00
0.2460000000E+00      0.2387244220E+03      0.1427069689E+02      0.2109114236E+00
0.2480000000E+00      0.2407830650E+03      0.1470940245E+02      0.2151954966E+00
0.2500000000E+00      0.2428452845E+03      0.1515772167E+02      0.2194953320E+00
0.2520000000E+00      0.2449111292E+03      0.1561572701E+02      0.2238094486E+00
0.2540000000E+00      0.2469806475E+03      0.1608348863E+02      0.2281363772E+00
0.2560000000E+00      0.2490538876E+03      0.1656107437E+02      0.2324698012E+00
0.2580000000E+00      0.2511308973E+03      0.1704854978E+02      0.2368178593E+00
0.2600000000E+00      0.2532117243E+03      0.1754597810E+02      0.2411744055E+00
0.2620000000E+00      0.2552964162E+03      0.1805342033E+02      0.2455356225E+00
0.2640000000E+00      0.2573850200E+03      0.1857093510E+02      0.2499048736E+00
0.2660000000E+00      0.2594775826E+03      0.1909857888E+02      0.2542784514E+00
0.2680000000E+00      0.2615741507E+03      0.1963640586E+02      0.2586550109E+00
0.2700000000E+00      0.2636747705E+03      0.2018446800E+02      0.2630332298E+00
0.2720000000E+00      0.2657794880E+03      0.2074281506E+02      0.2674118096E+00
0.2740000000E+00      0.2678883489E+03      0.2131149463E+02      0.2717894768E+00
0.2760000000E+00      0.2700013986E+03      0.2189055213E+02      0.2761649835E+00
0.2780000000E+00      0.2721186820E+03      0.2248003085E+02      0.2805371084E+00
0.2800000000E+00      0.2742402438E+03      0.2307997198E+02      0.2849046574E+00
0.2820000000E+00      0.2763661284E+03      0.2369041464E+02      0.2892664644E+00
0.2840000000E+00      0.2784963796E+03      0.2431139590E+02      0.2936213921E+00
0.2860000000E+00      0.2806310411E+03      0.2494295082E+02      0.2979683319E+00
0.2880000000E+00      0.2827701561E+03      0.2558511246E+02      0.3023062051E+00
0.2900000000E+00      0.2849137674E+03      0.2623791198E+02      0.3066339629E+00
0.2920000000E+00      0.2870619175E+03      0.2690137857E+02      0.3109505868E+00
0.2940000000E+00      0.2892146485E+03      0.2757553960E+02      0.3152550886E+00
0.2960000000E+00      0.2913720015E+03      0.2826042073E+02      0.3195520478E+00
0.2980000000E+00      0.2935340188E+03      0.2895604535E+02      0.3238295859E+00
0.3000000000E+00      0.2957007408E+03      0.2966243555E+02      0.3280922239E+00
0.3020000000E+00      0.2978722079E+03      0.3037961157E+02      0.3323390975E+00
0.3040000000E+00      0.3000484603E+03      0.3110759193E+02      0.3365693731E+00
0.3060000000E+00      0.3022295376E+03      0.3184639353E+02      0.3407822483E+00
0.3080000000E+00      0.3044154790E+03      0.3259603164E+02      0.3449769513E+00
0.3100000000E+00      0.3066063233E+03      0.3335652000E+02      0.3491527408E+00
0.3120000000E+00      0.3088021090E+03      0.3412787079E+02      0.3533089060E+00
0.3140000000E+00      0.3110028744E+03      0.3491009456E+02      0.3574476523E+00
0.3160000000E+00      0.3132086564E+03      0.3570320089E+02      0.3615626211E+00
0.3180000000E+00      0.3154194925E+03      0.3650719748E+02      0.3656560127E+00
0.3200000000E+00      0.3176354194E+03      0.3732209083E+02      0.3697272344E+00
0.3220000000E+00      0.3198564734E+03      0.3814788610E+02      0.3737691635E+00
0.3240000000E+00      0.3220826904E+03      0.3898458718E+02      0.3777942446E+00
0.3260000000E+00      0.3243141059E+03      0.3983219671E+02      0.3817955482E+00
0.3280000000E+00      0.3265507548E+03      0.4069071612E+02      0.3857725940E+00
0.3300000000E+00      0.3287926719E+03      0.4156014567E+02      0.3897249286E+00
0.3320000000E+00      0.3310398912E+03      0.4244048451E+02      0.3936521247E+00
0.3340000000E+00      0.3332924466E+03      0.4333173068E+02      0.3975537811E+00
0.3360000000E+00      0.3355503714E+03      0.4423388117E+02      0.4014295215E+00
0.3380000000E+00      0.3378136986E+03      0.4514693194E+02      0.4052789944E+00
0.3400000000E+00      0.3400824607E+03      0.4607087801E+02      0.4091018723E+00
0.3420000000E+00      0.3423566897E+03      0.4700571341E+02      0.4128978513E+00
0.3440000000E+00      0.3446364174E+03      0.4795143129E+02      0.4166666503E+00
0.3460000000E+00      0.3469216751E+03      0.4890802390E+02      0.4204080104E+00
0.3480000000E+00      0.3492124936E+03      0.4987548268E+02      0.4241216944E+00
0.3500000000E+00      0.3515089033E+03      0.5085379824E+02      0.4278074863E+00
0.3520000000E+00      0.3538109344E+03      0.5184296043E+02      0.4314651905E+00
0.3540000000E+00      0.3561186165E+03      0.5284295833E+02      0.4350946311E+00
0.3560000000E+00      0.3584319788E+03      0.5385378035E+02      0.4386956515E+00
0.3580000000E+00      0.3607510503E+03      0.5487541417E+02      0.4422681138E+00
0.3600000000E+00      0.3630758594E+03      0.5590784687E+02      0.4458118981E+00
0.3620000000E+00      0.3654064341E+03      0.5695106487E+02      0.4493269018E+00
0.3640000000E+00      0.3677428022E+03      0.5800505402E+02      0.4528130394E+00
0.3660000000E+00      0.3700849911E+03      0.5906979957E+02      0.4562702411E+00
0.3680000000E+00      0.3724330270E+03      0.6014528656E+02      0.4597064639E+00
0.3700000000E+00      0.3747869376E+03      0.6123149864E+02      0.4631057430E+00
0.3720000000E+00      0.3771467485E+03      0.6232841984E+02      0.4664759693E+00
0.3740000000E+00      0.3795124856E+03      0.6343603343E+02      0.4698171322E+00
0.3760000000E+00      0.3818841743E+03      0.6455432223E+02      0.4731292350E+00
0.3780000000E+00      0.3842618396E+03      0.6568326867E+02      0.4764122934E+00
0.3800000000E+00      0.3866455063E+03      0.6682285479E+02      0.4796663357E+00
0.3820000000E+00      0.3890351988E+03      0.6797306224E+02      0.4828914022E+00
0.3840000000E+00      0.3914309411E+03      0.6913387234E+02      0.4860875440E+00
0.3860000000E+00      0.3938327568E+03      0.7030526607E+02      0.4892548236E+00
0.3880000000E+00      0.3962406693E+03      0.7148722411E+02      0.4923933132E+00
0.3900000000E+00      0.3986547015E+03      0.7267972686E+02      0.4955030823E+00
0.3920000000E+00      0.4010748760E+03      0.7388275443E+02      0.4985842489E+00
0.3940000000E+00      0.4035012153E+03      0.7509628669E+02      0.5016369006E+00
0.3960000000E+00      0.4059337412E+03      0.7632030329E+02      0.5046611464E+00
0.3980000000E+00      0.4083724754E+03      0.7755478365E+02      0.5076571037E+00
0.4000000000E+00      0.4108174393E+03      0.7879970700E+02      0.5106248975E+00
0.4020000000E+00      0.4132686538E+03      0.8005505236E+02      0.5135646598E+00
0.4040000000E+00      0.4157261398E+03      0.8132079861E+02      0.5164765298E+00
0.4060000000E+00      0.4181899174E+03      0.8259692447E+02      0.5193606530E+00
0.4080000000E+00      0.4206600069E+03      0.8388340851E+02      0.5222171812E+00
0.4100000000E+00      0.4231364280E+03      0.8518022919E+02      0.5250462717E+00
0.4120000000E+00      0.4256192003E+03      0.8648736484E+02      0.5278480875E+00
0.4140000000E+00      0.4281083428E+03      0.8780479370E+02      0.5306227966E+00
0.4160000000E+00      0.4306038745E+03      0.8913249392E+02      0.5333705716E+00
0.4180000000E+00      0.4331058140E+03      0.9047044357E+02      0.5360915898E+00
0.4200000000E+00      0.4356141797E+03      0.9181862065E+02      0.5387860326E+00
0.4220000000E+00      0.4381289895E+03      0.9317700311E+02      0.5414540851E+00
0.4240000000E+00      0.4406502613E+03      0.9454556887E+02      0.5440959364E+00
0.4260000000E+00      0.4431780126E+03      0.9592429580E+02      0.5467117785E+00
0.4280000000E+00      0.4457122605E+03      0.9731316173E+02      0.5493018066E+00
0.4300000000E+00      0.4482530221E+03      0.9871214451E+02      0.5518662190E+00
0.4320000000E+00      0.4508003141E+03      0.1001212219E+03      0.5544052162E+00
0.4340000000E+00      0.4533541529E+03      0.1015403719E+03      0.5569190012E+00
0.4360000000E+00      0.4559145547E+03      0.1029695721E+03      0.5594077792E+00
0.4380000000E+00      0.4584815355E+03      0.1044088005E+03      0.5618717574E+00
0.4400000000E+00      0.4610551110E+03      0.1058580350E+03      0.5643111444E+00
0.4420000000E+00      0.4636352965E+03      0.1073172534E+03      0.5667261507E+00
0.4440000000E+00      0.4662221074E+03      0.1087864336E+03      0.5691169879E+00
0.4460000000E+00      0.4688155586E+03      0.1102655538E+03      0.5714838690E+00
0.4480000000E+00      0.4714156648E+03      0.1117545918E+03      0.5738270077E+00
0.4500000000E+00      0.4740224407E+03      0.1132535258E+03      0.5761466187E+00
0.4520000000E+00      0.4766359004E+03      0.1147623339E+03      0.5784429175E+00
0.4540000000E+00      0.4792560580E+03      0.1162809943E+03      0.5807161199E+00
0.4560000000E+00      0.4818829275E+03      0.1178094854E+03      0.5829664423E+00
0.4580000000E+00      0.4845165223E+03      0.1193477854E+03      0.5851941011E+00
0.4600000000E+00      0.4871568560E+03      0.1208958728E+03      0.5873993132E+00
0.4620000000E+00      0.4898039417E+03      0.1224537261E+03      0.5895822952E+00
0.4640000000E+00      0.4924577925E+03      0.1240213240E+03      0.5917432637E+00
0.4660000000E+00      0.4951184211E+03      0.1255986450E+03      0.5938824350E+00
0.4680000000E+00      0.4977858401E+03      0.1271856681E+03      0.5960000254E+00
0.4700000000E+00      0.5004600620E+03      0.1287823721E+03      0.5980962503E+00
0.4720000000E+00      0.5031410989E+03      0.1303887359E+03      0.6001713250E+00
0.4740000000E+00      0.5058289629E+03      0.1320047387E+03      0.6022254638E+00
0.4760000000E+00      0.5085236657E+03      0.1336303597E+03      0.6042588808E+00
0.4780000000E+00      0.5112252191E+03      0.1352655782E+03      0.6062717822E+00
0.4800000000E+00      0.5139336343E+03      0.1369103736E+03      0.6082643939E+00
0.4820000000E+00      0.5166489229E+03      0.1385647254E+03      0.6102369202E+00
0.4840000000E+00      0.5193710957E+03      0.1402286132E+03      0.6121895717E+00
0.4860000000E+00      0.5221001637E+03      0.1419020170E+03      0.6141225574E+00
0.4880000000E+00      0.5248361378E+03      0.1435849164E+03      0.6160360858E+00
0.4900000000E+00      0.5275790283E+03      0.1452772916E+03      0.6179303637E+00
0.4920000000E+00      0.5303288459E+03      0.1469791226E+03      0.6198055971E+00
0.4940000000E+00      0.5330856006E+03      0.1486903898E+03      0.6216619906E+00
0.4960000000E+00      0.5358493026E+03      0.1504110734E+03      0.6234997473E+00
0.4980000000E+00      0.5386199617E+03      0.1521411541E+03      0.6253190694E+00
0.5000000000E+00      0.5413975878E+03      0.1538806124E+03      0.6271201573E+00
0.5020000000E+00      0.5441821905E+03      0.1556294290E+03      0.6289032101E+00
0.5040000000E+00      0.5469737792E+03      0.1573875850E+03      0.6306684257E+00
0.5060000000E+00      0.5497723631E+03      0.1591550613E+03      0.6324160002E+00
0.5080000000E+00      0.5525779516E+03      0.1609318390E+03      0.6341461283E+00
0.5100000000E+00      0.5553905534E+03      0.1627178995E+03      0.6358590032E+00
0.5120000000E+00      0.5582101777E+03      0.1645132241E+03      0.6375548165E+00
0.5140000000E+00      0.5610368329E+03      0.1663177945E+03      0.6392337583E+00
0.5160000000E+00      0.5638705278E+03      0.1681315922E+03      0.6408960169E+00
0.5180000000E+00      0.5667112707E+03      0.1699545992E+03      0.6425417792E+00
0.5200000000E+00      0.5695590701E+03      0.1717867973E+03      0.6441712305E+00
0.5220000000E+00      0.5724139340E+03      0.1736281687E+03      0.6457845541E+00
0.5240000000E+00      0.5752758705E+03      0.1754786956E+03      0.6473819320E+00
0.5260000000E+00      0.5781448875E+03      0.1773383603E+03      0.6489635444E+00
0.5280000000E+00      0.5810209928E+03      0.1792071453E+03      0.6505295698E+00
0.5300000000E+00      0.5839041941E+03      0.1810850333E+03      0.6520801851E+00
0.5320000000E+00      0.5867944989E+03      0.1829720069E+03      0.6536155653E+00
0.5340000000E+00      0.5896919146E+03      0.1848680491E+03      0.6551358841E+00
0.5360000000E+00      0.5925964486E+03      0.1867731430E+03      0.6566413130E+00
0.5380000000E+00      0.5955081080E+03      0.1886872716E+03      0.6581320221E+00
0.5400000000E+00      0.5984268999E+03      0.1906104182E+03      0.6596081798E+00
0.5420000000E+00      0.6013528312E+03      0.1925425664E+03      0.6610699527E+00
0.5440000000E+00      0.6042859088E+03      0.1944836996E+03      0.6625175057E+00
0.5460000000E+00      0.6072261393E+03      0.1964338015E+03      0.6639510020E+00
0.5480000000E+00      0.6101735296E+03      0.1983928559E+03      0.6653706032E+00
0.5500000000E+00      0.6131280859E+03      0.2003608469E+03      0.6667764690E+00
0.5520000000E+00      0.6160898148E+03      0.2023377584E+03      0.6681687576E+00
0.5540000000E+00      0.6190587226E+03      0.2043235748E+03      0.6695476255E+00
0.5560000000E+00      0.6220348154E+03      0.2063182803E+03      0.6709132273E+00
0.5580000000E+00      0.6250180994E+03      0.2083218594E+03      0.6722657162E+00
0.5600000000E+00      0.6280085806E+03      0.2103342967E+03      0.6736052436E+00
0.5620000000E+00      0.6310062648E+03      0.2123555770E+03      0.6749319592E+00
0.5640000000E+00      0.6340111579E+03      0.2143856851E+03      0.6762460111E+00
0.5660000000E+00      0.6370232655E+03      0.2164246060E+03      0.6775475458E+00
0.5680000000E+00      0.6400425934E+03      0.2184723248E+03      0.6788367080E+00
0.5700000000E+00      0.6430691471E+03      0.2205288267E+03      0.6801136410E+00
0.5720000000E+00      0.6461029319E+03      0.2225940972E+03      0.6813784864E+00
0.5740000000E+00      0.6491439533E+03      0.2246681216E+03      0.6826313840E+00
0.5760000000E+00      0.6521922164E+03      0.2267508856E+03      0.6838724723E+00
0.5780000000E+00      0.6552477265E+03      0.2288423750E+03      0.6851018881E+00
0.5800000000E+00      0.6583104887E+03      0.2309425756E+03      0.6863197665E+00
0.5820000000E+00      0.6613805079E+03      0.2330514734E+03      0.6875262412E+00
0.5840000000E+00      0.6644577892E+03      0.2351690544E+03      0.6887214444E+00
0.5860000000E+00      0.6675423372E+03      0.2372953049E+03      0.6899055066E+00
0.5880000000E+00      0.6706341569E+03      0.2394302112E+03      0.6910785569E+00
0.5900000000E+00      0.6737332528E+03      0.2415737598E+03      0.6922407227E+00
0.5920000000E+00      0.6768396297E+03      0.2437259373E+03      0.6933818751E+00
0.5940000000E+00      0.6799532920E+03      0.2458867303E+03      0.6945226263E+00
0.5960000000E+00      0.6830742441E+03      0.2480561256E+03      0.6956528671E+00
0.5980000000E+00      0.6862024905E+03      0.2502341102E+03      0.6967727192E+00
0.6000000000E+00      0.6893380355E+03      0.2524206711E+03      0.6978823027E+00
0.6020000000E+00      0.6924808833E+03      0.2546157955E+03      0.6989817356E+00
0.6040000000E+00      0.6956310381E+03      0.2568194706E+03      0.7000711368E+00
0.6060000000E+00      0.6987885039E+03      0.2590316837E+03      0.7011506213E+00
0.6080000000E+00      0.7019532849E+03      0.2612524224E+03      0.7022203038E+00
0.6100000000E+00      0.7051253849E+03      0.2634816743E+03      0.7032802974E+00
0.6120000000E+00      0.7083048079E+03      0.2657194271E+03      0.7043307138E+00
0.6140000000E+00      0.7114915576E+03      0.2679656685E+03      0.7053716636E+00
0.6160000000E+00      0.7146856379E+03      0.2702203865E+03      0.7064032557E+00
0.6180000000E+00      0.7178870525E+03      0.2724835692E+03      0.7074255980E+00
0.6200000000E+00      0.7210958050E+03      0.2747552046E+03      0.7084387970E+00
0.6220000000E+00      0.7243118989E+03      0.2770352810E+03      0.7094429578E+00
0.6240000000E+00      0.7275353378E+03      0.2793237868E+03      0.7104381844E+00
0.6260000000E+00      0.7307661252E+03      0.2816207103E+03      0.7114245793E+00
0.6280000000E+00      0.7340042644E+03      0.2839260402E+03      0.7124022439E+00
0.6300000000E+00      0.7372497588E+03      0.2862397651E+03      0.7133712785E+00
0.6320000000E+00      0.7405026117E+03      0.2885618737E+03      0.7143317819E+00
0.6340000000E+00      0.7437628263E+03      0.2908923549E+03      0.7152838518E+00
0.6360000000E+00      0.7470304057E+03      0.2932311977E+03      0.7162275847E+00
0.6380000000E+00      0.7503053531E+03      0.2955783910E+03      0.7171630760E+00
0.6400000000E+00      0.7535876716E+03      0.2979339242E+03      0.7180904198E+00
0.6420000000E+00      0.7568773641E+03      0.3002977863E+03      0.7190097091E+00
0.6440000000E+00      0.7601744336E+03      0.3026699667E+03      0.7199210358E+00
0.6460000000E+00      0.7634788831E+03      0.3050504550E+03      0.7208244906E+00
0.6480000000E+00      0.7667907153E+03      0.3074392405E+03      0.7217201631E+00
0.6500000000E+00      0.7701099331E+03      0.3098363130E+03      0.7226081417E+00
0.6520000000E+00      0.7734365393E+03      0.3122416622E+03      0.7234885140E+00
0.6540000000E+00      0.7767705365E+03      0.3146552778E+03      0.7243613663E+00
0.6560000000E+00      0.7801119274E+03      0.3170771499E+03      0.7252267837E+00
0.6580000000E+00      0.7834607146E+03      0.3195072683E+03      0.7260848506E+00
0.6600000000E+00      0.7868169008E+03      0.3219456231E+03      0.7269356501E+00
0.6620000000E+00      0.7901804883E+03      0.3243922046E+03      0.7277792644E+00
0.6640000000E+00      0.7935514798E+03      0.3268470030E+03      0.7286157745E+00
0.6660000000E+00      0.7969298776E+03      0.3293100086E+03      0.7294452607E+00
0.6680000000E+00      0.8003156841E+03      0.3317812120E+03      0.7302678021E+00
0.6700000000E+00      0.8037089017E+03      0.3342606035E+03      0.7310834767E+00
0.6720000000E+00      0.8071095327E+03      0.3367481739E+03      0.7318923619E+00
0.6740000000E+00      0.8105175793E+03      0.3392439138E+03      0.7326945338E+00
0.6760000000E+00      0.8139330437E+03      0.3417478140E+03      0.7334900678E+00
0.6780000000E+00      0.8173559283E+03      0.3442598654E+03      0.7342790382E+00
0.6800000000E+00      0.8207862350E+03      0.3467800588E+03      0.7350615184E+00
0.6820000000E+00      0.8242239660E+03      0.3493083854E+03      0.7358375811E+00
0.6840000000E+00      0.8276691234E+03      0.3518448362E+03      0.7366072978E+00
0.6860000000E+00      0.8311217091E+03      0.3543894025E+03      0.7373707392E+00
0.6880000000E+00      0.8345817252E+03      0.3569420754E+03      0.7381279753E+00
0.6900000000E+00      0.8380491737E+03      0.3595028464E+03      0.7388790751E+00
0.6920000000E+00      0.8415240564E+03      0.3620717069E+03      0.7396241067E+00
0.6940000000E+00      0.8450063753E+03      0.3646486483E+03      0.7403631375E+00
0.6960000000E+00      0.8484961321E+03      0.3672336623E+03      0.7410962339E+00
0.6980000000E+00      0.8519933287E+03      0.3698267405E+03      0.7418234616E+00
0.7000000000E+00      0.8554979669E+03      0.3724278746E+03      0.7425448855E+00
0.7020000000E+00      0.8590100484E+03      0.3750370565E+03      0.7432605695E+00
0.7040000000E+00      0.8625295749E+03      0.3776542779E+03      0.7439705770E+00
0.7060000000E+00      0.8660565481E+03      0.3802795310E+03      0.7446749705E+00
0.7080000000E+00      0.8695909697E+03      0.3829128077E+03      0.7453738116E+00
0.7100000000E+00      0.8731328412E+03      0.3855541001E+03      0.7460671613E+00
0.7120000000E+00      0.8766821642E+03      0.3882034003E+03      0.7467550798E+00
0.7140000000E+00      0.8802389404E+03      0.3908607007E+03      0.7474376265E+00
0.7160000000E+00      0.8838031711E+03      0.3935259935E+03      0.7481148602E+00
0.7180000000E+00      0.8873748580E+03      0.3961992711E+03      0.7487868389E+00
0.7200000000E+00      0.8909540024E+03      0.3988805259E+03      0.7494536198E+00
0.7220000000E+00      0.8945406058E+03      0.4015697506E+03      0.7501152596E+00
0.7240000000E+00      0.8981346697E+03      0.4042669376E+03      0.7507718140E+00
0.7260000000E+00      0.9017361953E+03      0.4069720796E+03      0.7514233384E+00
0.7280000000E+00      0.9053451840E+03      0.4096851694E+03      0.7520698872E+00
0.7300000000E+00      0.9089616372E+03      0.4124061997E+03      0.7527115143E+00
0.7320000000E+00      0.9125855562E+03      0.4151351634E+03      0.7533482729E+00
0.7340000000E+00      0.9162169421E+03      0.4178720534E+03      0.7539802155E+00
0.7360000000E+00      0.9198557963E+03      0.4206168627E+03      0.7546073940E+00
0.7380000000E+00      0.9235021200E+03      0.4233695843E+03      0.7552298596E+00
0.7400000000E+00      0.9271559144E+03      0.4261302114E+03      0.7558476630E+00
0.7420000000E+00      0.9308171805E+03      0.4288987370E+03      0.7564608542E+00
0.7440000000E+00      0.9344859197E+03      0.4316751545E+03      0.7570694826E+00
0.7460000000E+00      0.9381621329E+03      0.4344594571E+03      0.7576735970E+00
0.7480000000E+00      0.9418458213E+03      0.4372516382E+03      0.7582732455E+00
0.7500000000E+00      0.9455369860E+03      0.4400516912E+03      0.7588684759E+00
0.7520000000E+00      0.9492356280E+03      0.4428596096E+03      0.7594593351E+00
0.7540000000E+00      0.9529417482E+03      0.4456753869E+03      0.7600458695E+00
0.7560000000E+00      0.9566553478E+03      0.4484990167E+03      0.7606281252E+00
0.7580000000E+00      0.9603764277E+03      0.4513304927E+03      0.7612061473E+00
0.7600000000E+00      0.9641049889E+03      0.4541698085E+03      0.7617799807E+00
0.7620000000E+00      0.9678410323E+03      0.4570169579E+03      0.7623496696E+00
0.7640000000E+00      0.9715845587E+03      0.4598719348E+03      0.7629152578E+00
0.7660000000E+00      0.9753355692E+03      0.4627347330E+03      0.7634767883E+00
0.7680000000E+00      0.9790940645E+03      0.4656053465E+03      0.7640343039E+00
0.7700000000E+00      0.9828600455E+03      0.4684837692E+03      0.7645878466E+00
0.7720000000E+00      0.9866335132E+03      0.4713699952E+03      0.7651374580E+00
0.7740000000E+00      0.9904144681E+03      0.4742640186E+03      0.7656831794E+00
0.7760000000E+00      0.9942029113E+03      0.4771658336E+03      0.7662250513E+00
0.7780000000E+00      0.9979988434E+03      0.4800754342E+03      0.7667631138E+00
0.7800000000E+00      0.1001802265E+04      0.4829928149E+03      0.7672974065E+00
0.7820000000E+00      0.1005613177E+04      0.4859179699E+03      0.7678279691E+00
0.7840000000E+00      0.1009431581E+04      0.4888508935E+03      0.7683548394E+00
0.7860000000E+00      0.1013257476E+04      0.4917915802E+03      0.7688780560E+00
0.7880000000E+00      0.1017090864E+04      0.4947400244E+03      0.7693976568E+00
0.7900000000E+00      0.1020931745E+04      0.4976962206E+03      0.7699136790E+00
0.7920000000E+00      0.1024780119E+04      0.5006601635E+03      0.7704261595E+00
0.7940000000E+00      0.1028635989E+04      0.5036318475E+03      0.7709351347E+00
0.7960000000E+00      0.1032499353E+04      0.5066112675E+03      0.7714406405E+00
0.7980000000E+00      0.1036370213E+04      0.5095984180E+03      0.7719427127E+00
0.8000000000E+00      0.1040248569E+04      0.5125932938E+03      0.7724413861E+00
0.8020000000E+00      0.1044134423E+04      0.5155958897E+03      0.7729366956E+00
0.8040000000E+00      0.1048027773E+04      0.5186062006E+03      0.7734286755E+00
0.8060000000E+00      0.1051928622E+04      0.5216242214E+03      0.7739173597E+00
0.8080000000E+00      0.1055836969E+04      0.5246499470E+03      0.7744027815E+00
0.8100000000E+00      0.1059752814E+04      0.5276833724E+03      0.7748849742E+00
0.8120000000E+00      0.1063676160E+04      0.5307244927E+03      0.7753639703E+00
0.8140000000E+00      0.1067607005E+04      0.5337733028E+03      0.7758398022E+00
0.8160000000E+00      0.1071545351E+04      0.5368297979E+03      0.7763125017E+00
0.8180000000E+00      0.1075491197E+04      0.5398939733E+03      0.7767821005E+00
0.8200000000E+00      0.1079444545E+04      0.5429658240E+03      0.7772486296E+00
0.8220000000E+00      0.1083405394E+04      0.5460453454E+03      0.7777121199E+00
0.8240000000E+00      0.1087373746E+04      0.5491325328E+03      0.7781726018E+00
0.8260000000E+00      0.1091349600E+04      0.5522273814E+03      0.7786301053E+00
0.8280000000E+00      0.1095332956E+04      0.5553298867E+03      0.7790846601E+00
0.8300000000E+00      0.1099323816E+04      0.5584400440E+03      0.7795362957E+00
0.8320000000E+00      0.1103322180E+04      0.5615578489E+03      0.7799850409E+00
0.8340000000E+00      0.1107328047E+04      0.5646832969E+03      0.7804309245E+00
0.8360000000E+00      0.1111341419E+04      0.5678163834E+03      0.7808739749E+00
0.8380000000E+00      0.1115362295E+04      0.5709571041E+03      0.7813142199E+00
0.8400000000E+00      0.1119390676E+04      0.5741054546E+03      0.7817516873E+00
0.8420000000E+00      0.1123426563E+04      0.5772614305E+03      0.7821864044E+00
0.8440000000E+00      0.1127469954E+04      0.5804250276E+03      0.7826183982E+00
0.8460000000E+00      0.1131520852E+04      0.5835962416E+03      0.7830476954E+00
0.8480000000E+00      0.1135579255E+04      0.5867750682E+03      0.7834743224E+00
0.8500000000E+00      0.1139645165E+04      0.5899615034E+03      0.7838983054E+00
0.8520000000E+00      0.1143718581E+04      0.5931555429E+03      0.7843196700E+00
0.8540000000E+00      0.1147799503E+04      0.5963571825E+03      0.7847384418E+00
0.8560000000E+00      0.1151887933E+04      0.5995664184E+03      0.7851546459E+00
0.8580000000E+00      0.1155983870E+04      0.6027832464E+03      0.7855683072E+00
0.8600000000E+00      0.1160087313E+04      0.6060076624E+03      0.7859794503E+00
0.8620000000E+00      0.1164198265E+04      0.6092396627E+03      0.7863880995E+00
0.8640000000E+00      0.1168316724E+04      0.6124792431E+03      0.7867942788E+00
0.8660000000E+00      0.1172442691E+04      0.6157263999E+03      0.7871980121E+00
0.8680000000E+00      0.1176576165E+04      0.6189811291E+03      0.7875993226E+00
0.8700000000E+00      0.1180717148E+04      0.6222434270E+03      0.7879982338E+00
0.8720000000E+00      0.1184865639E+04      0.6255132897E+03      0.7883947684E+00
0.8740000000E+00      0.1189021639E+04      0.6287907136E+03      0.7887889491E+00
0.8760000000E+00      0.1193185147E+04      0.6320756947E+03      0.7891807985E+00
0.8780000000E+00      0.1197356163E+04      0.6353682296E+03      0.7895703384E+00
0.8800000000E+00      0.1201534688E+04      0.6386683145E+03      0.7899575910E+00
0.8820000000E+00      0.1205720722E+04      0.6419759458E+03      0.7903425778E+00
0.8840000000E+00      0.1209914265E+04      0.6452911198E+03      0.7907253202E+00
0.8860000000E+00      0.1214115317E+04      0.6486138331E+03      0.7911058394E+00
0.8880000000E+00      0.1218323878E+04      0.6519440822E+03      0.7914841562E+00
0.8900000000E+00      0.1222539947E+04      0.6552818634E+03      0.7918602913E+00
0.8920000000E+00      0.1226763526E+04      0.6586271733E+03      0.7922342651E+00
0.8940000000E+00      0.1230994614E+04      0.6619800086E+03      0.7926060978E+00
0.8960000000E+00      0.1235233211E+04      0.6653403658E+03      0.7929758094E+00
0.8980000000E+00      0.1239479318E+04      0.6687082415E+03      0.7933434196E+00
0.9000000000E+00      0.1243732933E+04      0.6720836324E+03      0.7937089480E+00
0.9020000000E+00      0.1247994058E+04      0.6754665351E+03      0.7940724137E+00
0.9040000000E+00      0.1252262692E+04      0.6788569464E+03      0.7944338358E+00
0.9060000000E+00      0.1256538835E+04      0.6822548630E+03      0.7947932333E+00
0.9080000000E+00      0.1260822488E+04      0.6856602817E+03      0.7951506247E+00
0.9100000000E+00      0.1265113649E+04      0.6890731993E+03      0.7955060285E+00
0.9120000000E+00      0.1269412320E+04      0.6924936126E+03      0.7958594628E+00
0.9140000000E+00      0.1273718500E+04      0.6959215185E+03      0.7962109456E+00
0.9160000000E+00      0.1278032189E+04      0.6993569138E+03      0.7965604949E+00
0.9180000000E+00      0.1282353387E+04      0.7027997955E+03      0.7969081281E+00
0.9200000000E+00      0.1286682094E+04      0.7062501605E+03      0.7972538627E+00
0.9220000000E+00      0.1291018309E+04      0.7097080057E+03      0.7975977159E+00
0.9240000000E+00      0.1295362034E+04      0.7131733282E+03      0.7979397046E+00
0.9260000000E+00      0.1299713268E+04      0.7166461250E+03      0.7982798458E+00
0.9280000000E+00      0.1304072010E+04      0.7201263931E+03      0.7986181560E+00
0.9300000000E+00      0.1308438261E+04      0.7236141295E+03      0.7989546517E+00
0.9320000000E+00      0.1312812020E+04      0.7271093315E+03      0.7992893491E+00
0.9340000000E+00      0.1317193288E+04      0.7306119960E+03      0.7996222644E+00
0.9360000000E+00      0.1321582064E+04      0.7341221203E+03      0.7999534133E+00
0.9380000000E+00      0.1325978349E+04      0.7376397015E+03      0.8002828118E+00
0.9400000000E+00      0.1330382141E+04      0.7411647369E+03      0.8006104752E+00
0.9420000000E+00      0.1334793442E+04      0.7446972235E+03      0.8009364190E+00
0.9440000000E+00      0.1339212250E+04      0.7482371587E+03      0.8012606583E+00
0.9460000000E+00      0.1343638566E+04      0.7517845398E+03      0.8015832082E+00
0.9480000000E+00      0.1348072390E+04      0.7553393640E+03      0.8019040836E+00
0.9500000000E+00      0.1352513721E+04      0.7589016286E+03      0.8022232992E+00
0.9520000000E+00      0.1356962560E+04      0.7624713311E+03      0.8025408694E+00
0.9540000000E+00      0.1361418906E+04      0.7660484687E+03      0.8028568087E+00
0.9560000000E+00      0.1365882758E+04      0.7696330388E+03      0.8031711313E+00
0.9580000000E+00      0.1370354118E+04      0.7732250388E+03      0.8034838513E+00
0.9600000000E+00      0.1374832984E+04      0.7768244663E+03      0.8037949825E+00
0.9620000000E+00      0.1379319357E+04      0.7804313185E+03      0.8041045387E+00
0.9640000000E+00      0.1383813237E+04      0.7840455931E+03      0.8044125336E+00
0.9660000000E+00      0.1388314622E+04      0.7876672874E+03      0.8047189805E+00
0.9680000000E+00      0.1392823514E+04      0.7912963991E+03      0.8050238927E+00
0.9700000000E+00      0.1397339911E+04      0.7949329256E+03      0.8053272835E+00
0.9720000000E+00      0.1401863814E+04      0.7985768645E+03      0.8056291658E+00
0.9740000000E+00      0.1406395222E+04      0.8022282134E+03      0.8059295525E+00
0.9760000000E+00      0.1410934136E+04      0.8058869698E+03      0.8062284564E+00
0.9780000000E+00      0.1415480555E+04      0.8095531315E+03      0.8065258900E+00
0.9800000000E+00      0.1420034478E+04      0.8132266961E+03      0.8068218657E+00
0.9820000000E+00      0.1424595906E+04      0.8169076611E+03      0.8071163960E+00
0.9840000000E+00      0.1429164839E+04      0.8205960244E+03      0.8074094930E+00
0.9860000000E+00      0.1433741276E+04      0.8242917835E+03      0.8077011687E+00
0.9880000000E+00      0.1438325216E+04      0.8279949363E+03      0.8079914351E+00
0.9900000000E+00      0.1442916661E+04      0.8317054804E+03      0.8082803039E+00
0.9920000000E+00      0.1447515609E+04      0.8354234137E+03      0.8085677869E+00
0.9940000000E+00      0.1452122060E+04      0.8391487339E+03      0.8088538955E+00
0.9960000000E+00      0.1456736014E+04      0.8428814387E+03      0.8091386413E+00
0.9980000000E+00      0.1461357471E+04      0.8466215261E+03      0.8094220354E+00
0.1000000000E+01      0.1465986431E+04      0.8503689938E+03      0.8097040890E+00
0.1002000000E+01      0.1470622893E+04      0.8541238398E+03      0.8099848133E+00
0.1004000000E+01      0.1475266857E+04      0.8578860618E+03      0.8102642190E+00
0.1006000000E+01      0.1479918323E+04      0.8616556578E+03      0.8105423172E+00
0.1008000000E+01      0.1484577290E+04      0.8654326256E+03      0.8108191183E+00
0.1010000000E+01      0.1489243759E+04      0.8692169633E+03      0.8110946331E+00
0.1012000000E+01      0.1493917729E+04      0.8730086687E+03      0.8113688721E+00
0.1014000000E+01      0.1498599199E+04      0.8768077398E+03      0.8116418455E+00
0.1016000000E+01      0.1503288170E+04      0.8806141746E+03      0.8119135636E+00
0.1018000000E+01      0.1507984641E+04      0.8844279710E+03      0.8121840365E+00
0.1020000000E+01      0.1512688613E+04      0.8882491272E+03      0.8124532744E+00
0.1022000000E+01      0.1517400083E+04      0.8920776410E+03      0.8127212871E+00
0.1024000000E+01      0.1522119054E+04      0.8959135107E+03      0.8129880844E+00
0.1026000000E+01      0.1526845523E+04      0.8997567341E+03      0.8132536766E+00
0.1028000000E+01      0.1531579491E+04      0.9036073094E+03      0.8135180723E+00
0.1030000000E+01      0.1536320958E+04      0.9074652347E+03      0.8137812815E+00
0.1032000000E+01      0.1541069923E+04      0.9113305081E+03      0.8140433136E+00
0.1034000000E+01      0.1545826386E+04      0.9152031277E+03      0.8143041779E+00
0.1036000000E+01      0.1550590347E+04      0.9190830917E+03      0.8145638837E+00
0.1038000000E+01      0.1555361804E+04      0.9229703982E+03      0.8148224401E+00
0.1040000000E+01      0.1560140760E+04      0.9268650453E+03      0.8150798560E+00
0.1042000000E+01      0.1564927211E+04      0.9307670314E+03      0.8153361405E+00
0.1044000000E+01      0.1569721160E+04      0.9346763545E+03      0.8155913024E+00
0.1046000000E+01      0.1574522604E+04      0.9385930128E+03      0.8158453504E+00
0.1048000000E+01      0.1579331544E+04      0.9425170047E+03      0.8160982931E+00
0.1050000000E+01      0.1584147980E+04      0.9464483283E+03      0.8163501392E+00
0.1052000000E+01      0.1588971911E+04      0.9503869820E+03      0.8166008971E+00
0.1054000000E+01      0.1593803337E+04      0.9543329639E+03      0.8168505753E+00
0.1056000000E+01      0.1598642257E+04      0.9582862724E+03      0.8170991819E+00
0.1058000000E+01      0.1603488672E+04      0.9622469058E+03      0.8173467252E+00
0.1060000000E+01      0.1608342581E+04      0.9662148623E+03      0.8175932134E+00
0.1062000000E+01      0.1613203983E+04      0.9701901404E+03      0.8178386545E+00
0.1064000000E+01      0.1618072879E+04      0.9741727383E+03      0.8180830565E+00
0.1066000000E+01      0.1622949267E+04      0.9781626544E+03      0.8183264273E+00
0.1068000000E+01      0.1627833149E+04      0.9821598871E+03      0.8185687746E+00
0.1070000000E+01      0.1632724522E+04      0.9861644347E+03      0.8188101061E+00
0.1072000000E+01      0.1637623388E+04      0.9901762958E+03      0.8190504297E+00
0.1074000000E+01      0.1642529745E+04      0.9941954685E+03      0.8192897526E+00
0.1076000000E+01      0.1647443593E+04      0.9982219515E+03      0.8195280826E+00
0.1078000000E+01      0.1652364932E+04      0.1002255743E+04      0.8197654270E+00
0.1080000000E+01      0.1657293762E+04      0.1006296842E+04      0.8200017931E+00
0.1082000000E+01      0.1662230083E+04      0.1010345246E+04      0.8202371882E+00
0.1084000000E+01      0.1667173893E+04      0.1014400954E+04      0.8204716195E+00
0.1086000000E+01      0.1672125193E+04      0.1018463964E+04      0.8207050941E+00
0.1088000000E+01      0.1677083982E+04      0.1022534276E+04      0.8209376190E+00
0.1090000000E+01      0.1682050260E+04      0.1026611887E+04      0.8211692013E+00
0.1092000000E+01      0.1687024026E+04      0.1030696796E+04      0.8213998478E+00
0.1094000000E+01      0.1692005281E+04      0.1034789002E+04      0.8216295653E+00
0.1096000000E+01      0.1696994023E+04      0.1038888502E+04      0.8218583607E+00
0.1098000000E+01      0.1701990254E+04      0.1042995296E+04      0.8220862406E+00
0.1100000000E+01      0.1706993971E+04      0.1047109383E+04      0.8223132116E+00
0.1102000000E+01      0.1712005175E+04      0.1051230760E+04      0.8225392804E+00
0.1104000000E+01      0.1717023865E+04      0.1055359426E+04      0.8227644534E+00
0.1106000000E+01      0.1722050042E+04      0.1059495380E+04      0.8229887370E+00
0.1108000000E+01      0.1727083704E+04      0.1063638621E+04      0.8232121377E+00
0.1110000000E+01      0.1732124851E+04      0.1067789147E+04      0.8234346617E+00
0.1112000000E+01      0.1737173484E+04      0.1071946957E+04      0.8236563153E+00
0.1114000000E+01      0.1742229601E+04      0.1076112049E+04      0.8238771047E+00
0.1116000000E+01      0.1747293202E+04      0.1080284423E+04      0.8240970359E+00
0.1118000000E+01      0.1752364288E+04      0.1084464076E+04      0.8243161151E+00
0.1120000000E+01      0.1757442856E+04      0.1088651007E+04      0.8245343482E+00
0.1122000000E+01      0.1762528908E+04      0.1092845216E+04      0.8247517413E+00
0.1124000000E+01      0.1767622443E+04      0.1097046700E+04      0.8249683001E+00
0.1126000000E+01      0.1772723460E+04      0.1101255459E+04      0.8251840305E+00
0.1128000000E+01      0.1777831960E+04      0.1105471491E+04      0.8253989383E+00
0.1130000000E+01      0.1782947941E+04      0.1109694795E+04      0.8256130292E+00
0.1132000000E+01      0.1788071403E+04      0.1113925370E+04      0.8258263089E+00
0.1134000000E+01      0.1793202346E+04      0.1118163214E+04      0.8260387829E+00
0.1136000000E+01      0.1798340770E+04      0.1122408326E+04      0.8262504569E+00
0.1138000000E+01      0.1803486674E+04      0.1126660705E+04      0.8264613362E+00
0.1140000000E+01      0.1808640058E+04      0.1130920350E+04      0.8266714264E+00
0.1142000000E+01      0.1813800921E+04      0.1135187259E+04      0.8268807328E+00
0.1144000000E+01      0.1818969263E+04      0.1139461432E+04      0.8270892609E+00
0.1146000000E+01      0.1824145084E+04      0.1143742866E+04      0.8272970157E+00
0.1148000000E+01      0.1829328383E+04      0.1148031562E+04      0.8275040027E+00
0.1150000000E+01      0.1834519160E+04      0.1152327517E+04      0.8277102270E+00
0.1152000000E+01      0.1839717415E+04      0.1156630730E+04      0.8279156937E+00
0.1154000000E+01      0.1844923147E+04      0.1160941201E+04      0.8281204079E+00
0.1156000000E+01      0.1850136355E+04      0.1165258928E+04      0.8283243746E+00
0.1158000000E+01      0.1855357040E+04      0.1169583910E+04      0.8285275989E+00
0.1160000000E+01      0.1860585201E+04      0.1173916146E+04      0.8287300857E+00
0.1162000000E+01      0.1865820838E+04      0.1178255634E+04      0.8289318399E+00
0.1164000000E+01      0.1871063950E+04      0.1182602374E+04      0.8291328663E+00
0.1166000000E+01      0.1876314536E+04      0.1186956365E+04      0.8293331697E+00
0.1168000000E+01      0.1881572598E+04      0.1191317605E+04      0.8295327550E+00
0.1170000000E+01      0.1886838133E+04      0.1195686093E+04      0.8297316267E+00
0.1172000000E+01      0.1892111142E+04      0.1200061829E+04      0.8299297896E+00
0.1174000000E+01      0.1897391624E+04      0.1204444810E+04      0.8301272484E+00
0.1176000000E+01      0.1902679579E+04      0.1208835037E+04      0.8303240075E+00
0.1178000000E+01      0.1907975007E+04      0.1213232508E+04      0.8305200716E+00
0.1180000000E+01      0.1913277907E+04      0.1217637221E+04      0.8307154451E+00
0.1182000000E+01      0.1918588279E+04      0.1222049176E+04      0.8309101325E+00
0.1184000000E+01      0.1923906122E+04      0.1226468372E+04      0.8311041382E+00
0.1186000000E+01      0.1929231436E+04      0.1230894808E+04      0.8312974666E+00
0.1188000000E+01      0.1934564220E+04      0.1235328483E+04      0.8314901220E+00
0.1190000000E+01      0.1939904475E+04      0.1239769395E+04      0.8316821087E+00
0.1192000000E+01      0.1945252199E+04      0.1244217544E+04      0.8318734310E+00
0.1194000000E+01      0.1950607393E+04      0.1248672929E+04      0.8320640931E+00
0.1196000000E+01      0.1955970056E+04      0.1253135548E+04      0.8322540991E+00
0.1198000000E+01      0.1961340188E+04      0.1257605401E+04      0.8324434532E+00
0.1200000000E+01      0.1966717788E+04      0.1262082487E+04      0.8326321594E+00
