      Rhob                Epsilon              Pressure               SoundV
0.4730000000E-14      0.4409040000E-11      0.6303830000E-24      0.2528270000E-09
0.4760000000E-14      0.4431480000E-11      0.6303830000E-23      0.3286900000E-09
0.4910000000E-14      0.4571720000E-11      0.6303830000E-22      0.3811090000E-09
0.6990000000E-14      0.6506980000E-11      0.7552120000E-21      0.1661210000E-08
0.9900000000E-14      0.9199530000E-11      0.8737990000E-20      0.4506330000E-08
0.2720000000E-13      0.2529870000E-10      0.1061040000E-18      0.2185710000E-07
0.1270000000E-12      0.1189210000E-09      0.3632510000E-17      0.1280710000E-06
0.6930000000E-12      0.6450890000E-09      0.1185870000E-15      0.6813760000E-06
0.6295000000E-11      0.5856290000E-08      0.6081640000E-14      0.1980100000E-05
0.1581000000E-10      0.1470800000E-07      0.3100740000E-13      0.4121830000E-05
0.3972000000E-10      0.3694960000E-07      0.1517290000E-12      0.7788630000E-05
0.9976000000E-10      0.9278060000E-07      0.7183870000E-12      0.1422460000E-04
0.2506000000E-09      0.2331300000E-06      0.3286730000E-11      0.2500930000E-04
0.6294000000E-09      0.5856290000E-06      0.1446760000E-10      0.4207890000E-04
0.1581000000E-08      0.1470800000E-05      0.6088500000E-10      0.6739699893E-04
0.3972000000E-08      0.3695520000E-05      0.2441020000E-09      0.8516180000E-04
0.5000000000E-08      0.4651930000E-05      0.3282360000E-09      0.1052360000E-03
0.9976000000E-08      0.9283670000E-05      0.8956430000E-09      0.1422520000E-03
0.1990000000E-07      0.1852250000E-04      0.2392340000E-08      0.1863930000E-03
0.3972000000E-07      0.3696080000E-04      0.6278870000E-08      0.2408930000E-03
0.7924000000E-07      0.7376450000E-04      0.1625270000E-07      0.3085620000E-03
0.1581000000E-06      0.1471920000E-03      0.4166770000E-07      0.3417580000E-03
0.1990000000E-06      0.1853370000E-03      0.5453750000E-07      0.3860480000E-03
0.3155000000E-06      0.2937680000E-03      0.1016730000E-06      0.4315500000E-03
0.5000000000E-06      0.4656420000E-03      0.1890530000E-06      0.4889620000E-03
0.6294000000E-06      0.5861890000E-03      0.2577080000E-06      0.5509610000E-03
0.7924000000E-06      0.7382060000E-03      0.3143180000E-06      0.6137740000E-03
0.9976000000E-06      0.9294890000E-03      0.4281610000E-06      0.6540150000E-03
0.1581000000E-05      0.1470000000E-02      0.7939080000E-06      0.7285460000E-03
0.2506000000E-05      0.2340000000E-02      0.1470480000E-05      0.8500470000E-03
0.3972000000E-05      0.3700000000E-02      0.2722510000E-05      0.8906300000E-03
0.5000000000E-05      0.4660000000E-02      0.3533890000E-05      0.9510480000E-03
0.6294000000E-05      0.5870000000E-02      0.4807140000E-05      0.1100000000E-02
0.7924000000E-05      0.7390000000E-02      0.6541010000E-05      0.1180000000E-02
0.9976000000E-05      0.9310000000E-02      0.8894020000E-05      0.1280000000E-02
0.1256000000E-04      0.1172000000E-01      0.1209590000E-04      0.1300000000E-02
0.1581000000E-04      0.1476000000E-01      0.1562230000E-04      0.1320000000E-02
0.1990000000E-04      0.1858000000E-01      0.2124580000E-04      0.1390000000E-02
0.2506000000E-04      0.2340000000E-01      0.2888530000E-04      0.1470000000E-02
0.3155000000E-04      0.2947000000E-01      0.3713020000E-04      0.1550000000E-02
0.3972000000E-04      0.3712000000E-01      0.5048680000E-04      0.1820000000E-02
0.5000000000E-04      0.4674000000E-01      0.6865560000E-04      0.1960000000E-02
0.6294000000E-04      0.5884000000E-01      0.9330920000E-04      0.2110000000E-02
0.7924000000E-04      0.7416000000E-01      0.1268880000E-03      0.2150000000E-02
0.9976000000E-04      0.9334000000E-01      0.1620900000E-03      0.2190000000E-02
0.1105000000E-03      0.1034400000E+00      0.1805020000E-03      0.2220000000E-02
0.1256000000E-03      0.1175700000E+00      0.2053430000E-03      0.2270000000E-02
0.1581000000E-03      0.1480900000E+00      0.2791790000E-03      0.2300000000E-02
0.1990000000E-03      0.1865100000E+00      0.3630010000E-03      0.2350000000E-02
0.2506000000E-03      0.2349200000E+00      0.4704780000E-03      0.2420000000E-02
0.2572000000E-03      0.2411500000E+00      0.4871430000E-03      0.1640000000E-02
0.2670000000E-03      0.2502100000E+00      0.4925360000E-03      0.6323770000E-03
0.3126000000E-03      0.2932300000E+00      0.5213460000E-03      0.6351150000E-03
0.3951000000E-03      0.3707800000E+00      0.5679160000E-03      0.6395500000E-03
0.4759000000E-03      0.4467600000E+00      0.6136960000E-03      0.6456670000E-03
0.5812000000E-03      0.5456200000E+00      0.6758550000E-03      0.6505920000E-03
0.7143000000E-03      0.6709200000E+00      0.7601150000E-03      0.7025890000E-03
0.8786000000E-03      0.8252300000E+00      0.8731850000E-03      0.7646840000E-03
0.1077000000E-02      0.1012500000E+01      0.1020000000E-02      0.8354260000E-03
0.1314000000E-02      0.1235290000E+01      0.1220000000E-02      0.9276850000E-03
0.1748000000E-02      0.1643560000E+01      0.1620000000E-02      0.1000000000E-02
0.2000000000E-02      0.1880850000E+01      0.2000000000E-02      0.1100000000E-02
0.4000000000E-02      0.3764610000E+01      0.4510000000E-02      0.1460000000E-02
0.6000000000E-02      0.5649800000E+01      0.7500000000E-02      0.1680000000E-02
0.8000000000E-02      0.7536070000E+01      0.1086000000E-01      0.1880000000E-02
0.1000000000E-01      0.9423230000E+01      0.1458000000E-01      0.2070000000E-02
0.1200000000E-01      0.1131116000E+02      0.1867000000E-01      0.2280000000E-02
0.1400000000E-01      0.1319982000E+02      0.2318000000E-01      0.2510000000E-02
0.1600000000E-01      0.1508915000E+02      0.2814000000E-01      0.2760000000E-02
0.1800000000E-01      0.1697914000E+02      0.3361000000E-01      0.3040000000E-02
0.2000000000E-01      0.1886976000E+02      0.3965000000E-01      0.3340000000E-02
0.2200000000E-01      0.2076101000E+02      0.4624000000E-01      0.3660000000E-02
0.2400000000E-01      0.2265290000E+02      0.5348000000E-01      0.3990000000E-02
0.2600000000E-01      0.2454541000E+02      0.6133000000E-01      0.4330000000E-02
0.2800000000E-01      0.2643855000E+02      0.6988000000E-01      0.4680000000E-02
0.3000000000E-01      0.2833233000E+02      0.7906000000E-01      0.5030000000E-02
0.3200000000E-01      0.3022674000E+02      0.8895000000E-01      0.5390000000E-02
0.3400000000E-01      0.3212179000E+02      0.9948000000E-01      0.5740000000E-02
0.3600000000E-01      0.3401748000E+02      0.1107200000E+00      0.6090000000E-02
0.3800000000E-01      0.3591381000E+02      0.1225900000E+00      0.6440000000E-02
0.4000000000E-01      0.3781078000E+02      0.1351400000E+00      0.6790000000E-02
0.4200000000E-01      0.3970840000E+02      0.1483400000E+00      0.7110000000E-02
0.4400000000E-01      0.4160666000E+02      0.1621100000E+00      0.7420000000E-02
0.4600000000E-01      0.4350556000E+02      0.1765200000E+00      0.7740000000E-02
0.4800000000E-01      0.4540510000E+02      0.1915000000E+00      0.8040000000E-02
0.5000000000E-01      0.4730528000E+02      0.2070600000E+00      0.8310000000E-02
0.5200000000E-01      0.4920608000E+02      0.2230900000E+00      0.8580000000E-02
0.5400000000E-01      0.5110752000E+02      0.2396900000E+00      0.8870000000E-02
0.5600000000E-01      0.5300958000E+02      0.2568200000E+00      0.9120000000E-02
0.5800000000E-01      0.5491227000E+02      0.2743700000E+00      0.9340000000E-02
0.6000000000E-01      0.5681556000E+02      0.2923800000E+00      0.9690000000E-02
0.6200000000E-01      0.5871946000E+02      0.3101200000E+00      0.1002000000E-01
0.6400000000E-01      0.6062394000E+02      0.3290400000E+00      0.1028000000E-01
0.6600000000E-01      0.6252904000E+02      0.3483400000E+00      0.1069000000E-01
0.6800000000E-01      0.6443473000E+02      0.3679800000E+00      0.1101000000E-01
0.7000000000E-01      0.6634095000E+02      0.3861300000E+00      0.1136000000E-01
0.7400000000E-01      0.7010637821E+02      0.3961271286E+00      0.1379129638E-01
0.7600000000E-01      0.7201220955E+02      0.4231039654E+00      0.1450369152E-01
0.7800000000E-01      0.7391876889E+02      0.4514672892E+00      0.1523435318E-01
0.8000000000E-01      0.7582607359E+02      0.4812527333E+00      0.1598273996E-01
0.8200000000E-01      0.7773414099E+02      0.5124949815E+00      0.1674831554E-01
0.8400000000E-01      0.7964298843E+02      0.5452277799E+00      0.1753055104E-01
0.8600000000E-01      0.8155263323E+02      0.5794839528E+00      0.1832892710E-01
0.8800000000E-01      0.8346309264E+02      0.6152954223E+00      0.1914293575E-01
0.9000000000E-01      0.8537438385E+02      0.6526932313E+00      0.1997208198E-01
0.9200000000E-01      0.8728652396E+02      0.6917075690E+00      0.2081588521E-01
0.9400000000E-01      0.8919952999E+02      0.7323677992E+00      0.2167388044E-01
0.9600000000E-01      0.9111341884E+02      0.7747024902E+00      0.2254561928E-01
0.9800000000E-01      0.9302820728E+02      0.8187394471E+00      0.2343067082E-01
0.1000000000E+00      0.9494391199E+02      0.8645057447E+00      0.2432862234E-01
0.1020000000E+00      0.9686054947E+02      0.9120277620E+00      0.2523907975E-01
0.1040000000E+00      0.9877813614E+02      0.9613312183E+00      0.2616166815E-01
0.1060000000E+00      0.1006966882E+03      0.1012441209E+01      0.2709603200E-01
0.1080000000E+00      0.1026162218E+03      0.1065382241E+01      0.2804183534E-01
0.1100000000E+00      0.1045367529E+03      0.1120178273E+01      0.2899876185E-01
0.1120000000E+00      0.1064582973E+03      0.1176852747E+01      0.2996651482E-01
0.1140000000E+00      0.1083808700E+03      0.1235212569E+01      0.3051711078E-01
0.1160000000E+00      0.1103044743E+03      0.1294487001E+01      0.3113982155E-01
0.1180000000E+00      0.1122291123E+03      0.1355170669E+01      0.3191388562E-01
0.1200000000E+00      0.1141547921E+03      0.1417446573E+01      0.3275177349E-01
0.1220000000E+00      0.1160815238E+03      0.1481413558E+01      0.3363176031E-01
0.1240000000E+00      0.1180093184E+03      0.1547141321E+01      0.3454111797E-01
0.1260000000E+00      0.1199381877E+03      0.1614685050E+01      0.3547535735E-01
0.1280000000E+00      0.1218681439E+03      0.1684091389E+01      0.3643089461E-01
0.1300000000E+00      0.1237991993E+03      0.1755401420E+01      0.3740528862E-01
0.1320000000E+00      0.1257313666E+03      0.1828652346E+01      0.3839677928E-01
0.1340000000E+00      0.1276646587E+03      0.1903878531E+01      0.3940404351E-01
0.1360000000E+00      0.1295990885E+03      0.1981112192E+01      0.4042605496E-01
0.1380000000E+00      0.1315346689E+03      0.2060383875E+01      0.4145856401E-01
0.1400000000E+00      0.1334714132E+03      0.2141722798E+01      0.4250770056E-01
0.1420000000E+00      0.1354093343E+03      0.2225157115E+01      0.4356957001E-01
0.1440000000E+00      0.1373484455E+03      0.2310714114E+01      0.4464372281E-01
0.1460000000E+00      0.1392887598E+03      0.2398420372E+01      0.4572978322E-01
0.1480000000E+00      0.1412302904E+03      0.2488301888E+01      0.4682743558E-01
0.1500000000E+00      0.1431730505E+03      0.2580384183E+01      0.4793641384E-01
0.1520000000E+00      0.1451170530E+03      0.2674692512E+01      0.4906306948E-01
0.1540000000E+00      0.1470623112E+03      0.2771251450E+01      0.5019418271E-01
0.1560000000E+00      0.1490088382E+03      0.2870085679E+01      0.5133604834E-01
0.1580000000E+00      0.1509566469E+03      0.2971219568E+01      0.5248853350E-01
0.1600000000E+00      0.1529057505E+03      0.3074677329E+01      0.5365152784E-01
0.1620000000E+00      0.1548561620E+03      0.3180483068E+01      0.5482494054E-01
0.1640000000E+00      0.1568078942E+03      0.3288660812E+01      0.5600604749E-01
0.1660000000E+00      0.1587609603E+03      0.3399234548E+01      0.5720000134E-01
0.1680000000E+00      0.1607153733E+03      0.3512228082E+01      0.5840050945E-01
0.1700000000E+00      0.1626711458E+03      0.3627665720E+01      0.5961480921E-01
0.1720000000E+00      0.1646282909E+03      0.3745571311E+01      0.6083928830E-01
0.1740000000E+00      0.1665868210E+03      0.3865969027E+01      0.6207658130E-01
0.1760000000E+00      0.1685467498E+03      0.3988882777E+01      0.6332147286E-01
0.1780000000E+00      0.1705080897E+03      0.4114336877E+01      0.6457652124E-01
0.1800000000E+00      0.1724708535E+03      0.4242355627E+01      0.6584173103E-01
0.1820000000E+00      0.1744350541E+03      0.4372963435E+01      0.6711711164E-01
0.1840000000E+00      0.1764007043E+03      0.4506184823E+01      0.6840267643E-01
0.1860000000E+00      0.1783678169E+03      0.4642044434E+01      0.6969844201E-01
0.1880000000E+00      0.1803364045E+03      0.4780567040E+01      0.7100442755E-01
0.1900000000E+00      0.1823064801E+03      0.4921777548E+01      0.7232065420E-01
0.1920000000E+00      0.1842780563E+03      0.5065701003E+01      0.7364714446E-01
0.1940000000E+00      0.1862511460E+03      0.5212362596E+01      0.7498398108E-01
0.1960000000E+00      0.1882257618E+03      0.5361787651E+01      0.7633106898E-01
0.1980000000E+00      0.1902019165E+03      0.5514001647E+01      0.7768849122E-01
0.2000000000E+00      0.1921796230E+03      0.5669030207E+01      0.7905627094E-01
0.2020000000E+00      0.1941588939E+03      0.5826899098E+01      0.8043443038E-01
0.2040000000E+00      0.1961397419E+03      0.5987634231E+01      0.8182299054E-01
0.2060000000E+00      0.1981221800E+03      0.6151261660E+01      0.8322197085E-01
0.2080000000E+00      0.2001062208E+03      0.6317807580E+01      0.8463138885E-01
0.2100000000E+00      0.2020918771E+03      0.6487298322E+01      0.8605125997E-01
0.2120000000E+00      0.2040791617E+03      0.6659760350E+01      0.8748159718E-01
0.2140000000E+00      0.2060680875E+03      0.6835220261E+01      0.8892241087E-01
0.2160000000E+00      0.2080586671E+03      0.7013704773E+01      0.9037370853E-01
0.2180000000E+00      0.2100509134E+03      0.7195240728E+01      0.9183549467E-01
0.2200000000E+00      0.2120448393E+03      0.7379855081E+01      0.9330777056E-01
0.2220000000E+00      0.2140404576E+03      0.7567574897E+01      0.9479053411E-01
0.2240000000E+00      0.2160377812E+03      0.7758427344E+01      0.9628377978E-01
0.2260000000E+00      0.2180368228E+03      0.7952439690E+01      0.9778749836E-01
0.2280000000E+00      0.2200375954E+03      0.8149639291E+01      0.9930167695E-01
0.2300000000E+00      0.2220401119E+03      0.8350053592E+01      0.1008263645E+00
0.2320000000E+00      0.2240443852E+03      0.8553710105E+01      0.1023614087E+00
0.2340000000E+00      0.2260504282E+03      0.8760636424E+01      0.1039068512E+00
0.2360000000E+00      0.2280582539E+03      0.8970860200E+01      0.1054626632E+00
0.2380000000E+00      0.2300678752E+03      0.9184409142E+01      0.1070288122E+00
0.2400000000E+00      0.2320793050E+03      0.9401311007E+01      0.1086052615E+00
0.2420000000E+00      0.2340925564E+03      0.9621593590E+01      0.1101919705E+00
0.2440000000E+00      0.2361076424E+03      0.9845284724E+01      0.1117888943E+00
0.2460000000E+00      0.2381245760E+03      0.1007241226E+02      0.1133959838E+00
0.2480000000E+00      0.2401433701E+03      0.1030300408E+02      0.1150131863E+00
0.2500000000E+00      0.2421640380E+03      0.1053708806E+02      0.1166404445E+00
0.2520000000E+00      0.2441865925E+03      0.1077469209E+02      0.1182776974E+00
0.2540000000E+00      0.2462110469E+03      0.1101584405E+02      0.1199248798E+00
0.2560000000E+00      0.2482374141E+03      0.1126057180E+02      0.1215819227E+00
0.2580000000E+00      0.2502657073E+03      0.1150890319E+02      0.1232487532E+00
0.2600000000E+00      0.2522959395E+03      0.1176086604E+02      0.1249252942E+00
0.2620000000E+00      0.2543281240E+03      0.1201648813E+02      0.1266114653E+00
0.2640000000E+00      0.2563622739E+03      0.1227579719E+02      0.1283071819E+00
0.2660000000E+00      0.2583984022E+03      0.1253882092E+02      0.1300123560E+00
0.2680000000E+00      0.2604365222E+03      0.1280558694E+02      0.1317268960E+00
0.2700000000E+00      0.2624766471E+03      0.1307612281E+02      0.1334507065E+00
0.2720000000E+00      0.2645187899E+03      0.1335045602E+02      0.1351836890E+00
0.2740000000E+00      0.2665629639E+03      0.1362861397E+02      0.1369257414E+00
0.2760000000E+00      0.2686091823E+03      0.1391062401E+02      0.1386768222E+00
0.2780000000E+00      0.2706574583E+03      0.1419651334E+02      0.1404366948E+00
0.2800000000E+00      0.2727078050E+03      0.1448630909E+02      0.1422053119E+00
0.2820000000E+00      0.2747602357E+03      0.1478003829E+02      0.1439825589E+00
0.2840000000E+00      0.2768147637E+03      0.1507772785E+02      0.1457683183E+00
0.2860000000E+00      0.2788714020E+03      0.1537940455E+02      0.1475624697E+00
0.2880000000E+00      0.2809301640E+03      0.1568509505E+02      0.1493648901E+00
0.2900000000E+00      0.2829910628E+03      0.1599482589E+02      0.1511754539E+00
0.2920000000E+00      0.2850541117E+03      0.1630862345E+02      0.1529940327E+00
0.2940000000E+00      0.2871193239E+03      0.1662651398E+02      0.1548204961E+00
0.2960000000E+00      0.2891867125E+03      0.1694852361E+02      0.1566488773E+00
0.2980000000E+00      0.2912562909E+03      0.1727467823E+02      0.1584906044E+00
0.3000000000E+00      0.2933280722E+03      0.1760500366E+02      0.1603398097E+00
0.3020000000E+00      0.2954020697E+03      0.1793952552E+02      0.1621963541E+00
0.3040000000E+00      0.2974782965E+03      0.1827826925E+02      0.1640600962E+00
0.3060000000E+00      0.2995567657E+03      0.1862126013E+02      0.1659308932E+00
0.3080000000E+00      0.3016374907E+03      0.1896852327E+02      0.1678086003E+00
0.3100000000E+00      0.3037204846E+03      0.1932008358E+02      0.1696930711E+00
0.3120000000E+00      0.3058057605E+03      0.1967596578E+02      0.1715841579E+00
0.3140000000E+00      0.3078933317E+03      0.2003619441E+02      0.1734817114E+00
0.3160000000E+00      0.3099832111E+03      0.2040079382E+02      0.1753855811E+00
0.3180000000E+00      0.3120754120E+03      0.2076978814E+02      0.1772956152E+00
0.3200000000E+00      0.3141699476E+03      0.2114320130E+02      0.1792116607E+00
0.3220000000E+00      0.3162668308E+03      0.2152105705E+02      0.1811335638E+00
0.3240000000E+00      0.3183660748E+03      0.2190337890E+02      0.1830611696E+00
0.3260000000E+00      0.3204676926E+03      0.2229019016E+02      0.1849943224E+00
0.3280000000E+00      0.3225716973E+03      0.2268151392E+02      0.1869328658E+00
0.3300000000E+00      0.3246781020E+03      0.2307737306E+02      0.1888766425E+00
0.3320000000E+00      0.3267869195E+03      0.2347779023E+02      0.1908254950E+00
0.3340000000E+00      0.3288981630E+03      0.2388278786E+02      0.1927792650E+00
0.3360000000E+00      0.3310118454E+03      0.2429238814E+02      0.1947377940E+00
0.3380000000E+00      0.3331279797E+03      0.2470661305E+02      0.1967009229E+00
0.3400000000E+00      0.3352465787E+03      0.2512548432E+02      0.1986684927E+00
0.3420000000E+00      0.3373676553E+03      0.2554902348E+02      0.2006403441E+00
0.3440000000E+00      0.3394912225E+03      0.2597725178E+02      0.2026163175E+00
0.3460000000E+00      0.3416172930E+03      0.2641019026E+02      0.2045962537E+00
0.3480000000E+00      0.3437458797E+03      0.2684785973E+02      0.2065799932E+00
0.3500000000E+00      0.3458769953E+03      0.2729028084E+02      0.2085711948E+00
0.3520000000E+00      0.3480106527E+03      0.2773747370E+02      0.2105621052E+00
0.3540000000E+00      0.3501468646E+03      0.2818945849E+02      0.2125563729E+00
0.3560000000E+00      0.3522856436E+03      0.2864625504E+02      0.2145537772E+00
0.3580000000E+00      0.3544270025E+03      0.2910788293E+02      0.2165541914E+00
0.3600000000E+00      0.3565709538E+03      0.2957436151E+02      0.2185574580E+00
0.3620000000E+00      0.3587175102E+03      0.3004570986E+02      0.2205634198E+00
0.3640000000E+00      0.3608666842E+03      0.3052194684E+02      0.2225719206E+00
0.3660000000E+00      0.3630184883E+03      0.3100309105E+02      0.2245828046E+00
0.3680000000E+00      0.3651729351E+03      0.3148916082E+02      0.2265959166E+00
0.3700000000E+00      0.3673300370E+03      0.3198017428E+02      0.2286111025E+00
0.3720000000E+00      0.3694898064E+03      0.3247614927E+02      0.2306282088E+00
0.3740000000E+00      0.3716522557E+03      0.3297710339E+02      0.2326470828E+00
0.3760000000E+00      0.3738173973E+03      0.3348305402E+02      0.2346597753E+00
0.3780000000E+00      0.3759852434E+03      0.3399401824E+02      0.2366816199E+00
0.3800000000E+00      0.3781558062E+03      0.3451001293E+02      0.2387047796E+00
0.3820000000E+00      0.3803290982E+03      0.3503105469E+02      0.2407290914E+00
0.3840000000E+00      0.3825051313E+03      0.3555715988E+02      0.2427544363E+00
0.3860000000E+00      0.3846839177E+03      0.3608834463E+02      0.2447806534E+00
0.3880000000E+00      0.3868654696E+03      0.3662462480E+02      0.2468075975E+00
0.3900000000E+00      0.3890497990E+03      0.3716601601E+02      0.2488351243E+00
0.3920000000E+00      0.3912369179E+03      0.3771253363E+02      0.2508630911E+00
0.3940000000E+00      0.3934268382E+03      0.3826419280E+02      0.2528913560E+00
0.3960000000E+00      0.3956195719E+03      0.3882100841E+02      0.2549197789E+00
0.3980000000E+00      0.3978151309E+03      0.3938299508E+02      0.2569482207E+00
0.4000000000E+00      0.4000135269E+03      0.3995016722E+02      0.2589765438E+00
0.4020000000E+00      0.4022147718E+03      0.4052253899E+02      0.2610046119E+00
0.4040000000E+00      0.4044188772E+03      0.4110012429E+02      0.2630322901E+00
0.4060000000E+00      0.4066258549E+03      0.4168293681E+02      0.2650594451E+00
0.4080000000E+00      0.4088357165E+03      0.4227098999E+02      0.2670859449E+00
0.4100000000E+00      0.4110484735E+03      0.4286429700E+02      0.2691116590E+00
0.4120000000E+00      0.4132641376E+03      0.4346287083E+02      0.2711364585E+00
0.4140000000E+00      0.4154827201E+03      0.4406672420E+02      0.2731602158E+00
0.4160000000E+00      0.4177042326E+03      0.4467586959E+02      0.2751828052E+00
0.4180000000E+00      0.4199286865E+03      0.4529031926E+02      0.2772041021E+00
0.4200000000E+00      0.4221560929E+03      0.4591008526E+02      0.2792239839E+00
0.4220000000E+00      0.4243864633E+03      0.4653517936E+02      0.2812423293E+00
0.4240000000E+00      0.4266198089E+03      0.4716561316E+02      0.2832590187E+00
0.4260000000E+00      0.4288561409E+03      0.4780139798E+02      0.2852739341E+00
0.4280000000E+00      0.4310954703E+03      0.4844254494E+02      0.2872869591E+00
0.4300000000E+00      0.4333378083E+03      0.4908906495E+02      0.2892979789E+00
0.4320000000E+00      0.4355831658E+03      0.4974096868E+02      0.2913068804E+00
0.4340000000E+00      0.4378315539E+03      0.5039826657E+02      0.2933135522E+00
0.4360000000E+00      0.4400829835E+03      0.5106096886E+02      0.2953178844E+00
0.4380000000E+00      0.4423374653E+03      0.5172908558E+02      0.2973197687E+00
0.4400000000E+00      0.4445950104E+03      0.5240262652E+02      0.2993190988E+00
0.4420000000E+00      0.4468556293E+03      0.5308160127E+02      0.3013157697E+00
0.4440000000E+00      0.4491193328E+03      0.5376601921E+02      0.3033096782E+00
0.4460000000E+00      0.4513861315E+03      0.5445588951E+02      0.3053007229E+00
0.4480000000E+00      0.4536560356E+03      0.5515122150E+02      0.3072978098E+00
0.4500000000E+00      0.4559290565E+03      0.5585202319E+02      0.3092828975E+00
0.4520000000E+00      0.4582052042E+03      0.5655830351E+02      0.3112648265E+00
0.4540000000E+00      0.4604844892E+03      0.5727007079E+02      0.3132435020E+00
0.4560000000E+00      0.4627669218E+03      0.5798733320E+02      0.3152188308E+00
0.4580000000E+00      0.4650525124E+03      0.5871009868E+02      0.3171907214E+00
0.4600000000E+00      0.4673412712E+03      0.5943837498E+02      0.3191590838E+00
0.4620000000E+00      0.4696332084E+03      0.6017216966E+02      0.3211238299E+00
0.4640000000E+00      0.4719283341E+03      0.6091149009E+02      0.3230848730E+00
0.4660000000E+00      0.4742266585E+03      0.6165634344E+02      0.3250421283E+00
0.4680000000E+00      0.4765281916E+03      0.6240673670E+02      0.3269955124E+00
0.4700000000E+00      0.4788329433E+03      0.6316267668E+02      0.3289449437E+00
0.4720000000E+00      0.4811409236E+03      0.6392416998E+02      0.3308903421E+00
0.4740000000E+00      0.4834521423E+03      0.6469122304E+02      0.3328316292E+00
0.4760000000E+00      0.4857666092E+03      0.6546384212E+02      0.3347687282E+00
0.4780000000E+00      0.4880843342E+03      0.6624203329E+02      0.3367015639E+00
0.4800000000E+00      0.4904053268E+03      0.6702580245E+02      0.3386300627E+00
0.4820000000E+00      0.4927295968E+03      0.6781515532E+02      0.3405541525E+00
0.4840000000E+00      0.4950571537E+03      0.6861009745E+02      0.3424737628E+00
0.4860000000E+00      0.4973880070E+03      0.6941063423E+02      0.3443888247E+00
0.4880000000E+00      0.4997221662E+03      0.7021677087E+02      0.3462992631E+00
0.4900000000E+00      0.5020596408E+03      0.7102851241E+02      0.3482050277E+00
0.4920000000E+00      0.5044004400E+03      0.7184586373E+02      0.3501060465E+00
0.4940000000E+00      0.5067445732E+03      0.7266882956E+02      0.3520022566E+00
0.4960000000E+00      0.5090920496E+03      0.7349741445E+02      0.3538935967E+00
0.4980000000E+00      0.5114428784E+03      0.7433162281E+02      0.3557800071E+00
0.5000000000E+00      0.5137970687E+03      0.7517145888E+02      0.3576614294E+00
0.5020000000E+00      0.5161546296E+03      0.7601692675E+02      0.3595378067E+00
0.5040000000E+00      0.5185155701E+03      0.7686803035E+02      0.3614090837E+00
0.5060000000E+00      0.5208798992E+03      0.7772477348E+02      0.3632752064E+00
0.5080000000E+00      0.5232476258E+03      0.7858715977E+02      0.3651361223E+00
0.5100000000E+00      0.5256187588E+03      0.7945519272E+02      0.3669917802E+00
0.5120000000E+00      0.5279933068E+03      0.8032887568E+02      0.3688421303E+00
0.5140000000E+00      0.5303712787E+03      0.8120821184E+02      0.3706871244E+00
0.5160000000E+00      0.5327526832E+03      0.8209320428E+02      0.3725267155E+00
0.5180000000E+00      0.5351375288E+03      0.8298385592E+02      0.3743608578E+00
0.5200000000E+00      0.5375258241E+03      0.8388016956E+02      0.3761895072E+00
0.5220000000E+00      0.5399175777E+03      0.8478214784E+02      0.3780126206E+00
0.5240000000E+00      0.5423127980E+03      0.8568979329E+02      0.3798301564E+00
0.5260000000E+00      0.5447114934E+03      0.8660310830E+02      0.3816420742E+00
0.5280000000E+00      0.5471136723E+03      0.8752209514E+02      0.3834483350E+00
0.5300000000E+00      0.5495193429E+03      0.8844675593E+02      0.3852489008E+00
0.5320000000E+00      0.5519285135E+03      0.8937709269E+02      0.3870437351E+00
0.5340000000E+00      0.5543411923E+03      0.9031310731E+02      0.3888328026E+00
0.5360000000E+00      0.5567573874E+03      0.9125480154E+02      0.3906160691E+00
0.5380000000E+00      0.5591771068E+03      0.9220217704E+02      0.3923935018E+00
0.5400000000E+00      0.5616003587E+03      0.9315523532E+02      0.3941650687E+00
0.5420000000E+00      0.5640271509E+03      0.9411397781E+02      0.3959307394E+00
0.5440000000E+00      0.5664574914E+03      0.9507840580E+02      0.3976904844E+00
0.5460000000E+00      0.5688913881E+03      0.9604852046E+02      0.3994442755E+00
0.5480000000E+00      0.5713288487E+03      0.9702432288E+02      0.4011920855E+00
0.5500000000E+00      0.5737698810E+03      0.9800581402E+02      0.4029338883E+00
0.5520000000E+00      0.5762144927E+03      0.9899299472E+02      0.4046696590E+00
0.5540000000E+00      0.5786626914E+03      0.9998586575E+02      0.4063993736E+00
0.5560000000E+00      0.5811144848E+03      0.1009844278E+03      0.4081230094E+00
0.5580000000E+00      0.5835698803E+03      0.1019886813E+03      0.4098405446E+00
0.5600000000E+00      0.5860288856E+03      0.1029986267E+03      0.4115519584E+00
0.5620000000E+00      0.5884915079E+03      0.1040142645E+03      0.4132572311E+00
0.5640000000E+00      0.5909577547E+03      0.1050355948E+03      0.4149563439E+00
0.5660000000E+00      0.5934276334E+03      0.1060626179E+03      0.4166492791E+00
0.5680000000E+00      0.5959011511E+03      0.1070953336E+03      0.4183360199E+00
0.5700000000E+00      0.5983783153E+03      0.1081337422E+03      0.4200165504E+00
0.5720000000E+00      0.6008591329E+03      0.1091778433E+03      0.4216908558E+00
0.5740000000E+00      0.6033436112E+03      0.1102276367E+03      0.4233589221E+00
0.5760000000E+00      0.6058317572E+03      0.1112831223E+03      0.4250207362E+00
0.5780000000E+00      0.6083235779E+03      0.1123442996E+03      0.4266762860E+00
0.5800000000E+00      0.6108190805E+03      0.1134111680E+03      0.4283255601E+00
0.5820000000E+00      0.6133182716E+03      0.1144837272E+03      0.4299685481E+00
0.5840000000E+00      0.6158211583E+03      0.1155619763E+03      0.4316052405E+00
0.5860000000E+00      0.6183277474E+03      0.1166459148E+03      0.4332356284E+00
0.5880000000E+00      0.6208380457E+03      0.1177355418E+03      0.4348597040E+00
0.5900000000E+00      0.6233520598E+03      0.1188308564E+03      0.4364774601E+00
0.5920000000E+00      0.6258697965E+03      0.1199318576E+03      0.4380888904E+00
0.5940000000E+00      0.6283912624E+03      0.1210385446E+03      0.4396939893E+00
0.5960000000E+00      0.6309164640E+03      0.1221509160E+03      0.4412927520E+00
0.5980000000E+00      0.6334454080E+03      0.1232689709E+03      0.4428851746E+00
0.6000000000E+00      0.6359781008E+03      0.1243927079E+03      0.4444712536E+00
0.6020000000E+00      0.6385145489E+03      0.1255221257E+03      0.4460509865E+00
0.6040000000E+00      0.6410547586E+03      0.1266572230E+03      0.4476243714E+00
0.6060000000E+00      0.6435987363E+03      0.1277979984E+03      0.4491914071E+00
0.6080000000E+00      0.6461464883E+03      0.1289444502E+03      0.4507421459E+00
0.6100000000E+00      0.6486980209E+03      0.1300965769E+03      0.4522964408E+00
0.6120000000E+00      0.6512533402E+03      0.1312543770E+03      0.4538443873E+00
0.6140000000E+00      0.6538124524E+03      0.1324178486E+03      0.4553859868E+00
0.6160000000E+00      0.6563753637E+03      0.1335869901E+03      0.4569212415E+00
0.6180000000E+00      0.6589420801E+03      0.1347617997E+03      0.4584501541E+00
0.6200000000E+00      0.6615126077E+03      0.1359422753E+03      0.4599727278E+00
0.6220000000E+00      0.6640869523E+03      0.1371284153E+03      0.4614889666E+00
0.6240000000E+00      0.6666651201E+03      0.1383202174E+03      0.4629988749E+00
0.6260000000E+00      0.6692471167E+03      0.1395176798E+03      0.4645024579E+00
0.6280000000E+00      0.6718329482E+03      0.1407208003E+03      0.4659997211E+00
0.6300000000E+00      0.6744226202E+03      0.1419295767E+03      0.4674906706E+00
0.6320000000E+00      0.6770161387E+03      0.1431440070E+03      0.4689753132E+00
0.6340000000E+00      0.6796135091E+03      0.1443640888E+03      0.4704536561E+00
0.6360000000E+00      0.6822147374E+03      0.1455898198E+03      0.4719257067E+00
0.6380000000E+00      0.6848198290E+03      0.1468211978E+03      0.4733914737E+00
0.6400000000E+00      0.6874287896E+03      0.1480582202E+03      0.4748509656E+00
0.6420000000E+00      0.6900416246E+03      0.1493008848E+03      0.4763041915E+00
0.6440000000E+00      0.6926583397E+03      0.1505491890E+03      0.4777511610E+00
0.6460000000E+00      0.6952789403E+03      0.1518031303E+03      0.4791918844E+00
0.6480000000E+00      0.6979034318E+03      0.1530627062E+03      0.4806263720E+00
0.6500000000E+00      0.7005318195E+03      0.1543279140E+03      0.4820546350E+00
0.6520000000E+00      0.7031641088E+03      0.1555987511E+03      0.4834766845E+00
0.6540000000E+00      0.7058003050E+03      0.1568752148E+03      0.4848925326E+00
0.6560000000E+00      0.7084404134E+03      0.1581573025E+03      0.4863021913E+00
0.6580000000E+00      0.7110844392E+03      0.1594450113E+03      0.4877056733E+00
0.6600000000E+00      0.7137323875E+03      0.1607383385E+03      0.4891029915E+00
0.6620000000E+00      0.7163842635E+03      0.1620372812E+03      0.4904941594E+00
0.6640000000E+00      0.7190400722E+03      0.1633418365E+03      0.4918791906E+00
0.6660000000E+00      0.7216998188E+03      0.1646520017E+03      0.4932580992E+00
0.6680000000E+00      0.7243635083E+03      0.1659677737E+03      0.4946308997E+00
0.6700000000E+00      0.7270311455E+03      0.1672891497E+03      0.4959976068E+00
0.6720000000E+00      0.7297027356E+03      0.1686161265E+03      0.4973582355E+00
0.6740000000E+00      0.7323782832E+03      0.1699487012E+03      0.4987128013E+00
0.6760000000E+00      0.7350577935E+03      0.1712868707E+03      0.5000613199E+00
0.6780000000E+00      0.7377412710E+03      0.1726306320E+03      0.5014038073E+00
0.6800000000E+00      0.7404287207E+03      0.1739799819E+03      0.5027402799E+00
0.6820000000E+00      0.7431201473E+03      0.1753349174E+03      0.5040707542E+00
0.6840000000E+00      0.7458155555E+03      0.1766954352E+03      0.5053952471E+00
0.6860000000E+00      0.7485149500E+03      0.1780615321E+03      0.5067137757E+00
0.6880000000E+00      0.7512183354E+03      0.1794332050E+03      0.5080263574E+00
0.6900000000E+00      0.7539257163E+03      0.1808104507E+03      0.5093330100E+00
0.6920000000E+00      0.7566370973E+03      0.1821932658E+03      0.5106337512E+00
0.6940000000E+00      0.7593524829E+03      0.1835816471E+03      0.5119285993E+00
0.6960000000E+00      0.7620718776E+03      0.1849755912E+03      0.5132175726E+00
0.6980000000E+00      0.7647952859E+03      0.1863750949E+03      0.5145006897E+00
0.7000000000E+00      0.7675227122E+03      0.1877801549E+03      0.5157779693E+00
0.7020000000E+00      0.7702541609E+03      0.1891907676E+03      0.5170494306E+00
0.7040000000E+00      0.7729896364E+03      0.1906069299E+03      0.5183150928E+00
0.7060000000E+00      0.7757291429E+03      0.1920286382E+03      0.5195749752E+00
0.7080000000E+00      0.7784726847E+03      0.1934558892E+03      0.5208290974E+00
0.7100000000E+00      0.7812202662E+03      0.1948886793E+03      0.5220774793E+00
0.7120000000E+00      0.7839718914E+03      0.1963270053E+03      0.5233201409E+00
0.7140000000E+00      0.7867275647E+03      0.1977708635E+03      0.5245571022E+00
0.7160000000E+00      0.7894872902E+03      0.1992202505E+03      0.5257883835E+00
0.7180000000E+00      0.7922510719E+03      0.2006751628E+03      0.5270140053E+00
0.7200000000E+00      0.7950189140E+03      0.2021355969E+03      0.5282339882E+00
0.7220000000E+00      0.7977908205E+03      0.2036015493E+03      0.5294483530E+00
0.7240000000E+00      0.8005667955E+03      0.2050730164E+03      0.5306571204E+00
0.7260000000E+00      0.8033468429E+03      0.2065499946E+03      0.5318603117E+00
0.7280000000E+00      0.8061309667E+03      0.2080324805E+03      0.5330579479E+00
0.7300000000E+00      0.8089191709E+03      0.2095204704E+03      0.5342500502E+00
0.7320000000E+00      0.8117114592E+03      0.2110139607E+03      0.5354366401E+00
0.7340000000E+00      0.8145078356E+03      0.2125129479E+03      0.5366177391E+00
0.7360000000E+00      0.8173083040E+03      0.2140174283E+03      0.5377933688E+00
0.7380000000E+00      0.8201128681E+03      0.2155273984E+03      0.5389635509E+00
0.7400000000E+00      0.8229215316E+03      0.2170428544E+03      0.5401283072E+00
0.7420000000E+00      0.8257342984E+03      0.2185637927E+03      0.5412876596E+00
0.7440000000E+00      0.8285511722E+03      0.2200902098E+03      0.5424416301E+00
0.7460000000E+00      0.8313721565E+03      0.2216221020E+03      0.5435902407E+00
0.7480000000E+00      0.8341972552E+03      0.2231594655E+03      0.5447335137E+00
0.7500000000E+00      0.8370264718E+03      0.2247022968E+03      0.5458714712E+00
0.7520000000E+00      0.8398598098E+03      0.2262505922E+03      0.5470041355E+00
0.7540000000E+00      0.8426972730E+03      0.2278043480E+03      0.5481315290E+00
0.7560000000E+00      0.8455388647E+03      0.2293635604E+03      0.5492536741E+00
0.7580000000E+00      0.8483845885E+03      0.2309282259E+03      0.5503705933E+00
0.7600000000E+00      0.8512344480E+03      0.2324983408E+03      0.5514823091E+00
0.7620000000E+00      0.8540884465E+03      0.2340739012E+03      0.5525888440E+00
0.7640000000E+00      0.8569465874E+03      0.2356549037E+03      0.5536902206E+00
0.7660000000E+00      0.8598088743E+03      0.2372413443E+03      0.5547864618E+00
0.7680000000E+00      0.8626753103E+03      0.2388332195E+03      0.5558775900E+00
0.7700000000E+00      0.8655458990E+03      0.2404305255E+03      0.5569636281E+00
0.7720000000E+00      0.8684206435E+03      0.2420332586E+03      0.5580445988E+00
0.7740000000E+00      0.8712995472E+03      0.2436414151E+03      0.5591205249E+00
0.7760000000E+00      0.8741826134E+03      0.2452549913E+03      0.5601914291E+00
0.7780000000E+00      0.8770698452E+03      0.2468739835E+03      0.5612573344E+00
0.7800000000E+00      0.8799612460E+03      0.2484983879E+03      0.5623182635E+00
0.7820000000E+00      0.8828568188E+03      0.2501282009E+03      0.5633742394E+00
0.7840000000E+00      0.8857565668E+03      0.2517634187E+03      0.5644252848E+00
0.7860000000E+00      0.8886604932E+03      0.2534040375E+03      0.5654714226E+00
0.7880000000E+00      0.8915686011E+03      0.2550500538E+03      0.5665126757E+00
0.7900000000E+00      0.8944808935E+03      0.2567014637E+03      0.5675490670E+00
0.7920000000E+00      0.8973973735E+03      0.2583582636E+03      0.5685806193E+00
0.7940000000E+00      0.9003180442E+03      0.2600204498E+03      0.5696073556E+00
0.7960000000E+00      0.9032429085E+03      0.2616880184E+03      0.5706292985E+00
0.7980000000E+00      0.9061719694E+03      0.2633609659E+03      0.5716464711E+00
0.8000000000E+00      0.9091052300E+03      0.2650392884E+03      0.5726588961E+00
0.8020000000E+00      0.9120426930E+03      0.2667229824E+03      0.5736665964E+00
0.8040000000E+00      0.9149843615E+03      0.2684120441E+03      0.5746695947E+00
0.8060000000E+00      0.9179302383E+03      0.2701064697E+03      0.5756679139E+00
0.8080000000E+00      0.9208803262E+03      0.2718062557E+03      0.5766615766E+00
0.8100000000E+00      0.9238346282E+03      0.2735113982E+03      0.5776506056E+00
0.8120000000E+00      0.9267931471E+03      0.2752218937E+03      0.5786350236E+00
0.8140000000E+00      0.9297558855E+03      0.2769377384E+03      0.5796148533E+00
0.8160000000E+00      0.9327228464E+03      0.2786589286E+03      0.5805901172E+00
0.8180000000E+00      0.9356940324E+03      0.2803854607E+03      0.5815608381E+00
0.8200000000E+00      0.9386694463E+03      0.2821173309E+03      0.5825270385E+00
0.8220000000E+00      0.9416490907E+03      0.2838545357E+03      0.5834887409E+00
0.8240000000E+00      0.9446329685E+03      0.2855970713E+03      0.5844459678E+00
0.8260000000E+00      0.9476210821E+03      0.2873449341E+03      0.5853987417E+00
0.8280000000E+00      0.9506134343E+03      0.2890981205E+03      0.5863470849E+00
0.8300000000E+00      0.9536100277E+03      0.2908566267E+03      0.5872910199E+00
0.8320000000E+00      0.9566108648E+03      0.2926204492E+03      0.5882305688E+00
0.8340000000E+00      0.9596159483E+03      0.2943895842E+03      0.5891657541E+00
0.8360000000E+00      0.9626252807E+03      0.2961640283E+03      0.5900965978E+00
0.8380000000E+00      0.9656388645E+03      0.2979437776E+03      0.5910231236E+00
0.8400000000E+00      0.9686567023E+03      0.2997288287E+03      0.5919453508E+00
0.8420000000E+00      0.9716787964E+03      0.3015191779E+03      0.5928633029E+00
0.8440000000E+00      0.9747051495E+03      0.3033148217E+03      0.5937770017E+00
0.8460000000E+00      0.9777357639E+03      0.3051157563E+03      0.5946864693E+00
0.8480000000E+00      0.9807706421E+03      0.3069219782E+03      0.5955917275E+00
0.8500000000E+00      0.9838097865E+03      0.3087334838E+03      0.5964927982E+00
0.8520000000E+00      0.9868531995E+03      0.3105502696E+03      0.5973897031E+00
0.8540000000E+00      0.9899008834E+03      0.3123723320E+03      0.5982824639E+00
0.8560000000E+00      0.9929528406E+03      0.3141996674E+03      0.5991711022E+00
0.8580000000E+00      0.9960090735E+03      0.3160322723E+03      0.6000556396E+00
0.8600000000E+00      0.9990695843E+03      0.3178701430E+03      0.6009360975E+00
0.8620000000E+00      0.1002134375E+04      0.3197132762E+03      0.6018124975E+00
0.8640000000E+00      0.1005203449E+04      0.3215616681E+03      0.6026848608E+00
0.8660000000E+00      0.1008276807E+04      0.3234153154E+03      0.6035532088E+00
0.8680000000E+00      0.1011354452E+04      0.3252742145E+03      0.6044175627E+00
0.8700000000E+00      0.1014436387E+04      0.3271383619E+03      0.6052779436E+00
0.8720000000E+00      0.1017522613E+04      0.3290077541E+03      0.6061343725E+00
0.8740000000E+00      0.1020613133E+04      0.3308823876E+03      0.6069868705E+00
0.8760000000E+00      0.1023707948E+04      0.3327622589E+03      0.6078354586E+00
0.8780000000E+00      0.1026807061E+04      0.3346473646E+03      0.6086801575E+00
0.8800000000E+00      0.1029910474E+04      0.3365377012E+03      0.6095209880E+00
0.8820000000E+00      0.1033018190E+04      0.3384332652E+03      0.6103579708E+00
0.8840000000E+00      0.1036130210E+04      0.3403340532E+03      0.6111911266E+00
0.8860000000E+00      0.1039246536E+04      0.3422400618E+03      0.6120204758E+00
0.8880000000E+00      0.1042367170E+04      0.3441512875E+03      0.6128460390E+00
0.8900000000E+00      0.1045492115E+04      0.3460677269E+03      0.6136678364E+00
0.8920000000E+00      0.1048621372E+04      0.3479893767E+03      0.6144858885E+00
0.8940000000E+00      0.1051754944E+04      0.3499162333E+03      0.6153002154E+00
0.8960000000E+00      0.1054892832E+04      0.3518482935E+03      0.6161108373E+00
0.8980000000E+00      0.1058035039E+04      0.3537855538E+03      0.6169177742E+00
0.9000000000E+00      0.1061181566E+04      0.3557280110E+03      0.6177210460E+00
0.9020000000E+00      0.1064332416E+04      0.3576756615E+03      0.6185206728E+00
0.9040000000E+00      0.1067487589E+04      0.3596285022E+03      0.6193166742E+00
0.9060000000E+00      0.1070647089E+04      0.3615865295E+03      0.6201090699E+00
0.9080000000E+00      0.1073810917E+04      0.3635497403E+03      0.6208978798E+00
0.9100000000E+00      0.1076979075E+04      0.3655181312E+03      0.6216831231E+00
0.9120000000E+00      0.1080151565E+04      0.3674916989E+03      0.6224648196E+00
0.9140000000E+00      0.1083328388E+04      0.3694704400E+03      0.6232429884E+00
0.9160000000E+00      0.1086509547E+04      0.3714543514E+03      0.6240176489E+00
0.9180000000E+00      0.1089695044E+04      0.3734434297E+03      0.6247888204E+00
0.9200000000E+00      0.1092884879E+04      0.3754376716E+03      0.6255565219E+00
0.9220000000E+00      0.1096079055E+04      0.3774370739E+03      0.6263207724E+00
0.9240000000E+00      0.1099277574E+04      0.3794416335E+03      0.6270815909E+00
0.9260000000E+00      0.1102480438E+04      0.3814513469E+03      0.6278389963E+00
0.9280000000E+00      0.1105687647E+04      0.3834662110E+03      0.6285930073E+00
0.9300000000E+00      0.1108899205E+04      0.3854862226E+03      0.6293436426E+00
0.9320000000E+00      0.1112115112E+04      0.3875113785E+03      0.6300909209E+00
0.9340000000E+00      0.1115335371E+04      0.3895416755E+03      0.6308348605E+00
0.9360000000E+00      0.1118559982E+04      0.3915771104E+03      0.6315754799E+00
0.9380000000E+00      0.1121788948E+04      0.3936176801E+03      0.6323127975E+00
0.9400000000E+00      0.1125022271E+04      0.3956633813E+03      0.6330468314E+00
0.9420000000E+00      0.1128259952E+04      0.3977142109E+03      0.6337775998E+00
0.9440000000E+00      0.1131501992E+04      0.3997701659E+03      0.6345051209E+00
0.9460000000E+00      0.1134748394E+04      0.4018312430E+03      0.6352294125E+00
0.9480000000E+00      0.1137999158E+04      0.4038974391E+03      0.6359504925E+00
0.9500000000E+00      0.1141254287E+04      0.4059687512E+03      0.6366683787E+00
0.9520000000E+00      0.1144513782E+04      0.4080451761E+03      0.6373830888E+00
0.9540000000E+00      0.1147777645E+04      0.4101267108E+03      0.6380946405E+00
0.9560000000E+00      0.1151045876E+04      0.4122133522E+03      0.6388030512E+00
0.9580000000E+00      0.1154318479E+04      0.4143050972E+03      0.6395083385E+00
0.9600000000E+00      0.1157595453E+04      0.4164019428E+03      0.6402105195E+00
0.9620000000E+00      0.1160876802E+04      0.4185038860E+03      0.6409096116E+00
0.9640000000E+00      0.1164162525E+04      0.4206109236E+03      0.6416056320E+00
0.9660000000E+00      0.1167452626E+04      0.4227230527E+03      0.6422985977E+00
0.9680000000E+00      0.1170747104E+04      0.4248402704E+03      0.6429885257E+00
0.9700000000E+00      0.1174045962E+04      0.4269625735E+03      0.6436754329E+00
0.9720000000E+00      0.1177349202E+04      0.4290899591E+03      0.6443593361E+00
0.9740000000E+00      0.1180656824E+04      0.4312224242E+03      0.6450402520E+00
0.9760000000E+00      0.1183968829E+04      0.4333599659E+03      0.6457181973E+00
0.9780000000E+00      0.1187285221E+04      0.4355025812E+03      0.6463931885E+00
0.9800000000E+00      0.1190605999E+04      0.4376502672E+03      0.6470652421E+00
0.9820000000E+00      0.1193931165E+04      0.4398030209E+03      0.6477343744E+00
0.9840000000E+00      0.1197260721E+04      0.4419608395E+03      0.6484006017E+00
0.9860000000E+00      0.1200594668E+04      0.4441237199E+03      0.6490639401E+00
0.9880000000E+00      0.1203933007E+04      0.4462916594E+03      0.6497244058E+00
0.9900000000E+00      0.1207275740E+04      0.4484646550E+03      0.6503820148E+00
0.9920000000E+00      0.1210622868E+04      0.4506427039E+03      0.6510367831E+00
0.9940000000E+00      0.1213974392E+04      0.4528258032E+03      0.6516887263E+00
0.9960000000E+00      0.1217330313E+04      0.4550139500E+03      0.6523378604E+00
0.9980000000E+00      0.1220690634E+04      0.4572071415E+03      0.6529842009E+00
0.1000000000E+01      0.1224055355E+04      0.4594053749E+03      0.6536277635E+00
0.1002000000E+01      0.1227424478E+04      0.4616086474E+03      0.6542685635E+00
0.1004000000E+01      0.1230798003E+04      0.4638169560E+03      0.6549066165E+00
0.1006000000E+01      0.1234175932E+04      0.4660302982E+03      0.6555419377E+00
0.1008000000E+01      0.1237558266E+04      0.4682486710E+03      0.6561745424E+00
0.1010000000E+01      0.1240945008E+04      0.4704720716E+03      0.6568044457E+00
0.1012000000E+01      0.1244336156E+04      0.4727004974E+03      0.6574316626E+00
0.1014000000E+01      0.1247731714E+04      0.4749339456E+03      0.6580562081E+00
0.1016000000E+01      0.1251131682E+04      0.4771724134E+03      0.6586780972E+00
0.1018000000E+01      0.1254536061E+04      0.4794158980E+03      0.6592973446E+00
0.1020000000E+01      0.1257944853E+04      0.4816643969E+03      0.6599139650E+00
0.1022000000E+01      0.1261358059E+04      0.4839179071E+03      0.6605279731E+00
0.1024000000E+01      0.1264775679E+04      0.4861764262E+03      0.6611393833E+00
0.1026000000E+01      0.1268197716E+04      0.4884399513E+03      0.6617482103E+00
0.1028000000E+01      0.1271624170E+04      0.4907084798E+03      0.6623544683E+00
0.1030000000E+01      0.1275055042E+04      0.4929820090E+03      0.6629581717E+00
0.1032000000E+01      0.1278490333E+04      0.4952605363E+03      0.6635593346E+00
0.1034000000E+01      0.1281930045E+04      0.4975440590E+03      0.6641579712E+00
0.1036000000E+01      0.1285374179E+04      0.4998325745E+03      0.6647540956E+00
0.1038000000E+01      0.1288822736E+04      0.5021260801E+03      0.6653477217E+00
0.1040000000E+01      0.1292275716E+04      0.5044245733E+03      0.6659388634E+00
0.1042000000E+01      0.1295733122E+04      0.5067280514E+03      0.6665275345E+00
0.1044000000E+01      0.1299194954E+04      0.5090365119E+03      0.6671137487E+00
0.1046000000E+01      0.1302661212E+04      0.5113499521E+03      0.6676975197E+00
0.1048000000E+01      0.1306131899E+04      0.5136683695E+03      0.6682788610E+00
0.1050000000E+01      0.1309607015E+04      0.5159917616E+03      0.6688577861E+00
0.1052000000E+01      0.1313086561E+04      0.5183201257E+03      0.6694343085E+00
0.1054000000E+01      0.1316570539E+04      0.5206534594E+03      0.6700084414E+00
0.1056000000E+01      0.1320058949E+04      0.5229917601E+03      0.6705801980E+00
0.1058000000E+01      0.1323551792E+04      0.5253350253E+03      0.6711495917E+00
0.1060000000E+01      0.1327049070E+04      0.5276832524E+03      0.6717166353E+00
0.1062000000E+01      0.1330550782E+04      0.5300364391E+03      0.6722813420E+00
0.1064000000E+01      0.1334056931E+04      0.5323945827E+03      0.6728437246E+00
0.1066000000E+01      0.1337567518E+04      0.5347576809E+03      0.6734037961E+00
0.1068000000E+01      0.1341082542E+04      0.5371257310E+03      0.6739615692E+00
0.1070000000E+01      0.1344602006E+04      0.5394987308E+03      0.6745170566E+00
0.1072000000E+01      0.1348125910E+04      0.5418766777E+03      0.6750702709E+00
0.1074000000E+01      0.1351654255E+04      0.5442595694E+03      0.6756212247E+00
0.1076000000E+01      0.1355187042E+04      0.5466474033E+03      0.6761699304E+00
0.1078000000E+01      0.1358724271E+04      0.5490401770E+03      0.6767164004E+00
0.1080000000E+01      0.1362265945E+04      0.5514378882E+03      0.6772606472E+00
0.1082000000E+01      0.1365812064E+04      0.5538405345E+03      0.6778026828E+00
0.1084000000E+01      0.1369362628E+04      0.5562481134E+03      0.6783425194E+00
0.1086000000E+01      0.1372917639E+04      0.5586606226E+03      0.6788801693E+00
0.1088000000E+01      0.1376477097E+04      0.5610780597E+03      0.6794156456E+00
0.1090000000E+01      0.1380041004E+04      0.5635004224E+03      0.6799489578E+00
0.1092000000E+01      0.1383609359E+04      0.5659277083E+03      0.6804801190E+00
0.1094000000E+01      0.1387182165E+04      0.5683599151E+03      0.6810091411E+00
0.1096000000E+01      0.1390759422E+04      0.5707970404E+03      0.6815360357E+00
0.1098000000E+01      0.1394341131E+04      0.5732390820E+03      0.6820608146E+00
0.1100000000E+01      0.1397927292E+04      0.5756860374E+03      0.6825834893E+00
0.1102000000E+01      0.1401517907E+04      0.5781379045E+03      0.6831040713E+00
0.1104000000E+01      0.1405112976E+04      0.5805946810E+03      0.6836225722E+00
0.1106000000E+01      0.1408712500E+04      0.5830563645E+03      0.6841390032E+00
0.1108000000E+01      0.1412316480E+04      0.5855229527E+03      0.6846533757E+00
0.1110000000E+01      0.1415924917E+04      0.5879944435E+03      0.6851657009E+00
0.1112000000E+01      0.1419537811E+04      0.5904708346E+03      0.6856759900E+00
0.1114000000E+01      0.1423155164E+04      0.5929521237E+03      0.6861842541E+00
0.1116000000E+01      0.1426776976E+04      0.5954383085E+03      0.6866905043E+00
0.1118000000E+01      0.1430403248E+04      0.5979293870E+03      0.6871947515E+00
0.1120000000E+01      0.1434033980E+04      0.6004253568E+03      0.6876970065E+00
0.1122000000E+01      0.1437669174E+04      0.6029262158E+03      0.6881972803E+00
0.1124000000E+01      0.1441308831E+04      0.6054319617E+03      0.6886955836E+00
0.1126000000E+01      0.1444952950E+04      0.6079425924E+03      0.6891919271E+00
0.1128000000E+01      0.1448601533E+04      0.6104581057E+03      0.6896863214E+00
0.1130000000E+01      0.1452254580E+04      0.6129784994E+03      0.6901787771E+00
0.1132000000E+01      0.1455912092E+04      0.6155037714E+03      0.6906693047E+00
0.1134000000E+01      0.1459574071E+04      0.6180339195E+03      0.6911579146E+00
0.1136000000E+01      0.1463240516E+04      0.6205689417E+03      0.6916446173E+00
0.1138000000E+01      0.1466911428E+04      0.6231088356E+03      0.6921294229E+00
0.1140000000E+01      0.1470586809E+04      0.6256535993E+03      0.6926123418E+00
0.1142000000E+01      0.1474266658E+04      0.6282032306E+03      0.6930933842E+00
0.1144000000E+01      0.1477950977E+04      0.6307577274E+03      0.6935725600E+00
0.1146000000E+01      0.1481639766E+04      0.6333170876E+03      0.6940498795E+00
0.1148000000E+01      0.1485333025E+04      0.6358813092E+03      0.6945253526E+00
0.1150000000E+01      0.1489030757E+04      0.6384503900E+03      0.6949989892E+00
0.1152000000E+01      0.1492732960E+04      0.6410243280E+03      0.6954707992E+00
0.1154000000E+01      0.1496439636E+04      0.6436031211E+03      0.6959407924E+00
0.1156000000E+01      0.1500150786E+04      0.6461867673E+03      0.6964089786E+00
0.1158000000E+01      0.1503866410E+04      0.6487752646E+03      0.6968753674E+00
0.1160000000E+01      0.1507586509E+04      0.6513686108E+03      0.6973399684E+00
0.1162000000E+01      0.1511311083E+04      0.6539668040E+03      0.6978027913E+00
0.1164000000E+01      0.1515040133E+04      0.6565698421E+03      0.6982638454E+00
0.1166000000E+01      0.1518773660E+04      0.6591777232E+03      0.6987231404E+00
0.1168000000E+01      0.1522511665E+04      0.6617904452E+03      0.6991806855E+00
0.1170000000E+01      0.1526254147E+04      0.6644080062E+03      0.6996364901E+00
0.1172000000E+01      0.1530001108E+04      0.6670304041E+03      0.7000905634E+00
0.1174000000E+01      0.1533752549E+04      0.6696576370E+03      0.7005429148E+00
0.1176000000E+01      0.1537508469E+04      0.6722897030E+03      0.7009935532E+00
0.1178000000E+01      0.1541268869E+04      0.6749266000E+03      0.7014424879E+00
0.1180000000E+01      0.1545033751E+04      0.6775683262E+03      0.7018897278E+00
0.1182000000E+01      0.1548803114E+04      0.6802148795E+03      0.7023352820E+00
0.1184000000E+01      0.1552576959E+04      0.6828662581E+03      0.7027791593E+00
0.1186000000E+01      0.1556355287E+04      0.6855224599E+03      0.7032213687E+00
0.1188000000E+01      0.1560138098E+04      0.6881834832E+03      0.7036619190E+00
0.1190000000E+01      0.1563925393E+04      0.6908493260E+03      0.7041008189E+00
0.1192000000E+01      0.1567717173E+04      0.6935199863E+03      0.7045380771E+00
0.1194000000E+01      0.1571513438E+04      0.6961954623E+03      0.7049737024E+00
0.1196000000E+01      0.1575314188E+04      0.6988757522E+03      0.7054077032E+00
0.1198000000E+01      0.1579119424E+04      0.7015608540E+03      0.7058400882E+00
0.1200000000E+01      0.1582929147E+04      0.7042507658E+03      0.7062708658E+00
