      Rhob                Epsilon              Pressure               SoundV
0.4730000000E-14      0.4409040000E-11      0.6303830000E-24      0.2528270000E-09
0.4760000000E-14      0.4431480000E-11      0.6303830000E-23      0.3286900000E-09
0.4910000000E-14      0.4571720000E-11      0.6303830000E-22      0.3811090000E-09
0.6990000000E-14      0.6506980000E-11      0.7552120000E-21      0.1661210000E-08
0.9900000000E-14      0.9199530000E-11      0.8737990000E-20      0.4506330000E-08
0.2720000000E-13      0.2529870000E-10      0.1061040000E-18      0.2185710000E-07
0.1270000000E-12      0.1189210000E-09      0.3632510000E-17      0.1280710000E-06
0.6930000000E-12      0.6450890000E-09      0.1185870000E-15      0.6813760000E-06
0.6295000000E-11      0.5856290000E-08      0.6081640000E-14      0.1980100000E-05
0.1581000000E-10      0.1470800000E-07      0.3100740000E-13      0.4121830000E-05
0.3972000000E-10      0.3694960000E-07      0.1517290000E-12      0.7788630000E-05
0.9976000000E-10      0.9278060000E-07      0.7183870000E-12      0.1422460000E-04
0.2506000000E-09      0.2331300000E-06      0.3286730000E-11      0.2500930000E-04
0.6294000000E-09      0.5856290000E-06      0.1446760000E-10      0.4207890000E-04
0.1581000000E-08      0.1470800000E-05      0.6088500000E-10      0.6739699893E-04
0.3972000000E-08      0.3695520000E-05      0.2441020000E-09      0.8516180000E-04
0.5000000000E-08      0.4651930000E-05      0.3282360000E-09      0.1052360000E-03
0.9976000000E-08      0.9283670000E-05      0.8956430000E-09      0.1422520000E-03
0.1990000000E-07      0.1852250000E-04      0.2392340000E-08      0.1863930000E-03
0.3972000000E-07      0.3696080000E-04      0.6278870000E-08      0.2408930000E-03
0.7924000000E-07      0.7376450000E-04      0.1625270000E-07      0.3085620000E-03
0.1581000000E-06      0.1471920000E-03      0.4166770000E-07      0.3417580000E-03
0.1990000000E-06      0.1853370000E-03      0.5453750000E-07      0.3860480000E-03
0.3155000000E-06      0.2937680000E-03      0.1016730000E-06      0.4315500000E-03
0.5000000000E-06      0.4656420000E-03      0.1890530000E-06      0.4889620000E-03
0.6294000000E-06      0.5861890000E-03      0.2577080000E-06      0.5509610000E-03
0.7924000000E-06      0.7382060000E-03      0.3143180000E-06      0.6137740000E-03
0.9976000000E-06      0.9294890000E-03      0.4281610000E-06      0.6540150000E-03
0.1581000000E-05      0.1470000000E-02      0.7939080000E-06      0.7285460000E-03
0.2506000000E-05      0.2340000000E-02      0.1470480000E-05      0.8500470000E-03
0.3972000000E-05      0.3700000000E-02      0.2722510000E-05      0.8906300000E-03
0.5000000000E-05      0.4660000000E-02      0.3533890000E-05      0.9510480000E-03
0.6294000000E-05      0.5870000000E-02      0.4807140000E-05      0.1100000000E-02
0.7924000000E-05      0.7390000000E-02      0.6541010000E-05      0.1180000000E-02
0.9976000000E-05      0.9310000000E-02      0.8894020000E-05      0.1280000000E-02
0.1256000000E-04      0.1172000000E-01      0.1209590000E-04      0.1300000000E-02
0.1581000000E-04      0.1476000000E-01      0.1562230000E-04      0.1320000000E-02
0.1990000000E-04      0.1858000000E-01      0.2124580000E-04      0.1390000000E-02
0.2506000000E-04      0.2340000000E-01      0.2888530000E-04      0.1470000000E-02
0.3155000000E-04      0.2947000000E-01      0.3713020000E-04      0.1550000000E-02
0.3972000000E-04      0.3712000000E-01      0.5048680000E-04      0.1820000000E-02
0.5000000000E-04      0.4674000000E-01      0.6865560000E-04      0.1960000000E-02
0.6294000000E-04      0.5884000000E-01      0.9330920000E-04      0.2110000000E-02
0.7924000000E-04      0.7416000000E-01      0.1268880000E-03      0.2150000000E-02
0.9976000000E-04      0.9334000000E-01      0.1620900000E-03      0.2190000000E-02
0.1105000000E-03      0.1034400000E+00      0.1805020000E-03      0.2220000000E-02
0.1256000000E-03      0.1175700000E+00      0.2053430000E-03      0.2270000000E-02
0.1581000000E-03      0.1480900000E+00      0.2791790000E-03      0.2300000000E-02
0.1990000000E-03      0.1865100000E+00      0.3630010000E-03      0.2350000000E-02
0.2506000000E-03      0.2349200000E+00      0.4704780000E-03      0.2420000000E-02
0.2572000000E-03      0.2411500000E+00      0.4871430000E-03      0.1640000000E-02
0.2670000000E-03      0.2502100000E+00      0.4925360000E-03      0.6323770000E-03
0.3126000000E-03      0.2932300000E+00      0.5213460000E-03      0.6351150000E-03
0.3951000000E-03      0.3707800000E+00      0.5679160000E-03      0.6395500000E-03
0.4759000000E-03      0.4467600000E+00      0.6136960000E-03      0.6456670000E-03
0.5812000000E-03      0.5456200000E+00      0.6758550000E-03      0.6505920000E-03
0.7143000000E-03      0.6709200000E+00      0.7601150000E-03      0.7025890000E-03
0.8786000000E-03      0.8252300000E+00      0.8731850000E-03      0.7646840000E-03
0.1077000000E-02      0.1012500000E+01      0.1020000000E-02      0.8354260000E-03
0.1314000000E-02      0.1235290000E+01      0.1220000000E-02      0.9276850000E-03
0.1748000000E-02      0.1643560000E+01      0.1620000000E-02      0.1000000000E-02
0.2000000000E-02      0.1880850000E+01      0.2000000000E-02      0.1100000000E-02
0.4000000000E-02      0.3764610000E+01      0.4510000000E-02      0.1460000000E-02
0.6000000000E-02      0.5649800000E+01      0.7500000000E-02      0.1680000000E-02
0.8000000000E-02      0.7536070000E+01      0.1086000000E-01      0.1880000000E-02
0.1000000000E-01      0.9423230000E+01      0.1458000000E-01      0.2070000000E-02
0.1200000000E-01      0.1131116000E+02      0.1867000000E-01      0.2280000000E-02
0.1400000000E-01      0.1319982000E+02      0.2318000000E-01      0.2510000000E-02
0.1600000000E-01      0.1508915000E+02      0.2814000000E-01      0.2760000000E-02
0.1800000000E-01      0.1697914000E+02      0.3361000000E-01      0.3040000000E-02
0.2000000000E-01      0.1886976000E+02      0.3965000000E-01      0.3340000000E-02
0.2200000000E-01      0.2076101000E+02      0.4624000000E-01      0.3660000000E-02
0.2400000000E-01      0.2265290000E+02      0.5348000000E-01      0.3990000000E-02
0.2600000000E-01      0.2454541000E+02      0.6133000000E-01      0.4330000000E-02
0.2800000000E-01      0.2643855000E+02      0.6988000000E-01      0.4680000000E-02
0.3000000000E-01      0.2833233000E+02      0.7906000000E-01      0.5030000000E-02
0.3200000000E-01      0.3022674000E+02      0.8895000000E-01      0.5390000000E-02
0.3400000000E-01      0.3212179000E+02      0.9948000000E-01      0.5740000000E-02
0.3600000000E-01      0.3401748000E+02      0.1107200000E+00      0.6090000000E-02
0.3800000000E-01      0.3591381000E+02      0.1225900000E+00      0.6440000000E-02
0.4000000000E-01      0.3781078000E+02      0.1351400000E+00      0.6790000000E-02
0.4200000000E-01      0.3970840000E+02      0.1483400000E+00      0.7110000000E-02
0.4400000000E-01      0.4160666000E+02      0.1621100000E+00      0.7420000000E-02
0.4600000000E-01      0.4350556000E+02      0.1765200000E+00      0.7740000000E-02
0.4800000000E-01      0.4540510000E+02      0.1915000000E+00      0.8040000000E-02
0.5000000000E-01      0.4730528000E+02      0.2070600000E+00      0.8310000000E-02
0.5200000000E-01      0.4920608000E+02      0.2230900000E+00      0.8580000000E-02
0.5400000000E-01      0.5110752000E+02      0.2396900000E+00      0.8870000000E-02
0.5600000000E-01      0.5300958000E+02      0.2568200000E+00      0.9120000000E-02
0.5800000000E-01      0.5491227000E+02      0.2743700000E+00      0.9340000000E-02
0.6000000000E-01      0.5681556000E+02      0.2923800000E+00      0.9690000000E-02
0.6200000000E-01      0.5871946000E+02      0.3101200000E+00      0.1002000000E-01
0.6400000000E-01      0.6062394000E+02      0.3290400000E+00      0.1028000000E-01
0.6600000000E-01      0.6252904000E+02      0.3483400000E+00      0.1069000000E-01
0.6800000000E-01      0.6443473000E+02      0.3679800000E+00      0.1101000000E-01
0.7000000000E-01      0.6612629277E+02      0.5917268764E+00      0.2344539077E-01
0.7200000000E-01      0.6803316258E+02      0.6372845423E+00      0.2431565993E-01
0.7400000000E-01      0.6994132133E+02      0.6845337617E+00      0.2518635961E-01
0.7600000000E-01      0.7185077993E+02      0.7334793694E+00      0.2605902359E-01
0.7800000000E-01      0.7376154894E+02      0.7841292165E+00      0.2693524774E-01
0.8000000000E-01      0.7567363859E+02      0.8364942841E+00      0.2781667388E-01
0.8200000000E-01      0.7758705890E+02      0.8905887667E+00      0.2870497546E-01
0.8400000000E-01      0.7950181982E+02      0.9464301316E+00      0.2960184504E-01
0.8600000000E-01      0.8141793125E+02      0.1004039156E+01      0.3050898323E-01
0.8800000000E-01      0.8333540317E+02      0.1063439946E+01      0.3142808917E-01
0.9000000000E-01      0.8525424569E+02      0.1124659935E+01      0.3236085225E-01
0.9200000000E-01      0.8717446910E+02      0.1187729874E+01      0.3330894498E-01
0.9400000000E-01      0.8909608398E+02      0.1252683803E+01      0.3427401695E-01
0.9600000000E-01      0.9101910119E+02      0.1319559017E+01      0.3525768969E-01
0.9800000000E-01      0.9294353195E+02      0.1388396020E+01      0.3626155230E-01
0.1000000000E+00      0.9486938790E+02      0.1459238472E+01      0.3728715770E-01
0.1020000000E+00      0.9679668110E+02      0.1532133128E+01      0.3833602037E-01
0.1040000000E+00      0.9872542408E+02      0.1607129778E+01      0.3940961283E-01
0.1060000000E+00      0.1006556299E+03      0.1684281176E+01      0.4050936436E-01
0.1080000000E+00      0.1025873121E+03      0.1763642970E+01      0.4163665936E-01
0.1100000000E+00      0.1045204849E+03      0.1845273624E+01      0.4279283604E-01
0.1120000000E+00      0.1064551629E+03      0.1929234347E+01      0.4397918560E-01
0.1140000000E+00      0.1083913554E+03      0.2014454616E+01      0.4404314765E-01
0.1160000000E+00      0.1103290469E+03      0.2100397945E+01      0.4469792926E-01
0.1180000000E+00      0.1122682332E+03      0.2187898043E+01      0.4554881589E-01
0.1200000000E+00      0.1142089177E+03      0.2277231959E+01      0.4650829218E-01
0.1220000000E+00      0.1161511076E+03      0.2368581256E+01      0.4754785206E-01
0.1240000000E+00      0.1180948126E+03      0.2462090653E+01      0.4865445488E-01
0.1260000000E+00      0.1200400441E+03      0.2557886816E+01      0.4982115211E-01
0.1280000000E+00      0.1219868150E+03      0.2656086521E+01      0.5104392518E-01
0.1300000000E+00      0.1239351397E+03      0.2756800835E+01      0.5232034585E-01
0.1320000000E+00      0.1258850339E+03      0.2860137473E+01      0.5364730152E-01
0.1340000000E+00      0.1278365143E+03      0.2966202231E+01      0.5502716573E-01
0.1360000000E+00      0.1297895987E+03      0.3075099900E+01      0.5645773566E-01
0.1380000000E+00      0.1317443060E+03      0.3186934864E+01      0.5793872238E-01
0.1400000000E+00      0.1337006559E+03      0.3301811505E+01      0.5947000292E-01
0.1420000000E+00      0.1356586692E+03      0.3419834473E+01      0.6105156521E-01
0.1440000000E+00      0.1376183676E+03      0.3541108880E+01      0.6268347003E-01
0.1460000000E+00      0.1395797734E+03      0.3665740418E+01      0.6436582393E-01
0.1480000000E+00      0.1415429101E+03      0.3793835442E+01      0.6609875958E-01
0.1500000000E+00      0.1435078017E+03      0.3925501017E+01      0.6788242108E-01
0.1520000000E+00      0.1454744732E+03      0.4060844942E+01      0.6971695302E-01
0.1540000000E+00      0.1474429503E+03      0.4199975754E+01      0.7160249190E-01
0.1560000000E+00      0.1494132594E+03      0.4343002720E+01      0.7353915961E-01
0.1580000000E+00      0.1513854278E+03      0.4490035812E+01      0.7552705819E-01
0.1600000000E+00      0.1533594830E+03      0.4641185803E+01      0.7756886990E-01
0.1620000000E+00      0.1553354540E+03      0.4796563740E+01      0.7965942919E-01
0.1640000000E+00      0.1573133698E+03      0.4956281631E+01      0.8180136807E-01
0.1660000000E+00      0.1592932604E+03      0.5120451913E+01      0.8399467490E-01
0.1680000000E+00      0.1612751563E+03      0.5289187514E+01      0.8623930403E-01
0.1700000000E+00      0.1632590886E+03      0.5462601806E+01      0.8853517423E-01
0.1720000000E+00      0.1652450891E+03      0.5640808540E+01      0.9088216743E-01
0.1740000000E+00      0.1672331901E+03      0.5823921784E+01      0.9328012777E-01
0.1760000000E+00      0.1692234246E+03      0.6012055866E+01      0.9572886076E-01
0.1780000000E+00      0.1712158259E+03      0.6205325302E+01      0.9822813266E-01
0.1800000000E+00      0.1732104281E+03      0.6403844735E+01      0.1007776700E+00
0.1820000000E+00      0.1752072658E+03      0.6607728859E+01      0.1033771592E+00
0.1840000000E+00      0.1772063738E+03      0.6817092361E+01      0.1060262466E+00
0.1860000000E+00      0.1792077881E+03      0.7032050172E+01      0.1087303838E+00
0.1880000000E+00      0.1812115440E+03      0.7252716077E+01      0.1114773834E+00
0.1900000000E+00      0.1832176782E+03      0.7479204632E+01      0.1142726767E+00
0.1920000000E+00      0.1852262276E+03      0.7711629765E+01      0.1171157486E+00
0.1940000000E+00      0.1872372294E+03      0.7950105035E+01      0.1200060444E+00
0.1960000000E+00      0.1892507213E+03      0.8194743563E+01      0.1229429698E+00
0.1980000000E+00      0.1912667414E+03      0.8445657960E+01      0.1259258919E+00
0.2000000000E+00      0.1932853280E+03      0.8702960254E+01      0.1289541392E+00
0.2020000000E+00      0.1953065201E+03      0.8966761820E+01      0.1320270026E+00
0.2040000000E+00      0.1973303566E+03      0.9237173312E+01      0.1351437361E+00
0.2060000000E+00      0.1993568770E+03      0.9514304588E+01      0.1383035573E+00
0.2080000000E+00      0.2013861209E+03      0.9798264647E+01      0.1415056488E+00
0.2100000000E+00      0.2034181285E+03      0.1008916156E+02      0.1447491588E+00
0.2120000000E+00      0.2054529399E+03      0.1038710239E+02      0.1480332023E+00
0.2140000000E+00      0.2074905956E+03      0.1069219316E+02      0.1513568620E+00
0.2160000000E+00      0.2095311365E+03      0.1100453876E+02      0.1547191898E+00
0.2180000000E+00      0.2115746033E+03      0.1132424287E+02      0.1581192080E+00
0.2200000000E+00      0.2136210372E+03      0.1165140761E+02      0.1615496638E+00
0.2220000000E+00      0.2156704796E+03      0.1198613479E+02      0.1650220720E+00
0.2240000000E+00      0.2177229720E+03      0.1232852385E+02      0.1685290723E+00
0.2260000000E+00      0.2197785559E+03      0.1267867313E+02      0.1720695815E+00
0.2280000000E+00      0.2218372731E+03      0.1303667951E+02      0.1756424940E+00
0.2300000000E+00      0.2238991655E+03      0.1340263833E+02      0.1792466827E+00
0.2320000000E+00      0.2259642750E+03      0.1377664336E+02      0.1828810012E+00
0.2340000000E+00      0.2280326436E+03      0.1415878674E+02      0.1865442853E+00
0.2360000000E+00      0.2301043135E+03      0.1454915894E+02      0.1902353541E+00
0.2380000000E+00      0.2321793267E+03      0.1494784874E+02      0.1939530126E+00
0.2400000000E+00      0.2342577254E+03      0.1535494313E+02      0.1976960525E+00
0.2420000000E+00      0.2363395519E+03      0.1577052735E+02      0.2014632543E+00
0.2440000000E+00      0.2384248482E+03      0.1619468478E+02      0.2052536055E+00
0.2460000000E+00      0.2405136566E+03      0.1662749698E+02      0.2090655006E+00
0.2480000000E+00      0.2426060192E+03      0.1706904359E+02      0.2128978487E+00
0.2500000000E+00      0.2447019781E+03      0.1751940237E+02      0.2167494026E+00
0.2520000000E+00      0.2468015753E+03      0.1797864912E+02      0.2206189118E+00
0.2540000000E+00      0.2489048528E+03      0.1844685768E+02      0.2245051249E+00
0.2560000000E+00      0.2510118524E+03      0.1892409995E+02      0.2284067910E+00
0.2580000000E+00      0.2531226159E+03      0.1941044579E+02      0.2323226612E+00
0.2600000000E+00      0.2552371850E+03      0.1990596307E+02      0.2362514904E+00
0.2620000000E+00      0.2573556012E+03      0.2041071766E+02      0.2401920384E+00
0.2640000000E+00      0.2594779060E+03      0.2092477338E+02      0.2441430720E+00
0.2660000000E+00      0.2616041404E+03      0.2144819202E+02      0.2481033660E+00
0.2680000000E+00      0.2637343457E+03      0.2198103337E+02      0.2520717048E+00
0.2700000000E+00      0.2658685626E+03      0.2252335513E+02      0.2560468838E+00
0.2720000000E+00      0.2680068320E+03      0.2307521302E+02      0.2600279151E+00
0.2740000000E+00      0.2701491944E+03      0.2363666068E+02      0.2640132098E+00
0.2760000000E+00      0.2722956900E+03      0.2420774975E+02      0.2680018093E+00
0.2780000000E+00      0.2744463590E+03      0.2478852987E+02      0.2719925652E+00
0.2800000000E+00      0.2766012412E+03      0.2537904866E+02      0.2759843462E+00
0.2820000000E+00      0.2787603763E+03      0.2597935174E+02      0.2799760388E+00
0.2840000000E+00      0.2809238037E+03      0.2658948277E+02      0.2839665487E+00
0.2860000000E+00      0.2830915624E+03      0.2720948344E+02      0.2879548013E+00
0.2880000000E+00      0.2852636913E+03      0.2783939350E+02      0.2919397427E+00
0.2900000000E+00      0.2874402291E+03      0.2847925079E+02      0.2959203405E+00
0.2920000000E+00      0.2896212141E+03      0.2912909122E+02      0.2998955845E+00
0.2940000000E+00      0.2918066843E+03      0.2978894887E+02      0.3038644875E+00
0.2960000000E+00      0.2939966774E+03      0.3045885592E+02      0.3078260854E+00
0.2980000000E+00      0.2961912310E+03      0.3113884277E+02      0.3117794384E+00
0.3000000000E+00      0.2983903820E+03      0.3182893798E+02      0.3157236310E+00
0.3020000000E+00      0.3005941674E+03      0.3252916839E+02      0.3196577726E+00
0.3040000000E+00      0.3028026237E+03      0.3323955904E+02      0.3235809976E+00
0.3060000000E+00      0.3050157871E+03      0.3396013333E+02      0.3274924662E+00
0.3080000000E+00      0.3072336934E+03      0.3469091293E+02      0.3313913642E+00
0.3100000000E+00      0.3094563782E+03      0.3543191790E+02      0.3352769033E+00
0.3120000000E+00      0.3116838766E+03      0.3618316666E+02      0.3391483213E+00
0.3140000000E+00      0.3139162236E+03      0.3694467609E+02      0.3430048820E+00
0.3160000000E+00      0.3161534537E+03      0.3771646150E+02      0.3468458756E+00
0.3180000000E+00      0.3183956010E+03      0.3849853671E+02      0.3506706182E+00
0.3200000000E+00      0.3206426993E+03      0.3929091405E+02      0.3544784522E+00
0.3220000000E+00      0.3228947822E+03      0.4009360444E+02      0.3582687460E+00
0.3240000000E+00      0.3251518828E+03      0.4090661739E+02      0.3620408936E+00
0.3260000000E+00      0.3274140338E+03      0.4172996104E+02      0.3657945758E+00
0.3280000000E+00      0.3296812677E+03      0.4256364221E+02      0.3695287149E+00
0.3300000000E+00      0.3319536165E+03      0.4340766642E+02      0.3732430434E+00
0.3320000000E+00      0.3342311120E+03      0.4426203796E+02      0.3769370569E+00
0.3340000000E+00      0.3365137853E+03      0.4512675989E+02      0.3806102753E+00
0.3360000000E+00      0.3388016677E+03      0.4600183407E+02      0.3842622430E+00
0.3380000000E+00      0.3410947895E+03      0.4688726126E+02      0.3878925283E+00
0.3400000000E+00      0.3433931812E+03      0.4778304108E+02      0.3915007229E+00
0.3420000000E+00      0.3456968727E+03      0.4868917207E+02      0.3950864418E+00
0.3440000000E+00      0.3480058933E+03      0.4960565176E+02      0.3986493226E+00
0.3460000000E+00      0.3503202724E+03      0.5053247665E+02      0.4021890251E+00
0.3480000000E+00      0.3526400387E+03      0.5146964231E+02      0.4057052311E+00
0.3500000000E+00      0.3549652206E+03      0.5241714332E+02      0.4091976436E+00
0.3520000000E+00      0.3572958464E+03      0.5337497343E+02      0.4126659863E+00
0.3540000000E+00      0.3596319437E+03      0.5434312545E+02      0.4161100037E+00
0.3560000000E+00      0.3619735399E+03      0.5532159142E+02      0.4195294597E+00
0.3580000000E+00      0.3643206620E+03      0.5631036254E+02      0.4229241377E+00
0.3600000000E+00      0.3666733367E+03      0.5730942926E+02      0.4262938401E+00
0.3620000000E+00      0.3690315903E+03      0.5831878127E+02      0.4296383874E+00
0.3640000000E+00      0.3713954488E+03      0.5933840758E+02      0.4329576179E+00
0.3660000000E+00      0.3737649379E+03      0.6036829650E+02      0.4362513873E+00
0.3680000000E+00      0.3761400827E+03      0.6140843571E+02      0.4395195679E+00
0.3700000000E+00      0.3785209083E+03      0.6245881225E+02      0.4427620485E+00
0.3720000000E+00      0.3809074392E+03      0.6351941258E+02      0.4459787332E+00
0.3740000000E+00      0.3832996996E+03      0.6459022260E+02      0.4491695416E+00
0.3760000000E+00      0.3856977136E+03      0.6567122765E+02      0.4523344079E+00
0.3780000000E+00      0.3881015047E+03      0.6676241260E+02      0.4554732804E+00
0.3800000000E+00      0.3905110961E+03      0.6786376179E+02      0.4585861210E+00
0.3820000000E+00      0.3929265108E+03      0.6897525912E+02      0.4616729050E+00
0.3840000000E+00      0.3953477713E+03      0.7009688806E+02      0.4647336202E+00
0.3860000000E+00      0.3977749000E+03      0.7122863167E+02      0.4677685972E+00
0.3880000000E+00      0.4002079188E+03      0.7237047256E+02      0.4707771846E+00
0.3900000000E+00      0.4026468493E+03      0.7352239306E+02      0.4737597380E+00
0.3920000000E+00      0.4050917130E+03      0.7468437509E+02      0.4767162908E+00
0.3940000000E+00      0.4075425307E+03      0.7585640028E+02      0.4796468871E+00
0.3960000000E+00      0.4099993232E+03      0.7703844993E+02      0.4825515808E+00
0.3980000000E+00      0.4124621109E+03      0.7823050507E+02      0.4854304352E+00
0.4000000000E+00      0.4149309139E+03      0.7943254645E+02      0.4882835227E+00
0.4020000000E+00      0.4174057520E+03      0.8064455458E+02      0.4911109241E+00
0.4040000000E+00      0.4198866448E+03      0.8186650974E+02      0.4939127286E+00
0.4060000000E+00      0.4223736114E+03      0.8309839199E+02      0.4966890332E+00
0.4080000000E+00      0.4248666708E+03      0.8434018120E+02      0.4994399421E+00
0.4100000000E+00      0.4273658416E+03      0.8559185705E+02      0.5021655668E+00
0.4120000000E+00      0.4298711422E+03      0.8685339906E+02      0.5048660252E+00
0.4140000000E+00      0.4323825907E+03      0.8812478661E+02      0.5075414418E+00
0.4160000000E+00      0.4349002049E+03      0.8940599892E+02      0.5101919468E+00
0.4180000000E+00      0.4374240023E+03      0.9069701511E+02      0.5128176763E+00
0.4200000000E+00      0.4399540002E+03      0.9199781417E+02      0.5154187716E+00
0.4220000000E+00      0.4424902157E+03      0.9330837502E+02      0.5179953789E+00
0.4240000000E+00      0.4450326654E+03      0.9462867647E+02      0.5205476493E+00
0.4260000000E+00      0.4475813659E+03      0.9595869728E+02      0.5230757381E+00
0.4280000000E+00      0.4501363333E+03      0.9729841614E+02      0.5255798049E+00
0.4300000000E+00      0.4526975837E+03      0.9864781169E+02      0.5280600131E+00
0.4320000000E+00      0.4552651325E+03      0.1000068626E+03      0.5305171763E+00
0.4340000000E+00      0.4578389959E+03      0.1013755473E+03      0.5329502098E+00
0.4360000000E+00      0.4604191887E+03      0.1027538444E+03      0.5353598949E+00
0.4380000000E+00      0.4630057259E+03      0.1041417325E+03      0.5377464077E+00
0.4400000000E+00      0.4655986224E+03      0.1055391901E+03      0.5401099271E+00
0.4420000000E+00      0.4681978927E+03      0.1069461958E+03      0.5424506342E+00
0.4440000000E+00      0.4708035510E+03      0.1083627281E+03      0.5447687127E+00
0.4460000000E+00      0.4734156115E+03      0.1097887656E+03      0.5470643479E+00
0.4480000000E+00      0.4760340881E+03      0.1112242869E+03      0.5493377269E+00
0.4500000000E+00      0.4786589944E+03      0.1126692707E+03      0.5515890387E+00
0.4520000000E+00      0.4812903438E+03      0.1141236957E+03      0.5538184734E+00
0.4540000000E+00      0.4839281496E+03      0.1155875407E+03      0.5560262226E+00
0.4560000000E+00      0.4865724247E+03      0.1170607845E+03      0.5582124789E+00
0.4580000000E+00      0.4892231819E+03      0.1185434058E+03      0.5603774358E+00
0.4600000000E+00      0.4918804340E+03      0.1200353838E+03      0.5625212875E+00
0.4620000000E+00      0.4945441932E+03      0.1215366974E+03      0.5646442291E+00
0.4640000000E+00      0.4972144717E+03      0.1230473256E+03      0.5667464559E+00
0.4660000000E+00      0.4998912816E+03      0.1245672478E+03      0.5688281639E+00
0.4680000000E+00      0.5025746346E+03      0.1260964430E+03      0.5708895490E+00
0.4700000000E+00      0.5052645425E+03      0.1276348908E+03      0.5729308074E+00
0.4720000000E+00      0.5079610166E+03      0.1291825705E+03      0.5749521354E+00
0.4740000000E+00      0.5106640681E+03      0.1307394617E+03      0.5769537290E+00
0.4760000000E+00      0.5133737083E+03      0.1323055441E+03      0.5789357842E+00
0.4780000000E+00      0.5160899478E+03      0.1338807974E+03      0.5808984966E+00
0.4800000000E+00      0.5188127975E+03      0.1354652014E+03      0.5828420613E+00
0.4820000000E+00      0.5215422680E+03      0.1370587363E+03      0.5847666733E+00
0.4840000000E+00      0.5242783695E+03      0.1386613820E+03      0.5866725266E+00
0.4860000000E+00      0.5270211122E+03      0.1402731188E+03      0.5885598149E+00
0.4880000000E+00      0.5297705064E+03      0.1418939271E+03      0.5904287310E+00
0.4900000000E+00      0.5325265617E+03      0.1435237872E+03      0.5922794670E+00
0.4920000000E+00      0.5352892879E+03      0.1451626798E+03      0.5941122142E+00
0.4940000000E+00      0.5380586954E+03      0.1468105852E+03      0.5959231257E+00
0.4960000000E+00      0.5408347920E+03      0.1484674851E+03      0.5977204368E+00
0.4980000000E+00      0.5436175878E+03      0.1501333599E+03      0.5995003274E+00
0.5000000000E+00      0.5464070918E+03      0.1518081907E+03      0.6012629849E+00
0.5020000000E+00      0.5492033130E+03      0.1534919590E+03      0.6030085954E+00
0.5040000000E+00      0.5520062602E+03      0.1551846459E+03      0.6047373439E+00
0.5060000000E+00      0.5548159421E+03      0.1568862330E+03      0.6064494141E+00
0.5080000000E+00      0.5576323672E+03      0.1585967019E+03      0.6081449887E+00
0.5100000000E+00      0.5604555438E+03      0.1603160344E+03      0.6098242488E+00
0.5120000000E+00      0.5632854803E+03      0.1620442124E+03      0.6114873745E+00
0.5140000000E+00      0.5661221847E+03      0.1637812180E+03      0.6131345442E+00
0.5160000000E+00      0.5689656651E+03      0.1655270333E+03      0.6147659353E+00
0.5180000000E+00      0.5718159292E+03      0.1672816407E+03      0.6163817236E+00
0.5200000000E+00      0.5746729848E+03      0.1690450227E+03      0.6179820834E+00
0.5220000000E+00      0.5775368394E+03      0.1708171618E+03      0.6195671877E+00
0.5240000000E+00      0.5804075006E+03      0.1725980408E+03      0.6211372081E+00
0.5260000000E+00      0.5832849758E+03      0.1743876426E+03      0.6226923144E+00
0.5280000000E+00      0.5861692720E+03      0.1761859502E+03      0.6242326752E+00
0.5300000000E+00      0.5890603965E+03      0.1779929468E+03      0.6257584575E+00
0.5320000000E+00      0.5919583561E+03      0.1798086157E+03      0.6272698267E+00
0.5340000000E+00      0.5948631579E+03      0.1816329403E+03      0.6287669467E+00
0.5360000000E+00      0.5977748085E+03      0.1834659043E+03      0.6302499800E+00
0.5380000000E+00      0.6006933147E+03      0.1853074913E+03      0.6317190871E+00
0.5400000000E+00      0.6036186829E+03      0.1871576854E+03      0.6331744275E+00
0.5420000000E+00      0.6065509195E+03      0.1890164703E+03      0.6346161588E+00
0.5440000000E+00      0.6094900310E+03      0.1908838304E+03      0.6360444371E+00
0.5460000000E+00      0.6124360235E+03      0.1927597499E+03      0.6374594168E+00
0.5480000000E+00      0.6153889032E+03      0.1946442132E+03      0.6388612509E+00
0.5500000000E+00      0.6183486760E+03      0.1965372050E+03      0.6402500907E+00
0.5520000000E+00      0.6213153479E+03      0.1984387098E+03      0.6416260861E+00
0.5540000000E+00      0.6242889247E+03      0.2003487126E+03      0.6429892385E+00
0.5560000000E+00      0.6272694121E+03      0.2022671983E+03      0.6443399884E+00
0.5580000000E+00      0.6302568158E+03      0.2041941521E+03      0.6456783336E+00
0.5600000000E+00      0.6332511413E+03      0.2061295591E+03      0.6470044176E+00
0.5620000000E+00      0.6362523941E+03      0.2080734049E+03      0.6483183823E+00
0.5640000000E+00      0.6392605794E+03      0.2100256748E+03      0.6496203679E+00
0.5660000000E+00      0.6422757026E+03      0.2119863546E+03      0.6509105132E+00
0.5680000000E+00      0.6452977688E+03      0.2139554300E+03      0.6521889556E+00
0.5700000000E+00      0.6483267831E+03      0.2159328870E+03      0.6534558305E+00
0.5720000000E+00      0.6513627506E+03      0.2179187116E+03      0.6547112722E+00
0.5740000000E+00      0.6544056761E+03      0.2199128900E+03      0.6559554133E+00
0.5760000000E+00      0.6574555645E+03      0.2219154085E+03      0.6571883848E+00
0.5780000000E+00      0.6605124205E+03      0.2239262534E+03      0.6584103164E+00
0.5800000000E+00      0.6635762489E+03      0.2259454115E+03      0.6596213361E+00
0.5820000000E+00      0.6666470542E+03      0.2279728693E+03      0.6608215704E+00
0.5840000000E+00      0.6697248409E+03      0.2300086138E+03      0.6620111445E+00
0.5860000000E+00      0.6728096136E+03      0.2320526317E+03      0.6631903178E+00
0.5880000000E+00      0.6759013765E+03      0.2341049103E+03      0.6643589404E+00
0.5900000000E+00      0.6790001339E+03      0.2361654366E+03      0.6655172693E+00
0.5920000000E+00      0.6821058902E+03      0.2382341980E+03      0.6666654237E+00
0.5940000000E+00      0.6852186494E+03      0.2403111820E+03      0.6678035215E+00
0.5960000000E+00      0.6883384157E+03      0.2423963760E+03      0.6689316792E+00
0.5980000000E+00      0.6914651930E+03      0.2444897677E+03      0.6700500117E+00
0.6000000000E+00      0.6945989853E+03      0.2465913450E+03      0.6711586327E+00
0.6020000000E+00      0.6977397965E+03      0.2487010957E+03      0.6722576546E+00
0.6040000000E+00      0.7008876303E+03      0.2508190079E+03      0.6733471880E+00
0.6060000000E+00      0.7040424907E+03      0.2529450697E+03      0.6744273427E+00
0.6080000000E+00      0.7072043811E+03      0.2550792693E+03      0.6754982268E+00
0.6100000000E+00      0.7103733054E+03      0.2572215952E+03      0.6765599472E+00
0.6120000000E+00      0.7135492669E+03      0.2593720357E+03      0.6776126094E+00
0.6140000000E+00      0.7167322693E+03      0.2615305795E+03      0.6786563178E+00
0.6160000000E+00      0.7199223159E+03      0.2636972154E+03      0.6796911752E+00
0.6180000000E+00      0.7231194102E+03      0.2658719320E+03      0.6807172834E+00
0.6200000000E+00      0.7263235555E+03      0.2680547183E+03      0.6817347428E+00
0.6220000000E+00      0.7295347550E+03      0.2702455634E+03      0.6827436527E+00
0.6240000000E+00      0.7327530120E+03      0.2724444563E+03      0.6837441109E+00
0.6260000000E+00      0.7359783296E+03      0.2746513864E+03      0.6847362142E+00
0.6280000000E+00      0.7392107109E+03      0.2768663430E+03      0.6857200581E+00
0.6300000000E+00      0.7424501589E+03      0.2790893154E+03      0.6866957370E+00
0.6320000000E+00      0.7456966768E+03      0.2813202934E+03      0.6876633440E+00
0.6340000000E+00      0.7489502673E+03      0.2835592664E+03      0.6886229710E+00
0.6360000000E+00      0.7522109335E+03      0.2858062243E+03      0.6895747089E+00
0.6380000000E+00      0.7554786780E+03      0.2880611570E+03      0.6905186475E+00
0.6400000000E+00      0.7587535039E+03      0.2903240543E+03      0.6914548752E+00
0.6420000000E+00      0.7620354137E+03      0.2925949064E+03      0.6923834794E+00
0.6440000000E+00      0.7653244102E+03      0.2948737034E+03      0.6933045466E+00
0.6460000000E+00      0.7686204960E+03      0.2971604354E+03      0.6942181619E+00
0.6480000000E+00      0.7719236738E+03      0.2994550930E+03      0.6951244096E+00
0.6500000000E+00      0.7752339460E+03      0.3017576665E+03      0.6960233727E+00
0.6520000000E+00      0.7785513153E+03      0.3040681464E+03      0.6969151333E+00
0.6540000000E+00      0.7818757840E+03      0.3063865234E+03      0.6977997724E+00
0.6560000000E+00      0.7852073547E+03      0.3087127881E+03      0.6986773701E+00
0.6580000000E+00      0.7885460296E+03      0.3110469314E+03      0.6995480052E+00
0.6600000000E+00      0.7918918112E+03      0.3133889442E+03      0.7004117558E+00
0.6620000000E+00      0.7952447016E+03      0.3157388175E+03      0.7012686988E+00
0.6640000000E+00      0.7986047033E+03      0.3180965423E+03      0.7021189104E+00
0.6660000000E+00      0.8019718183E+03      0.3204621098E+03      0.7029624655E+00
0.6680000000E+00      0.8053460489E+03      0.3228355112E+03      0.7037994382E+00
0.6700000000E+00      0.8087273972E+03      0.3252167378E+03      0.7046299017E+00
0.6720000000E+00      0.8121158653E+03      0.3276057812E+03      0.7054539283E+00
0.6740000000E+00      0.8155114553E+03      0.3300026327E+03      0.7062715892E+00
0.6760000000E+00      0.8189141692E+03      0.3324072840E+03      0.7070829548E+00
0.6780000000E+00      0.8223240089E+03      0.3348197268E+03      0.7078880948E+00
0.6800000000E+00      0.8257409765E+03      0.3372399527E+03      0.7086870777E+00
0.6820000000E+00      0.8291650739E+03      0.3396679536E+03      0.7094799712E+00
0.6840000000E+00      0.8325963028E+03      0.3421037214E+03      0.7102668424E+00
0.6860000000E+00      0.8360346653E+03      0.3445472481E+03      0.7110477573E+00
0.6880000000E+00      0.8394801630E+03      0.3469985258E+03      0.7118227811E+00
0.6900000000E+00      0.8429327978E+03      0.3494575465E+03      0.7125919782E+00
0.6920000000E+00      0.8463925713E+03      0.3519243026E+03      0.7133554122E+00
0.6940000000E+00      0.8498594855E+03      0.3543987863E+03      0.7141131459E+00
0.6960000000E+00      0.8533335418E+03      0.3568809900E+03      0.7148652413E+00
0.6980000000E+00      0.8568147419E+03      0.3593709061E+03      0.7156117595E+00
0.7000000000E+00      0.8603030876E+03      0.3618685271E+03      0.7163527611E+00
0.7020000000E+00      0.8637985803E+03      0.3643738457E+03      0.7170883057E+00
0.7040000000E+00      0.8673012216E+03      0.3668868544E+03      0.7178184521E+00
0.7060000000E+00      0.8708110130E+03      0.3694075461E+03      0.7185432587E+00
0.7080000000E+00      0.8743279561E+03      0.3719359135E+03      0.7192627828E+00
0.7100000000E+00      0.8778520523E+03      0.3744719494E+03      0.7199770812E+00
0.7120000000E+00      0.8813833031E+03      0.3770156470E+03      0.7206862098E+00
0.7140000000E+00      0.8849217098E+03      0.3795669990E+03      0.7213902240E+00
0.7160000000E+00      0.8884672739E+03      0.3821259987E+03      0.7220891784E+00
0.7180000000E+00      0.8920199967E+03      0.3846926392E+03      0.7227831269E+00
0.7200000000E+00      0.8955798795E+03      0.3872669136E+03      0.7234720081E+00
0.7220000000E+00      0.8991469237E+03      0.3898488153E+03      0.7241561041E+00
0.7240000000E+00      0.9027211306E+03      0.3924383376E+03      0.7248353520E+00
0.7260000000E+00      0.9063025013E+03      0.3950354738E+03      0.7255098030E+00
0.7280000000E+00      0.9098910372E+03      0.3976402176E+03      0.7261795078E+00
0.7300000000E+00      0.9134867394E+03      0.4002525623E+03      0.7268445164E+00
0.7320000000E+00      0.9170896091E+03      0.4028725017E+03      0.7275048781E+00
0.7340000000E+00      0.9206996475E+03      0.4055000293E+03      0.7281606417E+00
0.7360000000E+00      0.9243168557E+03      0.4081351389E+03      0.7288118553E+00
0.7380000000E+00      0.9279412348E+03      0.4107778242E+03      0.7294585666E+00
0.7400000000E+00      0.9315727859E+03      0.4134280791E+03      0.7301008225E+00
0.7420000000E+00      0.9352115101E+03      0.4160858975E+03      0.7307386694E+00
0.7440000000E+00      0.9388574084E+03      0.4187512733E+03      0.7313721531E+00
0.7460000000E+00      0.9425104818E+03      0.4214242005E+03      0.7320013188E+00
0.7480000000E+00      0.9461707314E+03      0.4241046733E+03      0.7326262112E+00
0.7500000000E+00      0.9498381581E+03      0.4267926857E+03      0.7332468744E+00
0.7520000000E+00      0.9535127629E+03      0.4294882320E+03      0.7338633521E+00
0.7540000000E+00      0.9571945467E+03      0.4321913063E+03      0.7344756873E+00
0.7560000000E+00      0.9608835104E+03      0.4349019030E+03      0.7350839225E+00
0.7580000000E+00      0.9645796550E+03      0.4376200163E+03      0.7356880997E+00
0.7600000000E+00      0.9682829813E+03      0.4403456408E+03      0.7362882604E+00
0.7620000000E+00      0.9719934902E+03      0.4430787709E+03      0.7368844455E+00
0.7640000000E+00      0.9757111824E+03      0.4458194010E+03      0.7374766956E+00
0.7660000000E+00      0.9794360589E+03      0.4485675258E+03      0.7380650506E+00
0.7680000000E+00      0.9831681205E+03      0.4513231398E+03      0.7386371062E+00
0.7700000000E+00      0.9869073678E+03      0.4540862377E+03      0.7392177521E+00
0.7720000000E+00      0.9906538018E+03      0.4568568142E+03      0.7397946197E+00
0.7740000000E+00      0.9944074231E+03      0.4596348641E+03      0.7403677472E+00
0.7760000000E+00      0.9981682325E+03      0.4624203822E+03      0.7409371722E+00
0.7780000000E+00      0.1001936231E+04      0.4652133634E+03      0.7415029318E+00
0.7800000000E+00      0.1005711418E+04      0.4680138026E+03      0.7420650626E+00
0.7820000000E+00      0.1009493796E+04      0.4708216947E+03      0.7426236010E+00
0.7840000000E+00      0.1013283365E+04      0.4736370347E+03      0.7431785828E+00
0.7860000000E+00      0.1017080125E+04      0.4764598177E+03      0.7437300433E+00
0.7880000000E+00      0.1020884077E+04      0.4792900389E+03      0.7442780176E+00
0.7900000000E+00      0.1024695222E+04      0.4821276933E+03      0.7448225400E+00
0.7920000000E+00      0.1028513560E+04      0.4849727761E+03      0.7453636448E+00
0.7940000000E+00      0.1032339093E+04      0.4878252826E+03      0.7459013657E+00
0.7960000000E+00      0.1036171819E+04      0.4906852080E+03      0.7464357360E+00
0.7980000000E+00      0.1040011741E+04      0.4935525478E+03      0.7469667885E+00
0.8000000000E+00      0.1043858859E+04      0.4964272972E+03      0.7474945558E+00
0.8020000000E+00      0.1047713172E+04      0.4993094517E+03      0.7480190701E+00
0.8040000000E+00      0.1051574682E+04      0.5021990067E+03      0.7485403630E+00
0.8060000000E+00      0.1055443390E+04      0.5050959578E+03      0.7490584659E+00
0.8080000000E+00      0.1059319295E+04      0.5080003005E+03      0.7495734099E+00
0.8100000000E+00      0.1063202398E+04      0.5109120303E+03      0.7500852255E+00
0.8120000000E+00      0.1067092699E+04      0.5138311429E+03      0.7505939431E+00
0.8140000000E+00      0.1070990200E+04      0.5167576340E+03      0.7510995925E+00
0.8160000000E+00      0.1074894900E+04      0.5196914992E+03      0.7516022032E+00
0.8180000000E+00      0.1078806800E+04      0.5226327344E+03      0.7521018046E+00
0.8200000000E+00      0.1082725901E+04      0.5255813352E+03      0.7525984254E+00
0.8220000000E+00      0.1086652202E+04      0.5285372976E+03      0.7530920941E+00
0.8240000000E+00      0.1090585704E+04      0.5315006174E+03      0.7535828391E+00
0.8260000000E+00      0.1094526407E+04      0.5344712905E+03      0.7540706880E+00
0.8280000000E+00      0.1098474312E+04      0.5374493129E+03      0.7545556685E+00
0.8300000000E+00      0.1102429420E+04      0.5404346804E+03      0.7550378077E+00
0.8320000000E+00      0.1106391730E+04      0.5434273893E+03      0.7555171327E+00
0.8340000000E+00      0.1110361243E+04      0.5464274354E+03      0.7559936698E+00
0.8360000000E+00      0.1114337959E+04      0.5494348149E+03      0.7564674455E+00
0.8380000000E+00      0.1118321878E+04      0.5524495240E+03      0.7569384857E+00
0.8400000000E+00      0.1122313001E+04      0.5554715587E+03      0.7574068160E+00
0.8420000000E+00      0.1126311329E+04      0.5585009153E+03      0.7578724618E+00
0.8440000000E+00      0.1130316860E+04      0.5615375901E+03      0.7583354482E+00
0.8460000000E+00      0.1134329596E+04      0.5645815792E+03      0.7587958000E+00
0.8480000000E+00      0.1138349537E+04      0.5676328790E+03      0.7592535417E+00
0.8500000000E+00      0.1142376683E+04      0.5706914859E+03      0.7597086975E+00
0.8520000000E+00      0.1146411034E+04      0.5737573962E+03      0.7601612913E+00
0.8540000000E+00      0.1150452591E+04      0.5768306063E+03      0.7606113469E+00
0.8560000000E+00      0.1154501354E+04      0.5799111127E+03      0.7610588876E+00
0.8580000000E+00      0.1158557323E+04      0.5829989118E+03      0.7615039365E+00
0.8600000000E+00      0.1162620497E+04      0.5860940001E+03      0.7619465166E+00
0.8620000000E+00      0.1166690878E+04      0.5891963742E+03      0.7623866504E+00
0.8640000000E+00      0.1170768466E+04      0.5923060307E+03      0.7628243603E+00
0.8660000000E+00      0.1174853260E+04      0.5954229661E+03      0.7632596684E+00
0.8680000000E+00      0.1178945262E+04      0.5985471770E+03      0.7636925965E+00
0.8700000000E+00      0.1183044470E+04      0.6016786603E+03      0.7641231662E+00
0.8720000000E+00      0.1187150885E+04      0.6048174124E+03      0.7645513989E+00
0.8740000000E+00      0.1191264508E+04      0.6079634303E+03      0.7649773158E+00
0.8760000000E+00      0.1195385338E+04      0.6111167105E+03      0.7654009376E+00
0.8780000000E+00      0.1199513376E+04      0.6142772500E+03      0.7658222851E+00
0.8800000000E+00      0.1203648621E+04      0.6174450455E+03      0.7662413786E+00
0.8820000000E+00      0.1207791074E+04      0.6206200938E+03      0.7666582383E+00
0.8840000000E+00      0.1211940735E+04      0.6238023919E+03      0.7670728843E+00
0.8860000000E+00      0.1216097604E+04      0.6269919366E+03      0.7674852654E+00
0.8880000000E+00      0.1220261681E+04      0.6301887250E+03      0.7678955429E+00
0.8900000000E+00      0.1224432967E+04      0.6333927538E+03      0.7683036651E+00
0.8920000000E+00      0.1228611460E+04      0.6366040202E+03      0.7687096511E+00
0.8940000000E+00      0.1232797162E+04      0.6398225211E+03      0.7691135199E+00
0.8960000000E+00      0.1236990071E+04      0.6430482535E+03      0.7695152900E+00
0.8980000000E+00      0.1241190190E+04      0.6462812147E+03      0.7699149800E+00
0.9000000000E+00      0.1245397517E+04      0.6495214015E+03      0.7703126081E+00
0.9020000000E+00      0.1249612052E+04      0.6527688113E+03      0.7707081924E+00
0.9040000000E+00      0.1253833795E+04      0.6560234410E+03      0.7711017507E+00
0.9060000000E+00      0.1258062747E+04      0.6592852880E+03      0.7714933006E+00
0.9080000000E+00      0.1262298908E+04      0.6625543493E+03      0.7718828597E+00
0.9100000000E+00      0.1266542277E+04      0.6658306223E+03      0.7722704453E+00
0.9120000000E+00      0.1270792855E+04      0.6691141041E+03      0.7726560744E+00
0.9140000000E+00      0.1275050641E+04      0.6724047921E+03      0.7730397639E+00
0.9160000000E+00      0.1279315636E+04      0.6757026836E+03      0.7734215305E+00
0.9180000000E+00      0.1283587839E+04      0.6790077758E+03      0.7738013909E+00
0.9200000000E+00      0.1287867251E+04      0.6823200662E+03      0.7741793613E+00
0.9220000000E+00      0.1292153871E+04      0.6856395521E+03      0.7745554579E+00
0.9240000000E+00      0.1296447699E+04      0.6889662309E+03      0.7749296968E+00
0.9260000000E+00      0.1300748736E+04      0.6923001001E+03      0.7753020937E+00
0.9280000000E+00      0.1305056982E+04      0.6956411570E+03      0.7756726644E+00
0.9300000000E+00      0.1309372435E+04      0.6989893992E+03      0.7760414243E+00
0.9320000000E+00      0.1313695097E+04      0.7023448241E+03      0.7764083889E+00
0.9340000000E+00      0.1318024967E+04      0.7057074294E+03      0.7767735731E+00
0.9360000000E+00      0.1322362045E+04      0.7090772124E+03      0.7771369921E+00
0.9380000000E+00      0.1326706331E+04      0.7124541708E+03      0.7774986607E+00
0.9400000000E+00      0.1331057825E+04      0.7158383022E+03      0.7778585936E+00
0.9420000000E+00      0.1335416528E+04      0.7192296042E+03      0.7782168053E+00
0.9440000000E+00      0.1339782437E+04      0.7226280743E+03      0.7785733101E+00
0.9460000000E+00      0.1344155555E+04      0.7260337103E+03      0.7789281224E+00
0.9480000000E+00      0.1348535880E+04      0.7294465099E+03      0.7792812562E+00
0.9500000000E+00      0.1352923413E+04      0.7328664706E+03      0.7796327254E+00
0.9520000000E+00      0.1357318154E+04      0.7362935903E+03      0.7799825438E+00
0.9540000000E+00      0.1361720101E+04      0.7397278667E+03      0.7803307250E+00
0.9560000000E+00      0.1366129256E+04      0.7431692975E+03      0.7806772826E+00
0.9580000000E+00      0.1370545618E+04      0.7466178805E+03      0.7810222298E+00
0.9600000000E+00      0.1374969187E+04      0.7500736135E+03      0.7813655799E+00
0.9620000000E+00      0.1379399963E+04      0.7535364943E+03      0.7817073459E+00
0.9640000000E+00      0.1383837946E+04      0.7570065208E+03      0.7820475408E+00
0.9660000000E+00      0.1388283134E+04      0.7604836917E+03      0.7823991498E+00
0.9680000000E+00      0.1392735530E+04      0.7639680031E+03      0.7827362655E+00
0.9700000000E+00      0.1397195132E+04      0.7674594539E+03      0.7830718481E+00
0.9720000000E+00      0.1401661941E+04      0.7709580418E+03      0.7834059100E+00
0.9740000000E+00      0.1406135955E+04      0.7744637649E+03      0.7837384636E+00
0.9760000000E+00      0.1410617176E+04      0.7779766211E+03      0.7840695209E+00
0.9780000000E+00      0.1415105602E+04      0.7814966084E+03      0.7843990939E+00
0.9800000000E+00      0.1419601234E+04      0.7850237248E+03      0.7847271947E+00
0.9820000000E+00      0.1424104071E+04      0.7885579682E+03      0.7850538349E+00
0.9840000000E+00      0.1428614114E+04      0.7920993368E+03      0.7853790263E+00
0.9860000000E+00      0.1433131362E+04      0.7956478285E+03      0.7857027803E+00
0.9880000000E+00      0.1437655814E+04      0.7992034415E+03      0.7860251084E+00
0.9900000000E+00      0.1442187472E+04      0.8027661738E+03      0.7863460218E+00
0.9920000000E+00      0.1446726334E+04      0.8063360235E+03      0.7866655319E+00
0.9940000000E+00      0.1451272401E+04      0.8099129887E+03      0.7869836496E+00
0.9960000000E+00      0.1455825672E+04      0.8134970676E+03      0.7873003859E+00
0.9980000000E+00      0.1460386147E+04      0.8170882583E+03      0.7876157517E+00
0.1000000000E+01      0.1464953825E+04      0.8206865591E+03      0.7879297578E+00
0.1002000000E+01      0.1469528708E+04      0.8242919680E+03      0.7882424146E+00
0.1004000000E+01      0.1474110794E+04      0.8279044833E+03      0.7885537329E+00
0.1006000000E+01      0.1478700084E+04      0.8315241032E+03      0.7888637229E+00
0.1008000000E+01      0.1483296576E+04      0.8351508259E+03      0.7891723951E+00
0.1010000000E+01      0.1487900272E+04      0.8387846498E+03      0.7894797596E+00
0.1012000000E+01      0.1492511170E+04      0.8424255730E+03      0.7897858265E+00
0.1014000000E+01      0.1497129271E+04      0.8460735939E+03      0.7900906059E+00
0.1016000000E+01      0.1501754574E+04      0.8497287107E+03      0.7903941077E+00
0.1018000000E+01      0.1506387079E+04      0.8533909218E+03      0.7906963416E+00
0.1020000000E+01      0.1511026786E+04      0.8570602255E+03      0.7909973174E+00
0.1022000000E+01      0.1515673694E+04      0.8607366202E+03      0.7912970448E+00
0.1024000000E+01      0.1520327804E+04      0.8644201042E+03      0.7915955331E+00
0.1026000000E+01      0.1524989116E+04      0.8681106759E+03      0.7918927919E+00
0.1028000000E+01      0.1529657628E+04      0.8718083337E+03      0.7921888305E+00
0.1030000000E+01      0.1534333341E+04      0.8755130760E+03      0.7924836581E+00
0.1032000000E+01      0.1539016255E+04      0.8792249013E+03      0.7927772839E+00
0.1034000000E+01      0.1543706369E+04      0.8829438079E+03      0.7930697170E+00
0.1036000000E+01      0.1548403683E+04      0.8866697944E+03      0.7933609662E+00
0.1038000000E+01      0.1553108197E+04      0.8904028591E+03      0.7936510406E+00
0.1040000000E+01      0.1557819910E+04      0.8941430006E+03      0.7939399489E+00
0.1042000000E+01      0.1562538823E+04      0.8978902174E+03      0.7942276998E+00
0.1044000000E+01      0.1567264936E+04      0.9016445080E+03      0.7945143019E+00
0.1046000000E+01      0.1571998247E+04      0.9054058709E+03      0.7947997638E+00
0.1048000000E+01      0.1576738756E+04      0.9091743046E+03      0.7950840939E+00
0.1050000000E+01      0.1581486464E+04      0.9129498077E+03      0.7953673007E+00
0.1052000000E+01      0.1586241370E+04      0.9167323789E+03      0.7956493924E+00
0.1054000000E+01      0.1591003475E+04      0.9205220165E+03      0.7959303772E+00
0.1056000000E+01      0.1595772776E+04      0.9243187193E+03      0.7962102633E+00
0.1058000000E+01      0.1600549276E+04      0.9281224859E+03      0.7964890586E+00
0.1060000000E+01      0.1605332972E+04      0.9319333148E+03      0.7967667714E+00
0.1062000000E+01      0.1610123865E+04      0.9357512047E+03      0.7970434093E+00
0.1064000000E+01      0.1614921955E+04      0.9395761543E+03      0.7973189802E+00
0.1066000000E+01      0.1619727242E+04      0.9434081622E+03      0.7975934920E+00
0.1068000000E+01      0.1624539724E+04      0.9472472270E+03      0.7978669523E+00
0.1070000000E+01      0.1629359402E+04      0.9510933475E+03      0.7981393686E+00
0.1072000000E+01      0.1634186276E+04      0.9549465224E+03      0.7984107485E+00
0.1074000000E+01      0.1639020346E+04      0.9588067504E+03      0.7986810995E+00
0.1076000000E+01      0.1643861610E+04      0.9626740301E+03      0.7989504290E+00
0.1078000000E+01      0.1648710069E+04      0.9665483604E+03      0.7992187443E+00
0.1080000000E+01      0.1653565723E+04      0.9704297399E+03      0.7994860526E+00
0.1082000000E+01      0.1658428571E+04      0.9743181675E+03      0.7997523611E+00
0.1084000000E+01      0.1663298613E+04      0.9782136418E+03      0.8000176770E+00
0.1086000000E+01      0.1668175848E+04      0.9821161617E+03      0.8002820073E+00
0.1088000000E+01      0.1673060277E+04      0.9860257261E+03      0.8005453589E+00
0.1090000000E+01      0.1677951900E+04      0.9899423335E+03      0.8008077388E+00
0.1092000000E+01      0.1682850715E+04      0.9938659830E+03      0.8010691539E+00
0.1094000000E+01      0.1687756723E+04      0.9977966733E+03      0.8013295295E+00
0.1096000000E+01      0.1692669923E+04      0.1001734403E+04      0.8015890353E+00
0.1098000000E+01      0.1697590315E+04      0.1005679172E+04      0.8018475963E+00
0.1100000000E+01      0.1702517899E+04      0.1009630978E+04      0.8021052193E+00
0.1102000000E+01      0.1707452674E+04      0.1013589820E+04      0.8023619108E+00
0.1104000000E+01      0.1712394641E+04      0.1017555697E+04      0.8026176772E+00
0.1106000000E+01      0.1717343799E+04      0.1021528608E+04      0.8028725249E+00
0.1108000000E+01      0.1722300147E+04      0.1025508552E+04      0.8031264603E+00
0.1110000000E+01      0.1727263686E+04      0.1029495528E+04      0.8033794897E+00
0.1112000000E+01      0.1732234414E+04      0.1033489535E+04      0.8036316194E+00
0.1114000000E+01      0.1737212333E+04      0.1037490571E+04      0.8038828554E+00
0.1116000000E+01      0.1742197441E+04      0.1041498637E+04      0.8041332041E+00
0.1118000000E+01      0.1747189738E+04      0.1045513729E+04      0.8043826713E+00
0.1120000000E+01      0.1752189224E+04      0.1049535849E+04      0.8046312631E+00
0.1122000000E+01      0.1757195899E+04      0.1053564993E+04      0.8048789856E+00
0.1124000000E+01      0.1762209762E+04      0.1057601163E+04      0.8051258446E+00
0.1126000000E+01      0.1767230813E+04      0.1061644356E+04      0.8053718458E+00
0.1128000000E+01      0.1772259052E+04      0.1065694571E+04      0.8056169953E+00
0.1130000000E+01      0.1777294478E+04      0.1069751808E+04      0.8058612986E+00
0.1132000000E+01      0.1782337092E+04      0.1073816066E+04      0.8061047615E+00
0.1134000000E+01      0.1787386892E+04      0.1077887343E+04      0.8063473896E+00
0.1136000000E+01      0.1792443879E+04      0.1081965639E+04      0.8065891886E+00
0.1138000000E+01      0.1797508053E+04      0.1086050953E+04      0.8068301639E+00
0.1140000000E+01      0.1802579412E+04      0.1090143284E+04      0.8070703210E+00
0.1142000000E+01      0.1807657957E+04      0.1094242630E+04      0.8073096654E+00
0.1144000000E+01      0.1812743687E+04      0.1098348991E+04      0.8075482025E+00
0.1146000000E+01      0.1817836602E+04      0.1102462367E+04      0.8077859376E+00
0.1148000000E+01      0.1822936702E+04      0.1106582755E+04      0.8080228760E+00
0.1150000000E+01      0.1828043987E+04      0.1110710156E+04      0.8082590229E+00
0.1152000000E+01      0.1833158456E+04      0.1114844568E+04      0.8084860083E+00
0.1154000000E+01      0.1838280109E+04      0.1118985991E+04      0.8087205594E+00
0.1156000000E+01      0.1843408945E+04      0.1123134424E+04      0.8089543344E+00
0.1158000000E+01      0.1848544964E+04      0.1127289865E+04      0.8091873385E+00
0.1160000000E+01      0.1853688167E+04      0.1131452314E+04      0.8094195766E+00
0.1162000000E+01      0.1858838552E+04      0.1135621770E+04      0.8096510536E+00
0.1164000000E+01      0.1863996120E+04      0.1139798233E+04      0.8098817746E+00
0.1166000000E+01      0.1869160869E+04      0.1143981701E+04      0.8101117445E+00
0.1168000000E+01      0.1874332801E+04      0.1148172174E+04      0.8103409679E+00
0.1170000000E+01      0.1879511914E+04      0.1152369651E+04      0.8105694499E+00
0.1172000000E+01      0.1884698208E+04      0.1156574130E+04      0.8107971950E+00
0.1174000000E+01      0.1889891683E+04      0.1160785612E+04      0.8110242080E+00
0.1176000000E+01      0.1895092338E+04      0.1165004096E+04      0.8112504937E+00
0.1178000000E+01      0.1900300174E+04      0.1169229580E+04      0.8114760566E+00
0.1180000000E+01      0.1905515190E+04      0.1173462065E+04      0.8117009013E+00
0.1182000000E+01      0.1910737385E+04      0.1177701548E+04      0.8119250323E+00
0.1184000000E+01      0.1915966759E+04      0.1181948030E+04      0.8121484543E+00
0.1186000000E+01      0.1921203313E+04      0.1186201510E+04      0.8123711716E+00
0.1188000000E+01      0.1926447045E+04      0.1190461987E+04      0.8125931887E+00
0.1190000000E+01      0.1931697956E+04      0.1194729460E+04      0.8128145100E+00
0.1192000000E+01      0.1936956045E+04      0.1199003928E+04      0.8130351398E+00
0.1194000000E+01      0.1942221312E+04      0.1203285392E+04      0.8132550824E+00
0.1196000000E+01      0.1947493756E+04      0.1207573850E+04      0.8134743422E+00
0.1198000000E+01      0.1952773377E+04      0.1211869301E+04      0.8136929234E+00
0.1200000000E+01      0.1958060175E+04      0.1216171745E+04      0.8139108301E+00
