      Rhob                Epsilon              Pressure               SoundV
0.4730000000E-14      0.4409040000E-11      0.6303830000E-24      0.2528270000E-09
0.4760000000E-14      0.4431480000E-11      0.6303830000E-23      0.3286900000E-09
0.4910000000E-14      0.4571720000E-11      0.6303830000E-22      0.3811090000E-09
0.6990000000E-14      0.6506980000E-11      0.7552120000E-21      0.1661210000E-08
0.9900000000E-14      0.9199530000E-11      0.8737990000E-20      0.4506330000E-08
0.2720000000E-13      0.2529870000E-10      0.1061040000E-18      0.2185710000E-07
0.1270000000E-12      0.1189210000E-09      0.3632510000E-17      0.1280710000E-06
0.6930000000E-12      0.6450890000E-09      0.1185870000E-15      0.6813760000E-06
0.6295000000E-11      0.5856290000E-08      0.6081640000E-14      0.1980100000E-05
0.1581000000E-10      0.1470800000E-07      0.3100740000E-13      0.4121830000E-05
0.3972000000E-10      0.3694960000E-07      0.1517290000E-12      0.7788630000E-05
0.9976000000E-10      0.9278060000E-07      0.7183870000E-12      0.1422460000E-04
0.2506000000E-09      0.2331300000E-06      0.3286730000E-11      0.2500930000E-04
0.6294000000E-09      0.5856290000E-06      0.1446760000E-10      0.4207890000E-04
0.1581000000E-08      0.1470800000E-05      0.6088500000E-10      0.6739699893E-04
0.3972000000E-08      0.3695520000E-05      0.2441020000E-09      0.8516180000E-04
0.5000000000E-08      0.4651930000E-05      0.3282360000E-09      0.1052360000E-03
0.9976000000E-08      0.9283670000E-05      0.8956430000E-09      0.1422520000E-03
0.1990000000E-07      0.1852250000E-04      0.2392340000E-08      0.1863930000E-03
0.3972000000E-07      0.3696080000E-04      0.6278870000E-08      0.2408930000E-03
0.7924000000E-07      0.7376450000E-04      0.1625270000E-07      0.3085620000E-03
0.1581000000E-06      0.1471920000E-03      0.4166770000E-07      0.3417580000E-03
0.1990000000E-06      0.1853370000E-03      0.5453750000E-07      0.3860480000E-03
0.3155000000E-06      0.2937680000E-03      0.1016730000E-06      0.4315500000E-03
0.5000000000E-06      0.4656420000E-03      0.1890530000E-06      0.4889620000E-03
0.6294000000E-06      0.5861890000E-03      0.2577080000E-06      0.5509610000E-03
0.7924000000E-06      0.7382060000E-03      0.3143180000E-06      0.6137740000E-03
0.9976000000E-06      0.9294890000E-03      0.4281610000E-06      0.6540150000E-03
0.1581000000E-05      0.1470000000E-02      0.7939080000E-06      0.7285460000E-03
0.2506000000E-05      0.2340000000E-02      0.1470480000E-05      0.8500470000E-03
0.3972000000E-05      0.3700000000E-02      0.2722510000E-05      0.8906300000E-03
0.5000000000E-05      0.4660000000E-02      0.3533890000E-05      0.9510480000E-03
0.6294000000E-05      0.5870000000E-02      0.4807140000E-05      0.1100000000E-02
0.7924000000E-05      0.7390000000E-02      0.6541010000E-05      0.1180000000E-02
0.9976000000E-05      0.9310000000E-02      0.8894020000E-05      0.1280000000E-02
0.1256000000E-04      0.1172000000E-01      0.1209590000E-04      0.1300000000E-02
0.1581000000E-04      0.1476000000E-01      0.1562230000E-04      0.1320000000E-02
0.1990000000E-04      0.1858000000E-01      0.2124580000E-04      0.1390000000E-02
0.2506000000E-04      0.2340000000E-01      0.2888530000E-04      0.1470000000E-02
0.3155000000E-04      0.2947000000E-01      0.3713020000E-04      0.1550000000E-02
0.3972000000E-04      0.3712000000E-01      0.5048680000E-04      0.1820000000E-02
0.5000000000E-04      0.4674000000E-01      0.6865560000E-04      0.1960000000E-02
0.6294000000E-04      0.5884000000E-01      0.9330920000E-04      0.2110000000E-02
0.7924000000E-04      0.7416000000E-01      0.1268880000E-03      0.2150000000E-02
0.9976000000E-04      0.9334000000E-01      0.1620900000E-03      0.2190000000E-02
0.1105000000E-03      0.1034400000E+00      0.1805020000E-03      0.2220000000E-02
0.1256000000E-03      0.1175700000E+00      0.2053430000E-03      0.2270000000E-02
0.1581000000E-03      0.1480900000E+00      0.2791790000E-03      0.2300000000E-02
0.1990000000E-03      0.1865100000E+00      0.3630010000E-03      0.2350000000E-02
0.2506000000E-03      0.2349200000E+00      0.4704780000E-03      0.2420000000E-02
0.2572000000E-03      0.2411500000E+00      0.4871430000E-03      0.1640000000E-02
0.2670000000E-03      0.2502100000E+00      0.4925360000E-03      0.6323770000E-03
0.3126000000E-03      0.2932300000E+00      0.5213460000E-03      0.6351150000E-03
0.3951000000E-03      0.3707800000E+00      0.5679160000E-03      0.6395500000E-03
0.4759000000E-03      0.4467600000E+00      0.6136960000E-03      0.6456670000E-03
0.5812000000E-03      0.5456200000E+00      0.6758550000E-03      0.6505920000E-03
0.7143000000E-03      0.6709200000E+00      0.7601150000E-03      0.7025890000E-03
0.8786000000E-03      0.8252300000E+00      0.8731850000E-03      0.7646840000E-03
0.1077000000E-02      0.1012500000E+01      0.1020000000E-02      0.8354260000E-03
0.1314000000E-02      0.1235290000E+01      0.1220000000E-02      0.9276850000E-03
0.1748000000E-02      0.1643560000E+01      0.1620000000E-02      0.1000000000E-02
0.2000000000E-02      0.1880850000E+01      0.2000000000E-02      0.1100000000E-02
0.4000000000E-02      0.3764610000E+01      0.4510000000E-02      0.1460000000E-02
0.6000000000E-02      0.5649800000E+01      0.7500000000E-02      0.1680000000E-02
0.8000000000E-02      0.7536070000E+01      0.1086000000E-01      0.1880000000E-02
0.1000000000E-01      0.9423230000E+01      0.1458000000E-01      0.2070000000E-02
0.1200000000E-01      0.1131116000E+02      0.1867000000E-01      0.2280000000E-02
0.1400000000E-01      0.1319982000E+02      0.2318000000E-01      0.2510000000E-02
0.1600000000E-01      0.1508915000E+02      0.2814000000E-01      0.2760000000E-02
0.1800000000E-01      0.1697914000E+02      0.3361000000E-01      0.3040000000E-02
0.2000000000E-01      0.1886976000E+02      0.3965000000E-01      0.3340000000E-02
0.2200000000E-01      0.2076101000E+02      0.4624000000E-01      0.3660000000E-02
0.2400000000E-01      0.2265290000E+02      0.5348000000E-01      0.3990000000E-02
0.2600000000E-01      0.2454541000E+02      0.6133000000E-01      0.4330000000E-02
0.2800000000E-01      0.2643855000E+02      0.6988000000E-01      0.4680000000E-02
0.3000000000E-01      0.2833233000E+02      0.7906000000E-01      0.5030000000E-02
0.3200000000E-01      0.3022674000E+02      0.8895000000E-01      0.5390000000E-02
0.3400000000E-01      0.3212179000E+02      0.9948000000E-01      0.5740000000E-02
0.3600000000E-01      0.3401748000E+02      0.1107200000E+00      0.6090000000E-02
0.3800000000E-01      0.3591381000E+02      0.1225900000E+00      0.6440000000E-02
0.4000000000E-01      0.3781078000E+02      0.1351400000E+00      0.6790000000E-02
0.4200000000E-01      0.3970840000E+02      0.1483400000E+00      0.7110000000E-02
0.4400000000E-01      0.4160666000E+02      0.1621100000E+00      0.7420000000E-02
0.4600000000E-01      0.4350556000E+02      0.1765200000E+00      0.7740000000E-02
0.4800000000E-01      0.4540510000E+02      0.1915000000E+00      0.8040000000E-02
0.5000000000E-01      0.4730528000E+02      0.2070600000E+00      0.8310000000E-02
0.5200000000E-01      0.4920608000E+02      0.2230900000E+00      0.8580000000E-02
0.5400000000E-01      0.5110752000E+02      0.2396900000E+00      0.8870000000E-02
0.5600000000E-01      0.5300958000E+02      0.2568200000E+00      0.9120000000E-02
0.5800000000E-01      0.5491227000E+02      0.2743700000E+00      0.9340000000E-02
0.6000000000E-01      0.5681556000E+02      0.2923800000E+00      0.9690000000E-02
0.6200000000E-01      0.5871946000E+02      0.3101200000E+00      0.1002000000E-01
0.6400000000E-01      0.6062394000E+02      0.3290400000E+00      0.1028000000E-01
0.6600000000E-01      0.6252904000E+02      0.3483400000E+00      0.1069000000E-01
0.6800000000E-01      0.6443473000E+02      0.3679800000E+00      0.1101000000E-01
0.7000000000E-01      0.6634095000E+02      0.3861300000E+00      0.1136000000E-01
0.1100000000E+00      0.1045318507E+03      0.3880201051E+00      0.1455806191E-01
0.1120000000E+00      0.1064397420E+03      0.4168409278E+00      0.1563042560E-01
0.1140000000E+00      0.1083481665E+03      0.4477566446E+00      0.1674398154E-01
0.1160000000E+00      0.1102571521E+03      0.4807818782E+00      0.1776865939E-01
0.1180000000E+00      0.1121667237E+03      0.5157614445E+00      0.1885599329E-01
0.1200000000E+00      0.1140769063E+03      0.5529212270E+00      0.2002808141E-01
0.1220000000E+00      0.1159877272E+03      0.5923916974E+00      0.2125804034E-01
0.1240000000E+00      0.1178992146E+03      0.6342776028E+00      0.2254318695E-01
0.1260000000E+00      0.1198113978E+03      0.6786739012E+00      0.2387102727E-01
0.1280000000E+00      0.1217243061E+03      0.7256715674E+00      0.2524412686E-01
0.1300000000E+00      0.1236379697E+03      0.7753585983E+00      0.2666119976E-01
0.1320000000E+00      0.1255524188E+03      0.8278211426E+00      0.2812130782E-01
0.1340000000E+00      0.1274676842E+03      0.8831440108E+00      0.2962371264E-01
0.1360000000E+00      0.1293837972E+03      0.9414109785E+00      0.3116779633E-01
0.1380000000E+00      0.1313007891E+03      0.1002704975E+01      0.3275301559E-01
0.1400000000E+00      0.1332186917E+03      0.1067108276E+01      0.3438039000E-01
0.1420000000E+00      0.1351375369E+03      0.1134702294E+01      0.3604649007E-01
0.1440000000E+00      0.1370573571E+03      0.1205568048E+01      0.3775230629E-01
0.1460000000E+00      0.1389781846E+03      0.1279785914E+01      0.3949739218E-01
0.1480000000E+00      0.1409000521E+03      0.1357435707E+01      0.4128130232E-01
0.1500000000E+00      0.1428229925E+03      0.1438596684E+01      0.4310358805E-01
0.1520000000E+00      0.1447470389E+03      0.1523347544E+01      0.4496379445E-01
0.1540000000E+00      0.1466722243E+03      0.1611766418E+01      0.4686145819E-01
0.1560000000E+00      0.1485985825E+03      0.1703930662E+01      0.4878638875E-01
0.1580000000E+00      0.1505261463E+03      0.1799917663E+01      0.5075829688E-01
0.1600000000E+00      0.1524549497E+03      0.1899803488E+01      0.5276513717E-01
0.1620000000E+00      0.1543850264E+03      0.2003663901E+01      0.5480746579E-01
0.1640000000E+00      0.1563164101E+03      0.2111573973E+01      0.5688476230E-01
0.1660000000E+00      0.1582491349E+03      0.2223608110E+01      0.5899649405E-01
0.1680000000E+00      0.1601832346E+03      0.2339840033E+01      0.6114211634E-01
0.1700000000E+00      0.1621187433E+03      0.2460342759E+01      0.6332107294E-01
0.1720000000E+00      0.1640556951E+03      0.2585188581E+01      0.6553279530E-01
0.1740000000E+00      0.1659941241E+03      0.2714449050E+01      0.6777670478E-01
0.1760000000E+00      0.1679340645E+03      0.2848194960E+01      0.7005221193E-01
0.1780000000E+00      0.1698755505E+03      0.2986496326E+01      0.7235871737E-01
0.1800000000E+00      0.1718186163E+03      0.3129422371E+01      0.7469561231E-01
0.1820000000E+00      0.1737632958E+03      0.3277041747E+01      0.7706760270E-01
0.1840000000E+00      0.1757096238E+03      0.3429421575E+01      0.7946354607E-01
0.1860000000E+00      0.1776576343E+03      0.3586628842E+01      0.8188800432E-01
0.1880000000E+00      0.1796073613E+03      0.3748729449E+01      0.8434033732E-01
0.1900000000E+00      0.1815588391E+03      0.3915788438E+01      0.8681989902E-01
0.1920000000E+00      0.1835121017E+03      0.4087869976E+01      0.8932606568E-01
0.1940000000E+00      0.1854671832E+03      0.4265037343E+01      0.9185812534E-01
0.1960000000E+00      0.1874241176E+03      0.4447352931E+01      0.9441544546E-01
0.1980000000E+00      0.1893829388E+03      0.4634878228E+01      0.9699736218E-01
0.2000000000E+00      0.1913436807E+03      0.4827673815E+01      0.9960320884E-01
0.2020000000E+00      0.1933063772E+03      0.5025799355E+01      0.1022323166E+00
0.2040000000E+00      0.1952710618E+03      0.5229313594E+01      0.1048840152E+00
0.2060000000E+00      0.1972377683E+03      0.5438274350E+01      0.1075576332E+00
0.2080000000E+00      0.1992065301E+03      0.5652738514E+01      0.1102524992E+00
0.2100000000E+00      0.2011773807E+03      0.5872762044E+01      0.1129679418E+00
0.2120000000E+00      0.2031503535E+03      0.6098399966E+01      0.1157032906E+00
0.2140000000E+00      0.2051254815E+03      0.6329706368E+01      0.1184521516E+00
0.2160000000E+00      0.2071027979E+03      0.6566734405E+01      0.1212251625E+00
0.2180000000E+00      0.2090823357E+03      0.6809536296E+01      0.1240160769E+00
0.2200000000E+00      0.2110641276E+03      0.7058163326E+01      0.1268242329E+00
0.2220000000E+00      0.2130482064E+03      0.7312665847E+01      0.1296489722E+00
0.2240000000E+00      0.2150346046E+03      0.7573093282E+01      0.1324896401E+00
0.2260000000E+00      0.2170233547E+03      0.7839494124E+01      0.1353455864E+00
0.2280000000E+00      0.2190144888E+03      0.8111915946E+01      0.1382161653E+00
0.2300000000E+00      0.2210080391E+03      0.8390405400E+01      0.1411007362E+00
0.2320000000E+00      0.2230040376E+03      0.8675008222E+01      0.1439986639E+00
0.2340000000E+00      0.2250025160E+03      0.8965769241E+01      0.1469093190E+00
0.2360000000E+00      0.2270035060E+03      0.9262732381E+01      0.1498320781E+00
0.2380000000E+00      0.2290070390E+03      0.9565940668E+01      0.1527663241E+00
0.2400000000E+00      0.2310131463E+03      0.9875436237E+01      0.1557114469E+00
0.2420000000E+00      0.2330218591E+03      0.1019126034E+02      0.1586668657E+00
0.2440000000E+00      0.2350332082E+03      0.1051345336E+02      0.1616319387E+00
0.2460000000E+00      0.2370472244E+03      0.1084205479E+02      0.1646061002E+00
0.2480000000E+00      0.2390639384E+03      0.1117710328E+02      0.1675887691E+00
0.2500000000E+00      0.2410833804E+03      0.1151863663E+02      0.1705793723E+00
0.2520000000E+00      0.2431055807E+03      0.1186669178E+02      0.1735773445E+00
0.2540000000E+00      0.2451305690E+03      0.1222130505E+02      0.1765872024E+00
0.2560000000E+00      0.2471583757E+03      0.1258251134E+02      0.1795983294E+00
0.2580000000E+00      0.2491890302E+03      0.1295034531E+02      0.1826151798E+00
0.2600000000E+00      0.2512225619E+03      0.1332484063E+02      0.1856372216E+00
0.2620000000E+00      0.2532590000E+03      0.1370603017E+02      0.1886639318E+00
0.2640000000E+00      0.2552983735E+03      0.1409394602E+02      0.1916947962E+00
0.2660000000E+00      0.2573407114E+03      0.1448861948E+02      0.1947293094E+00
0.2680000000E+00      0.2593860421E+03      0.1489008109E+02      0.1977669748E+00
0.2700000000E+00      0.2614343943E+03      0.1529836063E+02      0.2008073050E+00
0.2720000000E+00      0.2634857960E+03      0.1571348714E+02      0.2038498213E+00
0.2740000000E+00      0.2655402754E+03      0.1613548891E+02      0.2068940541E+00
0.2760000000E+00      0.2675978602E+03      0.1656439354E+02      0.2099311772E+00
0.2780000000E+00      0.2696585781E+03      0.1700022786E+02      0.2129772987E+00
0.2800000000E+00      0.2717224565E+03      0.1744301805E+02      0.2160237814E+00
0.2820000000E+00      0.2737895225E+03      0.1789278955E+02      0.2190701916E+00
0.2840000000E+00      0.2758598032E+03      0.1834956715E+02      0.2221161052E+00
0.2860000000E+00      0.2779333254E+03      0.1881337496E+02      0.2251611067E+00
0.2880000000E+00      0.2800101156E+03      0.1928423640E+02      0.2282047897E+00
0.2900000000E+00      0.2820902002E+03      0.1976217428E+02      0.2312467566E+00
0.2920000000E+00      0.2841736053E+03      0.2024721074E+02      0.2342888401E+00
0.2940000000E+00      0.2862603569E+03      0.2073936730E+02      0.2373262355E+00
0.2960000000E+00      0.2883504809E+03      0.2123866485E+02      0.2403607753E+00
0.2980000000E+00      0.2904440025E+03      0.2174512368E+02      0.2433920969E+00
0.3000000000E+00      0.2925409473E+03      0.2225876346E+02      0.2464198464E+00
0.3020000000E+00      0.2946413404E+03      0.2277960330E+02      0.2494436786E+00
0.3040000000E+00      0.2967452065E+03      0.2330766171E+02      0.2524632565E+00
0.3060000000E+00      0.2988525705E+03      0.2384295663E+02      0.2554782516E+00
0.3080000000E+00      0.3009634569E+03      0.2438550543E+02      0.2584883437E+00
0.3100000000E+00      0.3030778898E+03      0.2493532495E+02      0.2614932206E+00
0.3120000000E+00      0.3051958934E+03      0.2549243148E+02      0.2644925784E+00
0.3140000000E+00      0.3073174916E+03      0.2605684077E+02      0.2674861211E+00
0.3160000000E+00      0.3094427081E+03      0.2662856807E+02      0.2704735606E+00
0.3180000000E+00      0.3115715661E+03      0.2720762811E+02      0.2734600171E+00
0.3200000000E+00      0.3137040892E+03      0.2779403506E+02      0.2764345222E+00
0.3220000000E+00      0.3158403003E+03      0.2838780267E+02      0.2794021057E+00
0.3240000000E+00      0.3179802223E+03      0.2898894418E+02      0.2823625100E+00
0.3260000000E+00      0.3201238778E+03      0.2959747234E+02      0.2853154849E+00
0.3280000000E+00      0.3222712893E+03      0.3021339946E+02      0.2882607875E+00
0.3300000000E+00      0.3244224790E+03      0.3083673735E+02      0.2911981819E+00
0.3320000000E+00      0.3265774689E+03      0.3146749742E+02      0.2941225102E+00
0.3340000000E+00      0.3287362810E+03      0.3210569059E+02      0.2970433442E+00
0.3360000000E+00      0.3308989368E+03      0.3275132738E+02      0.2999556045E+00
0.3380000000E+00      0.3330654579E+03      0.3340441786E+02      0.3028590828E+00
0.3400000000E+00      0.3352358655E+03      0.3406497170E+02      0.3057535775E+00
0.3420000000E+00      0.3374101807E+03      0.3473299816E+02      0.3086388935E+00
0.3440000000E+00      0.3395884242E+03      0.3540850608E+02      0.3115148423E+00
0.3460000000E+00      0.3417706169E+03      0.3609150393E+02      0.3143812413E+00
0.3480000000E+00      0.3439567793E+03      0.3678199977E+02      0.3172379143E+00
0.3500000000E+00      0.3461469315E+03      0.3748000131E+02      0.3200846913E+00
0.3520000000E+00      0.3483410938E+03      0.3818551586E+02      0.3229214080E+00
0.3540000000E+00      0.3505392860E+03      0.3889855038E+02      0.3257479061E+00
0.3560000000E+00      0.3527415278E+03      0.3961911148E+02      0.3285640331E+00
0.3580000000E+00      0.3549478390E+03      0.4034720540E+02      0.3313696420E+00
0.3600000000E+00      0.3571582387E+03      0.4108283807E+02      0.3341645914E+00
0.3620000000E+00      0.3593727462E+03      0.4182601505E+02      0.3369487455E+00
0.3640000000E+00      0.3615913805E+03      0.4257674159E+02      0.3397219735E+00
0.3660000000E+00      0.3638141604E+03      0.4333502261E+02      0.3424841501E+00
0.3680000000E+00      0.3660411045E+03      0.4410086272E+02      0.3452351550E+00
0.3700000000E+00      0.3682722314E+03      0.4487426622E+02      0.3479748731E+00
0.3720000000E+00      0.3705075592E+03      0.4565523710E+02      0.3507031939E+00
0.3740000000E+00      0.3727471061E+03      0.4644377907E+02      0.3534200121E+00
0.3760000000E+00      0.3749908901E+03      0.4723989554E+02      0.3561252268E+00
0.3780000000E+00      0.3772389289E+03      0.4804358963E+02      0.3588187420E+00
0.3800000000E+00      0.3794912401E+03      0.4885486419E+02      0.3615004700E+00
0.3820000000E+00      0.3817478411E+03      0.4967372179E+02      0.3641703161E+00
0.3840000000E+00      0.3840087491E+03      0.5050016475E+02      0.3668282012E+00
0.3860000000E+00      0.3862739813E+03      0.5133419511E+02      0.3694740469E+00
0.3880000000E+00      0.3885435545E+03      0.5217581466E+02      0.3721077789E+00
0.3900000000E+00      0.3908174855E+03      0.5302502495E+02      0.3747293267E+00
0.3920000000E+00      0.3930957908E+03      0.5388182727E+02      0.3773386244E+00
0.3940000000E+00      0.3953784870E+03      0.5474622270E+02      0.3799356094E+00
0.3960000000E+00      0.3976655902E+03      0.5561821205E+02      0.3825202233E+00
0.3980000000E+00      0.3999571166E+03      0.5649779593E+02      0.3850924112E+00
0.4000000000E+00      0.4022530821E+03      0.5738497471E+02      0.3876521221E+00
0.4020000000E+00      0.4045535024E+03      0.5827974855E+02      0.3901993084E+00
0.4040000000E+00      0.4068583933E+03      0.5918211740E+02      0.3927339260E+00
0.4060000000E+00      0.4091677701E+03      0.6009208099E+02      0.3952559342E+00
0.4080000000E+00      0.4114816481E+03      0.6100963886E+02      0.3977652957E+00
0.4100000000E+00      0.4138000426E+03      0.6193479033E+02      0.4002619763E+00
0.4120000000E+00      0.4161229685E+03      0.6286753456E+02      0.4027459453E+00
0.4140000000E+00      0.4184504408E+03      0.6380787050E+02      0.4052171747E+00
0.4160000000E+00      0.4207824740E+03      0.6475579690E+02      0.4076756398E+00
0.4180000000E+00      0.4231190828E+03      0.6571131236E+02      0.4101213187E+00
0.4200000000E+00      0.4254602816E+03      0.6667441529E+02      0.4125541925E+00
0.4220000000E+00      0.4278060847E+03      0.6764510392E+02      0.4149742449E+00
0.4240000000E+00      0.4301565061E+03      0.6862337633E+02      0.4173814627E+00
0.4260000000E+00      0.4325115599E+03      0.6960923041E+02      0.4197758349E+00
0.4280000000E+00      0.4348712599E+03      0.7060266392E+02      0.4221573536E+00
0.4300000000E+00      0.4372356198E+03      0.7160367446E+02      0.4245260130E+00
0.4320000000E+00      0.4396046532E+03      0.7261225945E+02      0.4268818100E+00
0.4340000000E+00      0.4419783735E+03      0.7362841619E+02      0.4292247438E+00
0.4360000000E+00      0.4443567939E+03      0.7465214183E+02      0.4315548161E+00
0.4380000000E+00      0.4467399277E+03      0.7568343337E+02      0.4338720307E+00
0.4400000000E+00      0.4491277878E+03      0.7672228770E+02      0.4361763937E+00
0.4420000000E+00      0.4515203872E+03      0.7776870154E+02      0.4384679133E+00
0.4440000000E+00      0.4539177386E+03      0.7882267151E+02      0.4407465999E+00
0.4460000000E+00      0.4563198545E+03      0.7988419408E+02      0.4430124658E+00
0.4480000000E+00      0.4587267476E+03      0.8095326563E+02      0.4452655254E+00
0.4500000000E+00      0.4611384302E+03      0.8202988239E+02      0.4475057949E+00
0.4520000000E+00      0.4635549145E+03      0.8311404048E+02      0.4497332926E+00
0.4540000000E+00      0.4659762126E+03      0.8420573593E+02      0.4519480383E+00
0.4560000000E+00      0.4684023365E+03      0.8530496463E+02      0.4541500537E+00
0.4580000000E+00      0.4708332981E+03      0.8641172238E+02      0.4563393623E+00
0.4600000000E+00      0.4732691091E+03      0.8752600488E+02      0.4585159892E+00
0.4620000000E+00      0.4757097812E+03      0.8864780771E+02      0.4606799610E+00
0.4640000000E+00      0.4781553258E+03      0.8977712639E+02      0.4628313060E+00
0.4660000000E+00      0.4806057544E+03      0.9091395630E+02      0.4649700604E+00
0.4680000000E+00      0.4830610782E+03      0.9205829276E+02      0.4670962424E+00
0.4700000000E+00      0.4855213083E+03      0.9321013100E+02      0.4692098913E+00
0.4720000000E+00      0.4879864558E+03      0.9436946614E+02      0.4713110408E+00
0.4740000000E+00      0.4904565316E+03      0.9553629325E+02      0.4733997264E+00
0.4760000000E+00      0.4929315465E+03      0.9671060729E+02      0.4754759845E+00
0.4780000000E+00      0.4954115112E+03      0.9789240316E+02      0.4775398531E+00
0.4800000000E+00      0.4978964363E+03      0.9908167568E+02      0.4795913711E+00
0.4820000000E+00      0.5003863323E+03      0.1002784196E+03      0.4816305787E+00
0.4840000000E+00      0.5028812095E+03      0.1014826296E+03      0.4836575172E+00
0.4860000000E+00      0.5053810782E+03      0.1026943002E+03      0.4856722288E+00
0.4880000000E+00      0.5078859485E+03      0.1039134261E+03      0.4876747570E+00
0.4900000000E+00      0.5103958305E+03      0.1051400017E+03      0.4896651461E+00
0.4920000000E+00      0.5129107341E+03      0.1063740214E+03      0.4916434413E+00
0.4940000000E+00      0.5154306691E+03      0.1076154795E+03      0.4936096890E+00
0.4960000000E+00      0.5179556454E+03      0.1088643705E+03      0.4955639362E+00
0.4980000000E+00      0.5204856725E+03      0.1101206884E+03      0.4975062309E+00
0.5000000000E+00      0.5230207599E+03      0.1113844276E+03      0.4994366218E+00
0.5020000000E+00      0.5255609171E+03      0.1126555821E+03      0.5013551585E+00
0.5040000000E+00      0.5281061534E+03      0.1139341461E+03      0.5032618913E+00
0.5060000000E+00      0.5306564781E+03      0.1152201135E+03      0.5051568711E+00
0.5080000000E+00      0.5332119002E+03      0.1165134785E+03      0.5070401497E+00
0.5100000000E+00      0.5357724289E+03      0.1178142349E+03      0.5089117793E+00
0.5120000000E+00      0.5383380731E+03      0.1191223767E+03      0.5107718130E+00
0.5140000000E+00      0.5409088416E+03      0.1204378977E+03      0.5126203042E+00
0.5160000000E+00      0.5434847433E+03      0.1217607919E+03      0.5144573071E+00
0.5180000000E+00      0.5460657866E+03      0.1230910529E+03      0.5162828763E+00
0.5200000000E+00      0.5486519804E+03      0.1244286746E+03      0.5180970669E+00
0.5220000000E+00      0.5512433330E+03      0.1257736507E+03      0.5198999347E+00
0.5240000000E+00      0.5538398528E+03      0.1271259750E+03      0.5216915356E+00
0.5260000000E+00      0.5564415481E+03      0.1284856410E+03      0.5234719261E+00
0.5280000000E+00      0.5590484273E+03      0.1298526425E+03      0.5252411633E+00
0.5300000000E+00      0.5616604983E+03      0.1312269731E+03      0.5269993044E+00
0.5320000000E+00      0.5642777694E+03      0.1326086263E+03      0.5287464071E+00
0.5340000000E+00      0.5669002483E+03      0.1339975958E+03      0.5304825293E+00
0.5360000000E+00      0.5695279431E+03      0.1353938751E+03      0.5322077293E+00
0.5380000000E+00      0.5721608615E+03      0.1367974577E+03      0.5339220659E+00
0.5400000000E+00      0.5747990112E+03      0.1382083372E+03      0.5356255977E+00
0.5420000000E+00      0.5774423999E+03      0.1396265070E+03      0.5373183839E+00
0.5440000000E+00      0.5800910352E+03      0.1410519606E+03      0.5390004839E+00
0.5460000000E+00      0.5827449244E+03      0.1424846916E+03      0.5406719572E+00
0.5480000000E+00      0.5854040751E+03      0.1439246932E+03      0.5423328636E+00
0.5500000000E+00      0.5880684945E+03      0.1453719590E+03      0.5439832629E+00
0.5520000000E+00      0.5907381899E+03      0.1468264825E+03      0.5456232153E+00
0.5540000000E+00      0.5934131684E+03      0.1482882569E+03      0.5472527809E+00
0.5560000000E+00      0.5960934372E+03      0.1497572757E+03      0.5488720200E+00
0.5580000000E+00      0.5987790032E+03      0.1512335324E+03      0.5504809932E+00
0.5600000000E+00      0.6014698734E+03      0.1527170202E+03      0.5520797608E+00
0.5620000000E+00      0.6041660547E+03      0.1542077326E+03      0.5536683835E+00
0.5640000000E+00      0.6068675539E+03      0.1557056630E+03      0.5552469219E+00
0.5660000000E+00      0.6095743776E+03      0.1572108046E+03      0.5568154366E+00
0.5680000000E+00      0.6122865326E+03      0.1587231509E+03      0.5583739885E+00
0.5700000000E+00      0.6150040255E+03      0.1602426953E+03      0.5599226438E+00
0.5720000000E+00      0.6177268627E+03      0.1617694311E+03      0.5614614519E+00
0.5740000000E+00      0.6204550507E+03      0.1633033516E+03      0.5629904794E+00
0.5760000000E+00      0.6231885958E+03      0.1648444503E+03      0.5645097867E+00
0.5780000000E+00      0.6259275045E+03      0.1663927204E+03      0.5660194345E+00
0.5800000000E+00      0.6286717828E+03      0.1679481554E+03      0.5675194835E+00
0.5820000000E+00      0.6314214371E+03      0.1695107486E+03      0.5690099942E+00
0.5840000000E+00      0.6341764734E+03      0.1710804933E+03      0.5704910271E+00
0.5860000000E+00      0.6369368978E+03      0.1726573830E+03      0.5719626424E+00
0.5880000000E+00      0.6397027162E+03      0.1742414110E+03      0.5734249005E+00
0.5900000000E+00      0.6424739346E+03      0.1758325707E+03      0.5748778617E+00
0.5920000000E+00      0.6452505589E+03      0.1774308554E+03      0.5763215858E+00
0.5940000000E+00      0.6480325948E+03      0.1790362586E+03      0.5777561330E+00
0.5960000000E+00      0.6508200480E+03      0.1806487737E+03      0.5791815629E+00
0.5980000000E+00      0.6536129243E+03      0.1822683941E+03      0.5805979354E+00
0.6000000000E+00      0.6564112292E+03      0.1838951131E+03      0.5820053098E+00
0.6020000000E+00      0.6592149684E+03      0.1855289243E+03      0.5834037456E+00
0.6040000000E+00      0.6620241473E+03      0.1871698210E+03      0.5847933020E+00
0.6060000000E+00      0.6648387713E+03      0.1888177966E+03      0.5861740380E+00
0.6080000000E+00      0.6676588459E+03      0.1904728447E+03      0.5875460124E+00
0.6100000000E+00      0.6704843763E+03      0.1921349587E+03      0.5889092840E+00
0.6120000000E+00      0.6733153679E+03      0.1938041321E+03      0.5902639112E+00
0.6140000000E+00      0.6761518258E+03      0.1954803583E+03      0.5916099523E+00
0.6160000000E+00      0.6789937551E+03      0.1971636309E+03      0.5929474653E+00
0.6180000000E+00      0.6818411611E+03      0.1988539434E+03      0.5942765082E+00
0.6200000000E+00      0.6846940488E+03      0.2005512892E+03      0.5955971385E+00
0.6220000000E+00      0.6875524230E+03      0.2022556620E+03      0.5969094137E+00
0.6240000000E+00      0.6904162889E+03      0.2039670553E+03      0.5982133909E+00
0.6260000000E+00      0.6932856512E+03      0.2056854627E+03      0.5995091273E+00
0.6280000000E+00      0.6961605149E+03      0.2074108777E+03      0.6007966793E+00
0.6300000000E+00      0.6990408846E+03      0.2091432939E+03      0.6020761037E+00
0.6320000000E+00      0.7019267652E+03      0.2108827050E+03      0.6033474565E+00
0.6340000000E+00      0.7048181613E+03      0.2126291046E+03      0.6046107937E+00
0.6360000000E+00      0.7077150775E+03      0.2143824863E+03      0.6058661712E+00
0.6380000000E+00      0.7106175185E+03      0.2161428439E+03      0.6071136443E+00
0.6400000000E+00      0.7135254888E+03      0.2179101709E+03      0.6083532683E+00
0.6420000000E+00      0.7164389929E+03      0.2196844611E+03      0.6095850982E+00
0.6440000000E+00      0.7193580352E+03      0.2214657082E+03      0.6108091885E+00
0.6460000000E+00      0.7222826201E+03      0.2232539059E+03      0.6120255938E+00
0.6480000000E+00      0.7252127520E+03      0.2250490481E+03      0.6132343680E+00
0.6500000000E+00      0.7281484351E+03      0.2268511284E+03      0.6144355652E+00
0.6520000000E+00      0.7310896738E+03      0.2286601406E+03      0.6156292389E+00
0.6540000000E+00      0.7340364722E+03      0.2304760786E+03      0.6168154423E+00
0.6560000000E+00      0.7369888345E+03      0.2322989362E+03      0.6179942284E+00
0.6580000000E+00      0.7399467648E+03      0.2341287072E+03      0.6191656501E+00
0.6600000000E+00      0.7429102673E+03      0.2359653856E+03      0.6203297597E+00
0.6620000000E+00      0.7458793459E+03      0.2378089651E+03      0.6214866093E+00
0.6640000000E+00      0.7488540046E+03      0.2396594398E+03      0.6226362509E+00
0.6660000000E+00      0.7518342474E+03      0.2415168035E+03      0.6237787359E+00
0.6680000000E+00      0.7548200783E+03      0.2433810501E+03      0.6249141156E+00
0.6700000000E+00      0.7578115010E+03      0.2452521737E+03      0.6260424410E+00
0.6720000000E+00      0.7608085194E+03      0.2471301683E+03      0.6271637628E+00
0.6740000000E+00      0.7638111373E+03      0.2490150278E+03      0.6282781312E+00
0.6760000000E+00      0.7668193584E+03      0.2509067464E+03      0.6293855965E+00
0.6780000000E+00      0.7698331865E+03      0.2528053179E+03      0.6304862083E+00
0.6800000000E+00      0.7728526251E+03      0.2547107366E+03      0.6315800161E+00
0.6820000000E+00      0.7758776780E+03      0.2566229966E+03      0.6326670690E+00
0.6840000000E+00      0.7789083487E+03      0.2585420918E+03      0.6337474160E+00
0.6860000000E+00      0.7819446408E+03      0.2604680166E+03      0.6348211055E+00
0.6880000000E+00      0.7849865578E+03      0.2624007650E+03      0.6358881859E+00
0.6900000000E+00      0.7880341032E+03      0.2643403312E+03      0.6369487050E+00
0.6920000000E+00      0.7910872803E+03      0.2662867095E+03      0.6380027105E+00
0.6940000000E+00      0.7941460927E+03      0.2682398940E+03      0.6390502497E+00
0.6960000000E+00      0.7972105436E+03      0.2701998791E+03      0.6400913734E+00
0.6980000000E+00      0.8002806364E+03      0.2721666590E+03      0.6411261208E+00
0.7000000000E+00      0.8033563745E+03      0.2741402280E+03      0.6421545421E+00
0.7020000000E+00      0.8064377610E+03      0.2761205804E+03      0.6431766834E+00
0.7040000000E+00      0.8095247991E+03      0.2781077106E+03      0.6441925905E+00
0.7060000000E+00      0.8126174922E+03      0.2801016129E+03      0.6452023089E+00
0.7080000000E+00      0.8157158433E+03      0.2821022817E+03      0.6462058838E+00
0.7100000000E+00      0.8188198555E+03      0.2841097115E+03      0.6472033601E+00
0.7120000000E+00      0.8219295320E+03      0.2861238966E+03      0.6481947824E+00
0.7140000000E+00      0.8250448758E+03      0.2881448316E+03      0.6491801950E+00
0.7160000000E+00      0.8281658899E+03      0.2901725108E+03      0.6501596418E+00
0.7180000000E+00      0.8312925773E+03      0.2922069289E+03      0.6511331665E+00
0.7200000000E+00      0.8344249410E+03      0.2942480804E+03      0.6521008125E+00
0.7220000000E+00      0.8375629840E+03      0.2962959597E+03      0.6530626229E+00
0.7240000000E+00      0.8407067090E+03      0.2983505615E+03      0.6540186405E+00
0.7260000000E+00      0.8438561190E+03      0.3004118803E+03      0.6549689078E+00
0.7280000000E+00      0.8470112168E+03      0.3024799108E+03      0.6559134668E+00
0.7300000000E+00      0.8501720053E+03      0.3045546477E+03      0.6568523596E+00
0.7320000000E+00      0.8533384871E+03      0.3066360856E+03      0.6577856276E+00
0.7340000000E+00      0.8565106650E+03      0.3087242191E+03      0.6587133122E+00
0.7360000000E+00      0.8596885418E+03      0.3108190431E+03      0.6596354544E+00
0.7380000000E+00      0.8628721202E+03      0.3129205521E+03      0.6605520949E+00
0.7400000000E+00      0.8660614027E+03      0.3150287411E+03      0.6614632741E+00
0.7420000000E+00      0.8692563921E+03      0.3171436047E+03      0.6623690320E+00
0.7440000000E+00      0.8724570909E+03      0.3192651379E+03      0.6632694087E+00
0.7460000000E+00      0.8756635017E+03      0.3213933353E+03      0.6641644434E+00
0.7480000000E+00      0.8788756271E+03      0.3235281919E+03      0.6650541757E+00
0.7500000000E+00      0.8820934695E+03      0.3256697026E+03      0.6659386443E+00
0.7520000000E+00      0.8853170315E+03      0.3278178622E+03      0.6668178879E+00
0.7540000000E+00      0.8885463155E+03      0.3299726656E+03      0.6676919451E+00
0.7560000000E+00      0.8917813240E+03      0.3321341079E+03      0.6685608538E+00
0.7580000000E+00      0.8950220593E+03      0.3343021839E+03      0.6694246519E+00
0.7600000000E+00      0.8982685239E+03      0.3364768888E+03      0.6702833769E+00
0.7620000000E+00      0.9015207202E+03      0.3386582174E+03      0.6711370662E+00
0.7640000000E+00      0.9047786504E+03      0.3408461648E+03      0.6719857567E+00
0.7660000000E+00      0.9080423168E+03      0.3430407261E+03      0.6728294852E+00
0.7680000000E+00      0.9113117218E+03      0.3452418964E+03      0.6736682880E+00
0.7700000000E+00      0.9145868677E+03      0.3474496707E+03      0.6745022013E+00
0.7720000000E+00      0.9178677565E+03      0.3496640443E+03      0.6753312611E+00
0.7740000000E+00      0.9211543907E+03      0.3518850122E+03      0.6761555029E+00
0.7760000000E+00      0.9244467723E+03      0.3541125696E+03      0.6769749622E+00
0.7780000000E+00      0.9277449035E+03      0.3563467118E+03      0.6777896740E+00
0.7800000000E+00      0.9310487864E+03      0.3585874339E+03      0.6785996731E+00
0.7820000000E+00      0.9343584232E+03      0.3608347312E+03      0.6794049941E+00
0.7840000000E+00      0.9376738160E+03      0.3630885990E+03      0.6802056713E+00
0.7860000000E+00      0.9409949669E+03      0.3653490326E+03      0.6810017387E+00
0.7880000000E+00      0.9443218778E+03      0.3676160271E+03      0.6817932301E+00
0.7900000000E+00      0.9476545508E+03      0.3698895781E+03      0.6825801791E+00
0.7920000000E+00      0.9509929879E+03      0.3721696809E+03      0.6833626188E+00
0.7940000000E+00      0.9543371912E+03      0.3744563307E+03      0.6841405822E+00
0.7960000000E+00      0.9576871625E+03      0.3767495231E+03      0.6849141022E+00
0.7980000000E+00      0.9610429038E+03      0.3790492535E+03      0.6856832112E+00
0.8000000000E+00      0.9644044171E+03      0.3813555172E+03      0.6864479415E+00
0.8020000000E+00      0.9677717041E+03      0.3836683098E+03      0.6872083251E+00
0.8040000000E+00      0.9711447669E+03      0.3859876267E+03      0.6879643937E+00
0.8060000000E+00      0.9745236072E+03      0.3883134636E+03      0.6887161788E+00
0.8080000000E+00      0.9779082269E+03      0.3906458158E+03      0.6894637117E+00
0.8100000000E+00      0.9812986278E+03      0.3929846789E+03      0.6902070233E+00
0.8120000000E+00      0.9846948117E+03      0.3953300486E+03      0.6909461446E+00
0.8140000000E+00      0.9880967804E+03      0.3976819204E+03      0.6916811060E+00
0.8160000000E+00      0.9915045356E+03      0.4000402900E+03      0.6924119378E+00
0.8180000000E+00      0.9949180792E+03      0.4024051529E+03      0.6931386700E+00
0.8200000000E+00      0.9983374127E+03      0.4047765049E+03      0.6938613326E+00
0.8220000000E+00      0.1001762538E+04      0.4071543416E+03      0.6945799551E+00
0.8240000000E+00      0.1005193456E+04      0.4095386588E+03      0.6952945668E+00
0.8260000000E+00      0.1008630170E+04      0.4119294521E+03      0.6960051970E+00
0.8280000000E+00      0.1012072680E+04      0.4143267173E+03      0.6967118744E+00
0.8300000000E+00      0.1015520989E+04      0.4167304503E+03      0.6974146279E+00
0.8320000000E+00      0.1018975097E+04      0.4191406466E+03      0.6981134857E+00
0.8340000000E+00      0.1022435007E+04      0.4215573023E+03      0.6988084763E+00
0.8360000000E+00      0.1025900721E+04      0.4239804131E+03      0.6994996275E+00
0.8380000000E+00      0.1029372238E+04      0.4264099748E+03      0.7001869671E+00
0.8400000000E+00      0.1032849562E+04      0.4288459834E+03      0.7008705228E+00
0.8420000000E+00      0.1036332694E+04      0.4312884348E+03      0.7015503219E+00
0.8440000000E+00      0.1039821635E+04      0.4337373247E+03      0.7022263915E+00
0.8460000000E+00      0.1043316386E+04      0.4361926493E+03      0.7028987585E+00
0.8480000000E+00      0.1046816950E+04      0.4386544044E+03      0.7035674497E+00
0.8500000000E+00      0.1050323327E+04      0.4411225860E+03      0.7042324915E+00
0.8520000000E+00      0.1053835519E+04      0.4435971901E+03      0.7048939103E+00
0.8540000000E+00      0.1057353528E+04      0.4460782128E+03      0.7055517320E+00
0.8560000000E+00      0.1060877354E+04      0.4485656500E+03      0.7062059827E+00
0.8580000000E+00      0.1064407000E+04      0.4510594978E+03      0.7068566879E+00
0.8600000000E+00      0.1067942467E+04      0.4535597524E+03      0.7075038731E+00
0.8620000000E+00      0.1071483755E+04      0.4560664097E+03      0.7081475656E+00
0.8640000000E+00      0.1075030867E+04      0.4585794659E+03      0.7087877865E+00
0.8660000000E+00      0.1078583803E+04      0.4610989172E+03      0.7094245626E+00
0.8680000000E+00      0.1082142566E+04      0.4636247597E+03      0.7100579185E+00
0.8700000000E+00      0.1085707156E+04      0.4661569895E+03      0.7106878788E+00
0.8720000000E+00      0.1089277574E+04      0.4686956030E+03      0.7113144678E+00
0.8740000000E+00      0.1092853822E+04      0.4712405962E+03      0.7119377094E+00
0.8760000000E+00      0.1096435901E+04      0.4737919654E+03      0.7125576277E+00
0.8780000000E+00      0.1100023813E+04      0.4763497068E+03      0.7131742462E+00
0.8800000000E+00      0.1103617558E+04      0.4789138169E+03      0.7137875886E+00
0.8820000000E+00      0.1107217137E+04      0.4814842917E+03      0.7143976782E+00
0.8840000000E+00      0.1110822553E+04      0.4840611277E+03      0.7150045381E+00
0.8860000000E+00      0.1114433806E+04      0.4866443211E+03      0.7156081912E+00
0.8880000000E+00      0.1118050897E+04      0.4892338684E+03      0.7162086603E+00
0.8900000000E+00      0.1121673828E+04      0.4918297658E+03      0.7168059681E+00
0.8920000000E+00      0.1125302599E+04      0.4944320098E+03      0.7174001369E+00
0.8940000000E+00      0.1128937212E+04      0.4970405967E+03      0.7179911890E+00
0.8960000000E+00      0.1132577668E+04      0.4996555231E+03      0.7185791464E+00
0.8980000000E+00      0.1136223968E+04      0.5022767852E+03      0.7191640311E+00
0.9000000000E+00      0.1139876113E+04      0.5049043796E+03      0.7197458647E+00
0.9020000000E+00      0.1143534104E+04      0.5075383028E+03      0.7203246688E+00
0.9040000000E+00      0.1147197942E+04      0.5101785513E+03      0.7209004647E+00
0.9060000000E+00      0.1150867628E+04      0.5128251214E+03      0.7214732736E+00
0.9080000000E+00      0.1154543164E+04      0.5154780099E+03      0.7220431166E+00
0.9100000000E+00      0.1158224550E+04      0.5181372132E+03      0.7226100145E+00
0.9120000000E+00      0.1161911788E+04      0.5208027279E+03      0.7231739881E+00
0.9140000000E+00      0.1165604877E+04      0.5234745506E+03      0.7237350577E+00
0.9160000000E+00      0.1169303820E+04      0.5261526779E+03      0.7242932439E+00
0.9180000000E+00      0.1173008618E+04      0.5288371064E+03      0.7248485668E+00
0.9200000000E+00      0.1176719271E+04      0.5315278327E+03      0.7254010464E+00
0.9220000000E+00      0.1180435780E+04      0.5342248535E+03      0.7259507027E+00
0.9240000000E+00      0.1184158146E+04      0.5369281654E+03      0.7264975553E+00
0.9260000000E+00      0.1187886370E+04      0.5396377652E+03      0.7270416239E+00
0.9280000000E+00      0.1191620453E+04      0.5423536496E+03      0.7275829278E+00
0.9300000000E+00      0.1195360397E+04      0.5450758152E+03      0.7281214863E+00
0.9320000000E+00      0.1199106201E+04      0.5478042589E+03      0.7286573186E+00
0.9340000000E+00      0.1202857867E+04      0.5505389772E+03      0.7291904434E+00
0.9360000000E+00      0.1206615395E+04      0.5532799672E+03      0.7297208797E+00
0.9380000000E+00      0.1210378787E+04      0.5560272254E+03      0.7302486462E+00
0.9400000000E+00      0.1214148044E+04      0.5587807488E+03      0.7307737612E+00
0.9420000000E+00      0.1217923165E+04      0.5615405341E+03      0.7312962433E+00
0.9440000000E+00      0.1221704153E+04      0.5643065782E+03      0.7318161105E+00
0.9460000000E+00      0.1225491008E+04      0.5670788780E+03      0.7323333809E+00
0.9480000000E+00      0.1229283730E+04      0.5698574302E+03      0.7328480726E+00
0.9500000000E+00      0.1233082321E+04      0.5726422319E+03      0.7333602032E+00
0.9520000000E+00      0.1236886781E+04      0.5754332798E+03      0.7338697904E+00
0.9540000000E+00      0.1240697111E+04      0.5782305710E+03      0.7343768517E+00
0.9560000000E+00      0.1244513312E+04      0.5810341023E+03      0.7348814045E+00
0.9580000000E+00      0.1248335385E+04      0.5838438707E+03      0.7353834659E+00
0.9600000000E+00      0.1252163331E+04      0.5866598732E+03      0.7358830532E+00
0.9620000000E+00      0.1255997149E+04      0.5894821067E+03      0.7363801831E+00
0.9640000000E+00      0.1259836841E+04      0.5923105683E+03      0.7368748726E+00
0.9660000000E+00      0.1263682408E+04      0.5951452549E+03      0.7373671384E+00
0.9680000000E+00      0.1267533850E+04      0.5979861637E+03      0.7378569969E+00
0.9700000000E+00      0.1271391169E+04      0.6008332915E+03      0.7383444646E+00
0.9720000000E+00      0.1275254364E+04      0.6036866355E+03      0.7388295578E+00
0.9740000000E+00      0.1279123436E+04      0.6065461929E+03      0.7393122927E+00
0.9760000000E+00      0.1282998387E+04      0.6094119605E+03      0.7397926853E+00
0.9780000000E+00      0.1286879217E+04      0.6122839356E+03      0.7402707515E+00
0.9800000000E+00      0.1290765926E+04      0.6151621153E+03      0.7407465071E+00
0.9820000000E+00      0.1294658515E+04      0.6180464967E+03      0.7412199677E+00
0.9840000000E+00      0.1298556985E+04      0.6209370769E+03      0.7416911489E+00
0.9860000000E+00      0.1302461337E+04      0.6238338532E+03      0.7421600661E+00
0.9880000000E+00      0.1306371570E+04      0.6267368227E+03      0.7426267346E+00
0.9900000000E+00      0.1310287687E+04      0.6296459826E+03      0.7430911696E+00
0.9920000000E+00      0.1314209686E+04      0.6325613300E+03      0.7435533860E+00
0.9940000000E+00      0.1318137570E+04      0.6354828623E+03      0.7440133989E+00
0.9960000000E+00      0.1322071338E+04      0.6384105766E+03      0.7444712231E+00
0.9980000000E+00      0.1326010992E+04      0.6413444703E+03      0.7449268733E+00
0.1000000000E+01      0.1329956531E+04      0.6442845405E+03      0.7453803639E+00
0.1002000000E+01      0.1333907956E+04      0.6472307846E+03      0.7458317096E+00
0.1004000000E+01      0.1337865268E+04      0.6501831998E+03      0.7462809247E+00
0.1006000000E+01      0.1341828468E+04      0.6531417835E+03      0.7467280234E+00
0.1008000000E+01      0.1345797556E+04      0.6561065329E+03      0.7471730198E+00
0.1010000000E+01      0.1349772532E+04      0.6590774455E+03      0.7476159280E+00
0.1012000000E+01      0.1353753397E+04      0.6620545185E+03      0.7480567618E+00
0.1014000000E+01      0.1357740152E+04      0.6650377493E+03      0.7484955351E+00
0.1016000000E+01      0.1361732798E+04      0.6680271353E+03      0.7489322616E+00
0.1018000000E+01      0.1365731333E+04      0.6710226739E+03      0.7493669549E+00
0.1020000000E+01      0.1369735761E+04      0.6740243624E+03      0.7497996284E+00
0.1022000000E+01      0.1373746079E+04      0.6770321984E+03      0.7502302954E+00
0.1024000000E+01      0.1377762290E+04      0.6800461792E+03      0.7506589694E+00
0.1026000000E+01      0.1381784394E+04      0.6830663022E+03      0.7510856634E+00
0.1028000000E+01      0.1385812390E+04      0.6860925650E+03      0.7515103906E+00
0.1030000000E+01      0.1389846281E+04      0.6891249650E+03      0.7519331638E+00
0.1032000000E+01      0.1393886065E+04      0.6921634997E+03      0.7523539960E+00
0.1034000000E+01      0.1397931744E+04      0.6952081665E+03      0.7527728998E+00
0.1036000000E+01      0.1401983319E+04      0.6982589630E+03      0.7531898880E+00
0.1038000000E+01      0.1406040788E+04      0.7013158867E+03      0.7536049731E+00
0.1040000000E+01      0.1410104154E+04      0.7043789351E+03      0.7540181676E+00
0.1042000000E+01      0.1414173416E+04      0.7074481058E+03      0.7544294839E+00
0.1044000000E+01      0.1418248574E+04      0.7105233963E+03      0.7548389342E+00
0.1046000000E+01      0.1422329630E+04      0.7136048043E+03      0.7552465307E+00
0.1048000000E+01      0.1426416584E+04      0.7166923272E+03      0.7556522855E+00
0.1050000000E+01      0.1430509435E+04      0.7197859627E+03      0.7560562106E+00
0.1052000000E+01      0.1434608185E+04      0.7228857084E+03      0.7564583179E+00
0.1054000000E+01      0.1438712834E+04      0.7259915619E+03      0.7568586191E+00
0.1056000000E+01      0.1442823382E+04      0.7291035209E+03      0.7572571261E+00
0.1058000000E+01      0.1446939830E+04      0.7322215829E+03      0.7576538504E+00
0.1060000000E+01      0.1451062178E+04      0.7353457457E+03      0.7580488035E+00
0.1062000000E+01      0.1455190426E+04      0.7384760069E+03      0.7584419969E+00
0.1064000000E+01      0.1459324575E+04      0.7416123642E+03      0.7588334420E+00
0.1066000000E+01      0.1463464625E+04      0.7447548153E+03      0.7592231500E+00
0.1068000000E+01      0.1467610577E+04      0.7479033579E+03      0.7596111321E+00
0.1070000000E+01      0.1471762431E+04      0.7510579897E+03      0.7599973994E+00
0.1072000000E+01      0.1475920186E+04      0.7542187084E+03      0.7603819629E+00
0.1074000000E+01      0.1480083844E+04      0.7573855118E+03      0.7607648335E+00
0.1076000000E+01      0.1484253406E+04      0.7605583976E+03      0.7611460222E+00
0.1078000000E+01      0.1488428870E+04      0.7637373636E+03      0.7615255395E+00
0.1080000000E+01      0.1492610238E+04      0.7669224076E+03      0.7619033973E+00
0.1082000000E+01      0.1496797509E+04      0.7701135273E+03      0.7622796041E+00
0.1084000000E+01      0.1500990685E+04      0.7733107205E+03      0.7626541714E+00
0.1086000000E+01      0.1505189766E+04      0.7765139851E+03      0.7630271097E+00
0.1088000000E+01      0.1509394751E+04      0.7797233189E+03      0.7633984293E+00
0.1090000000E+01      0.1513605641E+04      0.7829387196E+03      0.7637681404E+00
0.1092000000E+01      0.1517822437E+04      0.7861601852E+03      0.7641362534E+00
0.1094000000E+01      0.1522045138E+04      0.7893877135E+03      0.7645027782E+00
0.1096000000E+01      0.1526273745E+04      0.7926213024E+03      0.7648677250E+00
0.1098000000E+01      0.1530508259E+04      0.7958609496E+03      0.7652311037E+00
0.1100000000E+01      0.1534748679E+04      0.7991066532E+03      0.7655929241E+00
0.1102000000E+01      0.1538995005E+04      0.8023584110E+03      0.7659531962E+00
0.1104000000E+01      0.1543247239E+04      0.8056162209E+03      0.7663119296E+00
0.1106000000E+01      0.1547505380E+04      0.8088800808E+03      0.7666691340E+00
0.1108000000E+01      0.1551769429E+04      0.8121499887E+03      0.7670248190E+00
0.1110000000E+01      0.1556039385E+04      0.8154259424E+03      0.7673789941E+00
0.1112000000E+01      0.1560315250E+04      0.8187079400E+03      0.7677316688E+00
0.1114000000E+01      0.1564597023E+04      0.8219959794E+03      0.7680828525E+00
0.1116000000E+01      0.1568884704E+04      0.8252900586E+03      0.7684325543E+00
0.1118000000E+01      0.1573178295E+04      0.8285901755E+03      0.7687807837E+00
0.1120000000E+01      0.1577477794E+04      0.8318963281E+03      0.7691275496E+00
0.1122000000E+01      0.1581783202E+04      0.8352085144E+03      0.7694728614E+00
0.1124000000E+01      0.1586094520E+04      0.8385267325E+03      0.7698167278E+00
0.1126000000E+01      0.1590411748E+04      0.8418509804E+03      0.7701591580E+00
0.1128000000E+01      0.1594734885E+04      0.8451812560E+03      0.7705001609E+00
0.1130000000E+01      0.1599063933E+04      0.8485175575E+03      0.7708397451E+00
0.1132000000E+01      0.1603398890E+04      0.8518598828E+03      0.7711779195E+00
0.1134000000E+01      0.1607739759E+04      0.8552082301E+03      0.7715146928E+00
0.1136000000E+01      0.1612086538E+04      0.8585625974E+03      0.7718500737E+00
0.1138000000E+01      0.1616439228E+04      0.8619229828E+03      0.7721840706E+00
0.1140000000E+01      0.1620797828E+04      0.8652893843E+03      0.7725166920E+00
0.1142000000E+01      0.1625162341E+04      0.8686618001E+03      0.7728479465E+00
0.1144000000E+01      0.1629532764E+04      0.8720402282E+03      0.7731778424E+00
0.1146000000E+01      0.1633909099E+04      0.8754246669E+03      0.7735063879E+00
0.1148000000E+01      0.1638291346E+04      0.8788151141E+03      0.7738335913E+00
0.1150000000E+01      0.1642679505E+04      0.8822115682E+03      0.7741594609E+00
0.1152000000E+01      0.1647073576E+04      0.8856140271E+03      0.7744840047E+00
0.1154000000E+01      0.1651473559E+04      0.8890224890E+03      0.7748072309E+00
0.1156000000E+01      0.1655879455E+04      0.8924369522E+03      0.7751291473E+00
0.1158000000E+01      0.1660291263E+04      0.8958574147E+03      0.7754497620E+00
0.1160000000E+01      0.1664708984E+04      0.8992838748E+03      0.7757690828E+00
0.1162000000E+01      0.1669132618E+04      0.9027163306E+03      0.7760871176E+00
0.1164000000E+01      0.1673562165E+04      0.9061547804E+03      0.7764038741E+00
0.1166000000E+01      0.1677997625E+04      0.9095992224E+03      0.7767193601E+00
0.1168000000E+01      0.1682438998E+04      0.9130496547E+03      0.7770335831E+00
0.1170000000E+01      0.1686886285E+04      0.9165060756E+03      0.7773465509E+00
0.1172000000E+01      0.1691339485E+04      0.9199684834E+03      0.7776582709E+00
0.1174000000E+01      0.1695798599E+04      0.9234368762E+03      0.7779687506E+00
0.1176000000E+01      0.1700263626E+04      0.9269112524E+03      0.7782779975E+00
0.1178000000E+01      0.1704734568E+04      0.9303916102E+03      0.7785860189E+00
0.1180000000E+01      0.1709211423E+04      0.9338779478E+03      0.7788928221E+00
0.1182000000E+01      0.1713694193E+04      0.9373702635E+03      0.7791984145E+00
0.1184000000E+01      0.1718182876E+04      0.9408685557E+03      0.7795028032E+00
0.1186000000E+01      0.1722677474E+04      0.9443728226E+03      0.7798059954E+00
0.1188000000E+01      0.1727177987E+04      0.9478830625E+03      0.7801079982E+00
0.1190000000E+01      0.1731684414E+04      0.9513992738E+03      0.7804088186E+00
0.1192000000E+01      0.1736196756E+04      0.9549214547E+03      0.7807084637E+00
0.1194000000E+01      0.1740715012E+04      0.9584496036E+03      0.7810069405E+00
0.1196000000E+01      0.1745239183E+04      0.9619837188E+03      0.7813042557E+00
0.1198000000E+01      0.1749769269E+04      0.9655237986E+03      0.7816004164E+00
0.1200000000E+01      0.1754305270E+04      0.9690698415E+03      0.7818954291E+00
