      Rhob                Epsilon              Pressure               SoundV
0.4730000000E-14      0.4409040000E-11      0.6303830000E-24      0.2528270000E-09
0.4760000000E-14      0.4431480000E-11      0.6303830000E-23      0.3286900000E-09
0.4910000000E-14      0.4571720000E-11      0.6303830000E-22      0.3811090000E-09
0.6990000000E-14      0.6506980000E-11      0.7552120000E-21      0.1661210000E-08
0.9900000000E-14      0.9199530000E-11      0.8737990000E-20      0.4506330000E-08
0.2720000000E-13      0.2529870000E-10      0.1061040000E-18      0.2185710000E-07
0.1270000000E-12      0.1189210000E-09      0.3632510000E-17      0.1280710000E-06
0.6930000000E-12      0.6450890000E-09      0.1185870000E-15      0.6813760000E-06
0.6295000000E-11      0.5856290000E-08      0.6081640000E-14      0.1980100000E-05
0.1581000000E-10      0.1470800000E-07      0.3100740000E-13      0.4121830000E-05
0.3972000000E-10      0.3694960000E-07      0.1517290000E-12      0.7788630000E-05
0.9976000000E-10      0.9278060000E-07      0.7183870000E-12      0.1422460000E-04
0.2506000000E-09      0.2331300000E-06      0.3286730000E-11      0.2500930000E-04
0.6294000000E-09      0.5856290000E-06      0.1446760000E-10      0.4207890000E-04
0.1581000000E-08      0.1470800000E-05      0.6088500000E-10      0.6739699893E-04
0.3972000000E-08      0.3695520000E-05      0.2441020000E-09      0.8516180000E-04
0.5000000000E-08      0.4651930000E-05      0.3282360000E-09      0.1052360000E-03
0.9976000000E-08      0.9283670000E-05      0.8956430000E-09      0.1422520000E-03
0.1990000000E-07      0.1852250000E-04      0.2392340000E-08      0.1863930000E-03
0.3972000000E-07      0.3696080000E-04      0.6278870000E-08      0.2408930000E-03
0.7924000000E-07      0.7376450000E-04      0.1625270000E-07      0.3085620000E-03
0.1581000000E-06      0.1471920000E-03      0.4166770000E-07      0.3417580000E-03
0.1990000000E-06      0.1853370000E-03      0.5453750000E-07      0.3860480000E-03
0.3155000000E-06      0.2937680000E-03      0.1016730000E-06      0.4315500000E-03
0.5000000000E-06      0.4656420000E-03      0.1890530000E-06      0.4889620000E-03
0.6294000000E-06      0.5861890000E-03      0.2577080000E-06      0.5509610000E-03
0.7924000000E-06      0.7382060000E-03      0.3143180000E-06      0.6137740000E-03
0.9976000000E-06      0.9294890000E-03      0.4281610000E-06      0.6540150000E-03
0.1581000000E-05      0.1470000000E-02      0.7939080000E-06      0.7285460000E-03
0.2506000000E-05      0.2340000000E-02      0.1470480000E-05      0.8500470000E-03
0.3972000000E-05      0.3700000000E-02      0.2722510000E-05      0.8906300000E-03
0.5000000000E-05      0.4660000000E-02      0.3533890000E-05      0.9510480000E-03
0.6294000000E-05      0.5870000000E-02      0.4807140000E-05      0.1100000000E-02
0.7924000000E-05      0.7390000000E-02      0.6541010000E-05      0.1180000000E-02
0.9976000000E-05      0.9310000000E-02      0.8894020000E-05      0.1280000000E-02
0.1256000000E-04      0.1172000000E-01      0.1209590000E-04      0.1300000000E-02
0.1581000000E-04      0.1476000000E-01      0.1562230000E-04      0.1320000000E-02
0.1990000000E-04      0.1858000000E-01      0.2124580000E-04      0.1390000000E-02
0.2506000000E-04      0.2340000000E-01      0.2888530000E-04      0.1470000000E-02
0.3155000000E-04      0.2947000000E-01      0.3713020000E-04      0.1550000000E-02
0.3972000000E-04      0.3712000000E-01      0.5048680000E-04      0.1820000000E-02
0.5000000000E-04      0.4674000000E-01      0.6865560000E-04      0.1960000000E-02
0.6294000000E-04      0.5884000000E-01      0.9330920000E-04      0.2110000000E-02
0.7924000000E-04      0.7416000000E-01      0.1268880000E-03      0.2150000000E-02
0.9976000000E-04      0.9334000000E-01      0.1620900000E-03      0.2190000000E-02
0.1105000000E-03      0.1034400000E+00      0.1805020000E-03      0.2220000000E-02
0.1256000000E-03      0.1175700000E+00      0.2053430000E-03      0.2270000000E-02
0.1581000000E-03      0.1480900000E+00      0.2791790000E-03      0.2300000000E-02
0.1990000000E-03      0.1865100000E+00      0.3630010000E-03      0.2350000000E-02
0.2506000000E-03      0.2349200000E+00      0.4704780000E-03      0.2420000000E-02
0.2572000000E-03      0.2411500000E+00      0.4871430000E-03      0.1640000000E-02
0.2670000000E-03      0.2502100000E+00      0.4925360000E-03      0.6323770000E-03
0.3126000000E-03      0.2932300000E+00      0.5213460000E-03      0.6351150000E-03
0.3951000000E-03      0.3707800000E+00      0.5679160000E-03      0.6395500000E-03
0.4759000000E-03      0.4467600000E+00      0.6136960000E-03      0.6456670000E-03
0.5812000000E-03      0.5456200000E+00      0.6758550000E-03      0.6505920000E-03
0.7143000000E-03      0.6709200000E+00      0.7601150000E-03      0.7025890000E-03
0.8786000000E-03      0.8252300000E+00      0.8731850000E-03      0.7646840000E-03
0.1077000000E-02      0.1012500000E+01      0.1020000000E-02      0.8354260000E-03
0.1314000000E-02      0.1235290000E+01      0.1220000000E-02      0.9276850000E-03
0.1748000000E-02      0.1643560000E+01      0.1620000000E-02      0.1000000000E-02
0.2000000000E-02      0.1880850000E+01      0.2000000000E-02      0.1100000000E-02
0.4000000000E-02      0.3764610000E+01      0.4510000000E-02      0.1460000000E-02
0.6000000000E-02      0.5649800000E+01      0.7500000000E-02      0.1680000000E-02
0.8000000000E-02      0.7536070000E+01      0.1086000000E-01      0.1880000000E-02
0.1000000000E-01      0.9423230000E+01      0.1458000000E-01      0.2070000000E-02
0.1200000000E-01      0.1131116000E+02      0.1867000000E-01      0.2280000000E-02
0.1400000000E-01      0.1319982000E+02      0.2318000000E-01      0.2510000000E-02
0.1600000000E-01      0.1508915000E+02      0.2814000000E-01      0.2760000000E-02
0.1800000000E-01      0.1697914000E+02      0.3361000000E-01      0.3040000000E-02
0.2000000000E-01      0.1886976000E+02      0.3965000000E-01      0.3340000000E-02
0.2200000000E-01      0.2076101000E+02      0.4624000000E-01      0.3660000000E-02
0.2400000000E-01      0.2265290000E+02      0.5348000000E-01      0.3990000000E-02
0.2600000000E-01      0.2454541000E+02      0.6133000000E-01      0.4330000000E-02
0.2800000000E-01      0.2643855000E+02      0.6988000000E-01      0.4680000000E-02
0.3000000000E-01      0.2833233000E+02      0.7906000000E-01      0.5030000000E-02
0.3200000000E-01      0.3022674000E+02      0.8895000000E-01      0.5390000000E-02
0.3400000000E-01      0.3212179000E+02      0.9948000000E-01      0.5740000000E-02
0.3600000000E-01      0.3401748000E+02      0.1107200000E+00      0.6090000000E-02
0.3800000000E-01      0.3591381000E+02      0.1225900000E+00      0.6440000000E-02
0.4000000000E-01      0.3781078000E+02      0.1351400000E+00      0.6790000000E-02
0.4200000000E-01      0.3970840000E+02      0.1483400000E+00      0.7110000000E-02
0.4400000000E-01      0.4160666000E+02      0.1621100000E+00      0.7420000000E-02
0.4600000000E-01      0.4350556000E+02      0.1765200000E+00      0.7740000000E-02
0.4800000000E-01      0.4540510000E+02      0.1915000000E+00      0.8040000000E-02
0.5000000000E-01      0.4730528000E+02      0.2070600000E+00      0.8310000000E-02
0.5200000000E-01      0.4920608000E+02      0.2230900000E+00      0.8580000000E-02
0.5400000000E-01      0.5110752000E+02      0.2396900000E+00      0.8870000000E-02
0.5600000000E-01      0.5300958000E+02      0.2568200000E+00      0.9120000000E-02
0.5800000000E-01      0.5491227000E+02      0.2743700000E+00      0.9340000000E-02
0.6000000000E-01      0.5681556000E+02      0.2923800000E+00      0.9690000000E-02
0.6200000000E-01      0.5871946000E+02      0.3101200000E+00      0.1002000000E-01
0.6400000000E-01      0.6062394000E+02      0.3290400000E+00      0.1028000000E-01
0.6600000000E-01      0.6252904000E+02      0.3483400000E+00      0.1069000000E-01
0.6800000000E-01      0.6443473000E+02      0.3679800000E+00      0.1101000000E-01
0.7000000000E-01      0.6617970247E+02      0.4782183841E+00      0.2126537211E-01
0.7200000000E-01      0.6808479841E+02      0.5198548642E+00      0.2241923808E-01
0.7400000000E-01      0.6999108184E+02      0.5637318739E+00      0.2358827508E-01
0.7600000000E-01      0.7189858163E+02      0.6098806106E+00      0.2477126748E-01
0.7800000000E-01      0.7380732595E+02      0.6583301408E+00      0.2596705317E-01
0.8000000000E-01      0.7571734224E+02      0.7091074948E+00      0.2717452384E-01
0.8200000000E-01      0.7762865721E+02      0.7622377636E+00      0.2839262514E-01
0.8400000000E-01      0.7954129688E+02      0.8177441941E+00      0.2962035651E-01
0.8600000000E-01      0.8145528652E+02      0.8756482855E+00      0.3085677094E-01
0.8800000000E-01      0.8337065076E+02      0.9359698839E+00      0.3210097443E-01
0.9000000000E-01      0.8528741349E+02      0.9987272769E+00      0.3335212542E-01
0.9200000000E-01      0.8720559798E+02      0.1063937286E+01      0.3460943395E-01
0.9400000000E-01      0.8912522678E+02      0.1131615359E+01      0.3587216075E-01
0.9600000000E-01      0.9104632186E+02      0.1201775660E+01      0.3713961629E-01
0.9800000000E-01      0.9296890450E+02      0.1274431156E+01      0.3841115935E-01
0.1000000000E+00      0.9489299540E+02      0.1349593706E+01      0.3968619675E-01
0.1020000000E+00      0.9681861465E+02      0.1427274143E+01      0.4096418075E-01
0.1040000000E+00      0.9874578175E+02      0.1507482355E+01      0.4224460854E-01
0.1060000000E+00      0.1006745156E+03      0.1590227370E+01      0.4352702068E-01
0.1080000000E+00      0.1026048347E+03      0.1675517428E+01      0.4481099961E-01
0.1100000000E+00      0.1045367567E+03      0.1763360056E+01      0.4609616820E-01
0.1120000000E+00      0.1064702992E+03      0.1853762143E+01      0.4738218823E-01
0.1140000000E+00      0.1084054719E+03      0.1945491727E+01      0.4745295447E-01
0.1160000000E+00      0.1103422587E+03      0.2038029772E+01      0.4813379085E-01
0.1180000000E+00      0.1122806542E+03      0.2132154391E+01      0.4897990988E-01
0.1200000000E+00      0.1142206600E+03      0.2228081995E+01      0.4990259960E-01
0.1220000000E+00      0.1161622806E+03      0.2325930290E+01      0.5087172289E-01
0.1240000000E+00      0.1181055215E+03      0.2425776998E+01      0.5187281585E-01
0.1260000000E+00      0.1200503893E+03      0.2527678998E+01      0.5289767506E-01
0.1280000000E+00      0.1219968912E+03      0.2631680749E+01      0.5394115488E-01
0.1300000000E+00      0.1239450347E+03      0.2737818673E+01      0.5499980336E-01
0.1320000000E+00      0.1258948277E+03      0.2846123683E+01      0.5606949849E-01
0.1340000000E+00      0.1278462783E+03      0.2956622761E+01      0.5715192042E-01
0.1360000000E+00      0.1297993947E+03      0.3069340002E+01      0.5824399390E-01
0.1380000000E+00      0.1317541850E+03      0.3184297341E+01      0.5934471464E-01
0.1400000000E+00      0.1337106578E+03      0.3301515064E+01      0.6045330903E-01
0.1420000000E+00      0.1356688213E+03      0.3421012197E+01      0.6156917648E-01
0.1440000000E+00      0.1376286841E+03      0.3542806795E+01      0.6269184911E-01
0.1460000000E+00      0.1395902544E+03      0.3666916169E+01      0.6382096296E-01
0.1480000000E+00      0.1415535409E+03      0.3793357062E+01      0.6495623671E-01
0.1500000000E+00      0.1435185518E+03      0.3922145795E+01      0.6609745574E-01
0.1520000000E+00      0.1454852956E+03      0.4053298385E+01      0.6724445991E-01
0.1540000000E+00      0.1474537807E+03      0.4186830635E+01      0.6839713399E-01
0.1560000000E+00      0.1494240155E+03      0.4322758221E+01      0.6955540012E-01
0.1580000000E+00      0.1513960084E+03      0.4461096754E+01      0.7071921170E-01
0.1600000000E+00      0.1533697677E+03      0.4601861954E+01      0.7189107015E-01
0.1620000000E+00      0.1553453018E+03      0.4745069229E+01      0.7306591680E-01
0.1640000000E+00      0.1573226191E+03      0.4890734422E+01      0.7424631042E-01
0.1660000000E+00      0.1593017279E+03      0.5038873375E+01      0.7543228752E-01
0.1680000000E+00      0.1612826364E+03      0.5189502071E+01      0.7662389814E-01
0.1700000000E+00      0.1632653530E+03      0.5342636666E+01      0.7782120355E-01
0.1720000000E+00      0.1652498859E+03      0.5498293507E+01      0.7902427440E-01
0.1740000000E+00      0.1672362436E+03      0.5656489150E+01      0.8023318930E-01
0.1760000000E+00      0.1692244343E+03      0.5817240374E+01      0.8144803311E-01
0.1780000000E+00      0.1712144662E+03      0.5980564198E+01      0.8266889592E-01
0.1800000000E+00      0.1732063478E+03      0.6146477885E+01      0.8389587190E-01
0.1820000000E+00      0.1752000873E+03      0.6314998955E+01      0.8512905825E-01
0.1840000000E+00      0.1771956935E+03      0.6486145486E+01      0.8637386050E-01
0.1860000000E+00      0.1791931739E+03      0.6659934936E+01      0.8761968540E-01
0.1880000000E+00      0.1811925373E+03      0.6836385923E+01      0.8887202279E-01
0.1900000000E+00      0.1831937920E+03      0.7015517039E+01      0.9013097417E-01
0.1920000000E+00      0.1851969466E+03      0.7197347151E+01      0.9139664067E-01
0.1940000000E+00      0.1872020093E+03      0.7381895399E+01      0.9266912236E-01
0.1960000000E+00      0.1892089886E+03      0.7569181195E+01      0.9394851782E-01
0.1980000000E+00      0.1912178931E+03      0.7759224222E+01      0.9523492367E-01
0.2000000000E+00      0.1932287312E+03      0.7952044430E+01      0.9652843421E-01
0.2020000000E+00      0.1952415114E+03      0.8147662032E+01      0.9782914108E-01
0.2040000000E+00      0.1972562424E+03      0.8346097502E+01      0.9913713291E-01
0.2060000000E+00      0.1992729327E+03      0.8547371567E+01      0.1004524951E+00
0.2080000000E+00      0.2012915910E+03      0.8751505206E+01      0.1017753095E+00
0.2100000000E+00      0.2033122259E+03      0.8958519637E+01      0.1031056543E+00
0.2120000000E+00      0.2053348462E+03      0.9168436318E+01      0.1044436037E+00
0.2140000000E+00      0.2073594605E+03      0.9381276936E+01      0.1057887475E+00
0.2160000000E+00      0.2093860778E+03      0.9597063401E+01      0.1071421629E+00
0.2180000000E+00      0.2114147068E+03      0.9815817838E+01      0.1085033791E+00
0.2200000000E+00      0.2134453564E+03      0.1003756258E+02      0.1098724530E+00
0.2220000000E+00      0.2154780356E+03      0.1026232016E+02      0.1112494371E+00
0.2240000000E+00      0.2175127531E+03      0.1049011303E+02      0.1126293183E+00
0.2260000000E+00      0.2195495182E+03      0.1072096464E+02      0.1140223275E+00
0.2280000000E+00      0.2215883399E+03      0.1095489779E+02      0.1154233748E+00
0.2300000000E+00      0.2236292272E+03      0.1119193573E+02      0.1168324936E+00
0.2320000000E+00      0.2256721892E+03      0.1143210187E+02      0.1182497122E+00
0.2340000000E+00      0.2277172352E+03      0.1167541975E+02      0.1196750544E+00
0.2360000000E+00      0.2297643744E+03      0.1192191305E+02      0.1211085386E+00
0.2380000000E+00      0.2318136161E+03      0.1217160561E+02      0.1225501786E+00
0.2400000000E+00      0.2338649695E+03      0.1242452134E+02      0.1239999833E+00
0.2420000000E+00      0.2359184440E+03      0.1268068429E+02      0.1254579568E+00
0.2440000000E+00      0.2379740491E+03      0.1294011863E+02      0.1269240983E+00
0.2460000000E+00      0.2400317942E+03      0.1320284857E+02      0.1283984022E+00
0.2480000000E+00      0.2420916888E+03      0.1346889846E+02      0.1298808583E+00
0.2500000000E+00      0.2441537423E+03      0.1373829269E+02      0.1313714517E+00
0.2520000000E+00      0.2462179645E+03      0.1401105572E+02      0.1328701628E+00
0.2540000000E+00      0.2482843649E+03      0.1428721207E+02      0.1343769675E+00
0.2560000000E+00      0.2503529532E+03      0.1456678631E+02      0.1358918373E+00
0.2580000000E+00      0.2524237391E+03      0.1484980305E+02      0.1374147391E+00
0.2600000000E+00      0.2544967323E+03      0.1513628691E+02      0.1389456358E+00
0.2620000000E+00      0.2565719426E+03      0.1542626257E+02      0.1404844857E+00
0.2640000000E+00      0.2586493799E+03      0.1571975467E+02      0.1420312431E+00
0.2660000000E+00      0.2607290540E+03      0.1601678791E+02      0.1435858584E+00
0.2680000000E+00      0.2628109748E+03      0.1631738696E+02      0.1451484676E+00
0.2700000000E+00      0.2648951523E+03      0.1662157646E+02      0.1467186323E+00
0.2720000000E+00      0.2669815963E+03      0.1692938106E+02      0.1482964821E+00
0.2740000000E+00      0.2690703170E+03      0.1724082537E+02      0.1498819519E+00
0.2760000000E+00      0.2711613244E+03      0.1755593396E+02      0.1514749729E+00
0.2780000000E+00      0.2732546285E+03      0.1787473137E+02      0.1530754729E+00
0.2800000000E+00      0.2753502394E+03      0.1819724209E+02      0.1546833765E+00
0.2820000000E+00      0.2774481673E+03      0.1852349053E+02      0.1562986048E+00
0.2840000000E+00      0.2795484223E+03      0.1885350106E+02      0.1579210758E+00
0.2860000000E+00      0.2816510147E+03      0.1918729797E+02      0.1595507043E+00
0.2880000000E+00      0.2837559546E+03      0.1952490547E+02      0.1611874025E+00
0.2900000000E+00      0.2858632522E+03      0.1986634770E+02      0.1628310793E+00
0.2920000000E+00      0.2879729180E+03      0.2021164868E+02      0.1644816411E+00
0.2940000000E+00      0.2900849621E+03      0.2056083236E+02      0.1661389916E+00
0.2960000000E+00      0.2921993948E+03      0.2091392258E+02      0.1678030320E+00
0.2980000000E+00      0.2943162266E+03      0.2127094307E+02      0.1694736610E+00
0.3000000000E+00      0.2964354676E+03      0.2163191745E+02      0.1711507749E+00
0.3020000000E+00      0.2985571285E+03      0.2199686920E+02      0.1728342680E+00
0.3040000000E+00      0.3006812194E+03      0.2236582170E+02      0.1745240322E+00
0.3060000000E+00      0.3028077509E+03      0.2273879819E+02      0.1762199575E+00
0.3080000000E+00      0.3049367333E+03      0.2311582177E+02      0.1779219321E+00
0.3100000000E+00      0.3070681772E+03      0.2349691541E+02      0.1796298422E+00
0.3120000000E+00      0.3092020928E+03      0.2388210193E+02      0.1813435723E+00
0.3140000000E+00      0.3113384908E+03      0.2427140401E+02      0.1830630054E+00
0.3160000000E+00      0.3134773816E+03      0.2466484415E+02      0.1847880227E+00
0.3180000000E+00      0.3156187757E+03      0.2506244471E+02      0.1865185043E+00
0.3200000000E+00      0.3177626835E+03      0.2546422791E+02      0.1882543288E+00
0.3220000000E+00      0.3199091155E+03      0.2587021576E+02      0.1899953734E+00
0.3240000000E+00      0.3220580824E+03      0.2628043016E+02      0.1917417649E+00
0.3260000000E+00      0.3242095945E+03      0.2669489275E+02      0.1934928764E+00
0.3280000000E+00      0.3263636624E+03      0.2711362508E+02      0.1952488337E+00
0.3300000000E+00      0.3285202966E+03      0.2753664848E+02      0.1970095099E+00
0.3320000000E+00      0.3306795077E+03      0.2796398410E+02      0.1987747774E+00
0.3340000000E+00      0.3328413061E+03      0.2839565291E+02      0.2005445080E+00
0.3360000000E+00      0.3350057023E+03      0.2883167570E+02      0.2023185728E+00
0.3380000000E+00      0.3371727069E+03      0.2927207306E+02      0.2040968422E+00
0.3400000000E+00      0.3393423304E+03      0.2971686539E+02      0.2058791862E+00
0.3420000000E+00      0.3415145833E+03      0.3016607289E+02      0.2076654744E+00
0.3440000000E+00      0.3436894761E+03      0.3061971556E+02      0.2094555760E+00
0.3460000000E+00      0.3458670193E+03      0.3107781322E+02      0.2112493602E+00
0.3480000000E+00      0.3480472233E+03      0.3154038548E+02      0.2130466955E+00
0.3500000000E+00      0.3502300984E+03      0.3200745200E+02      0.2148536680E+00
0.3520000000E+00      0.3524156556E+03      0.3247903144E+02      0.2166576907E+00
0.3540000000E+00      0.3546039054E+03      0.3295514279E+02      0.2184586951E+00
0.3560000000E+00      0.3567948577E+03      0.3343580538E+02      0.2202689216E+00
0.3580000000E+00      0.3589885231E+03      0.3392103752E+02      0.2220820425E+00
0.3600000000E+00      0.3611849121E+03      0.3441085757E+02      0.2238979268E+00
0.3620000000E+00      0.3633840351E+03      0.3490528369E+02      0.2257164437E+00
0.3640000000E+00      0.3655859025E+03      0.3540433381E+02      0.2275374629E+00
0.3660000000E+00      0.3677905247E+03      0.3590802566E+02      0.2293608540E+00
0.3680000000E+00      0.3699979120E+03      0.3641637676E+02      0.2311864873E+00
0.3700000000E+00      0.3722080747E+03      0.3692940441E+02      0.2330142337E+00
0.3720000000E+00      0.3744210233E+03      0.3744712570E+02      0.2348439642E+00
0.3740000000E+00      0.3766367679E+03      0.3796955748E+02      0.2366755508E+00
0.3760000000E+00      0.3788553190E+03      0.3849671642E+02      0.2385088656E+00
0.3780000000E+00      0.3810766866E+03      0.3902861896E+02      0.2403437819E+00
0.3800000000E+00      0.3833008811E+03      0.3956528130E+02      0.2421801733E+00
0.3820000000E+00      0.3855279128E+03      0.4010671947E+02      0.2440179141E+00
0.3840000000E+00      0.3877577917E+03      0.4065294923E+02      0.2458568797E+00
0.3860000000E+00      0.3899905280E+03      0.4120398617E+02      0.2476969459E+00
0.3880000000E+00      0.3922261320E+03      0.4175984564E+02      0.2495379897E+00
0.3900000000E+00      0.3944646136E+03      0.4232054277E+02      0.2513798888E+00
0.3920000000E+00      0.3967059831E+03      0.4288609249E+02      0.2532225217E+00
0.3940000000E+00      0.3989502504E+03      0.4345650950E+02      0.2550657681E+00
0.3960000000E+00      0.4011974256E+03      0.4403180832E+02      0.2569098471E+00
0.3980000000E+00      0.4034475187E+03      0.4461200317E+02      0.2587539619E+00
0.4000000000E+00      0.4057005397E+03      0.4519710815E+02      0.2605983347E+00
0.4020000000E+00      0.4079564985E+03      0.4578713710E+02      0.2624428491E+00
0.4040000000E+00      0.4102154050E+03      0.4638210365E+02      0.2642873899E+00
0.4060000000E+00      0.4124772692E+03      0.4698202123E+02      0.2661318429E+00
0.4080000000E+00      0.4147421008E+03      0.4758690305E+02      0.2679760949E+00
0.4100000000E+00      0.4170099098E+03      0.4819676211E+02      0.2698200339E+00
0.4120000000E+00      0.4192807058E+03      0.4881161121E+02      0.2716635494E+00
0.4140000000E+00      0.4215544986E+03      0.4943146291E+02      0.2735065315E+00
0.4160000000E+00      0.4238312980E+03      0.5005632961E+02      0.2753488720E+00
0.4180000000E+00      0.4261111136E+03      0.5068622346E+02      0.2771904636E+00
0.4200000000E+00      0.4283939551E+03      0.5132115643E+02      0.2790312004E+00
0.4220000000E+00      0.4306798322E+03      0.5196114027E+02      0.2808709778E+00
0.4240000000E+00      0.4329687543E+03      0.5260618654E+02      0.2827096922E+00
0.4260000000E+00      0.4352607310E+03      0.5325630660E+02      0.2845472415E+00
0.4280000000E+00      0.4375557719E+03      0.5391151158E+02      0.2863835248E+00
0.4300000000E+00      0.4398538863E+03      0.5457181245E+02      0.2882184426E+00
0.4320000000E+00      0.4421550838E+03      0.5523721995E+02      0.2900518965E+00
0.4340000000E+00      0.4444593737E+03      0.5590774464E+02      0.2918837896E+00
0.4360000000E+00      0.4467667654E+03      0.5658339688E+02      0.2937140262E+00
0.4380000000E+00      0.4490772682E+03      0.5726418683E+02      0.2955425121E+00
0.4400000000E+00      0.4513908914E+03      0.5795012447E+02      0.2973691541E+00
0.4420000000E+00      0.4537076442E+03      0.5864121957E+02      0.2991938607E+00
0.4440000000E+00      0.4560275355E+03      0.5933748179E+02      0.3010168144E+00
0.4460000000E+00      0.4583505751E+03      0.6003892040E+02      0.3028374023E+00
0.4480000000E+00      0.4606767717E+03      0.6074554468E+02      0.3046557875E+00
0.4500000000E+00      0.4630061345E+03      0.6145736366E+02      0.3064718838E+00
0.4520000000E+00      0.4653386725E+03      0.6217438618E+02      0.3082856063E+00
0.4540000000E+00      0.4676743946E+03      0.6289662091E+02      0.3100968714E+00
0.4560000000E+00      0.4700133099E+03      0.6362407632E+02      0.3119055968E+00
0.4580000000E+00      0.4723554273E+03      0.6435676072E+02      0.3137117018E+00
0.4600000000E+00      0.4747007556E+03      0.6509468223E+02      0.3155151068E+00
0.4620000000E+00      0.4770493036E+03      0.6583784880E+02      0.3173157336E+00
0.4640000000E+00      0.4794010802E+03      0.6658626820E+02      0.3191135054E+00
0.4660000000E+00      0.4817560940E+03      0.6733994803E+02      0.3209083466E+00
0.4680000000E+00      0.4841143538E+03      0.6809889572E+02      0.3227001831E+00
0.4700000000E+00      0.4864758682E+03      0.6886311853E+02      0.3244889421E+00
0.4720000000E+00      0.4888406459E+03      0.6963262355E+02      0.3262745522E+00
0.4740000000E+00      0.4912086954E+03      0.7040741771E+02      0.3280569430E+00
0.4760000000E+00      0.4935800252E+03      0.7118750777E+02      0.3298360458E+00
0.4780000000E+00      0.4959546439E+03      0.7197290032E+02      0.3316117930E+00
0.4800000000E+00      0.4983325598E+03      0.7276360181E+02      0.3333841185E+00
0.4820000000E+00      0.5007137813E+03      0.7355961851E+02      0.3351529572E+00
0.4840000000E+00      0.5030983169E+03      0.7436095654E+02      0.3369182455E+00
0.4860000000E+00      0.5054861748E+03      0.7516762187E+02      0.3386799210E+00
0.4880000000E+00      0.5078773633E+03      0.7597962030E+02      0.3404379228E+00
0.4900000000E+00      0.5102718905E+03      0.7679695750E+02      0.3421921909E+00
0.4920000000E+00      0.5126697647E+03      0.7761963896E+02      0.3439426668E+00
0.4940000000E+00      0.5150709943E+03      0.7844766997E+02      0.3456958859E+00
0.4960000000E+00      0.5174755868E+03      0.7928105590E+02      0.3474386224E+00
0.4980000000E+00      0.5198835505E+03      0.8011980172E+02      0.3491773985E+00
0.5000000000E+00      0.5222948935E+03      0.8096391236E+02      0.3509121607E+00
0.5020000000E+00      0.5247096234E+03      0.8181339265E+02      0.3526447094E+00
0.5040000000E+00      0.5271277486E+03      0.8266824713E+02      0.3543712976E+00
0.5060000000E+00      0.5295492768E+03      0.8352848033E+02      0.3560937183E+00
0.5080000000E+00      0.5319742157E+03      0.8439409662E+02      0.3578119227E+00
0.5100000000E+00      0.5344025732E+03      0.8526510023E+02      0.3595258633E+00
0.5120000000E+00      0.5368343569E+03      0.8614149525E+02      0.3612354935E+00
0.5140000000E+00      0.5392695746E+03      0.8702328564E+02      0.3629407681E+00
0.5160000000E+00      0.5417082338E+03      0.8791047521E+02      0.3646416429E+00
0.5180000000E+00      0.5441503423E+03      0.8880306768E+02      0.3663380749E+00
0.5200000000E+00      0.5465959075E+03      0.8970106662E+02      0.3680300221E+00
0.5220000000E+00      0.5490449369E+03      0.9060447547E+02      0.3697174437E+00
0.5240000000E+00      0.5514974380E+03      0.9151329755E+02      0.3714003001E+00
0.5260000000E+00      0.5539534183E+03      0.9242753606E+02      0.3730785525E+00
0.5280000000E+00      0.5564128850E+03      0.9334719408E+02      0.3747521635E+00
0.5300000000E+00      0.5588758455E+03      0.9427227461E+02      0.3764162632E+00
0.5320000000E+00      0.5613423071E+03      0.9520278042E+02      0.3780804925E+00
0.5340000000E+00      0.5638122771E+03      0.9613871428E+02      0.3797399755E+00
0.5360000000E+00      0.5662857626E+03      0.9708007878E+02      0.3813946771E+00
0.5380000000E+00      0.5687627708E+03      0.9802687644E+02      0.3830445648E+00
0.5400000000E+00      0.5712433088E+03      0.9897910964E+02      0.3846896074E+00
0.5420000000E+00      0.5737273837E+03      0.9993678065E+02      0.3863297743E+00
0.5440000000E+00      0.5762150024E+03      0.1008998917E+03      0.3879650363E+00
0.5460000000E+00      0.5787061720E+03      0.1018684447E+03      0.3895953648E+00
0.5480000000E+00      0.5812008993E+03      0.1028424418E+03      0.3912207323E+00
0.5500000000E+00      0.5836991914E+03      0.1038218847E+03      0.3928411123E+00
0.5520000000E+00      0.5862010549E+03      0.1048067753E+03      0.3944564791E+00
0.5540000000E+00      0.5887064967E+03      0.1057971151E+03      0.3960668081E+00
0.5560000000E+00      0.5912155237E+03      0.1067929057E+03      0.3976720753E+00
0.5580000000E+00      0.5937281423E+03      0.1077941486E+03      0.3992722578E+00
0.5600000000E+00      0.5962443595E+03      0.1088008452E+03      0.4008673336E+00
0.5620000000E+00      0.5987641817E+03      0.1098129967E+03      0.4024572815E+00
0.5640000000E+00      0.6012876156E+03      0.1108306042E+03      0.4040420811E+00
0.5660000000E+00      0.6038146677E+03      0.1118536689E+03      0.4056217130E+00
0.5680000000E+00      0.6063453445E+03      0.1128821917E+03      0.4071961584E+00
0.5700000000E+00      0.6088796525E+03      0.1139161736E+03      0.4087653995E+00
0.5720000000E+00      0.6114175981E+03      0.1149556153E+03      0.4103294192E+00
0.5740000000E+00      0.6139591876E+03      0.1160005176E+03      0.4118882013E+00
0.5760000000E+00      0.6165044274E+03      0.1170508811E+03      0.4134463518E+00
0.5780000000E+00      0.6190533242E+03      0.1181067061E+03      0.4149816938E+00
0.5800000000E+00      0.6216058830E+03      0.1191679939E+03      0.4165329725E+00
0.5820000000E+00      0.6241621112E+03      0.1202347441E+03      0.4180752557E+00
0.5840000000E+00      0.6267220151E+03      0.1213069569E+03      0.4195945880E+00
0.5860000000E+00      0.6292855993E+03      0.1223846335E+03      0.4211300910E+00
0.5880000000E+00      0.6318528715E+03      0.1234677731E+03      0.4226563977E+00
0.5900000000E+00      0.6344238375E+03      0.1245563760E+03      0.4241596144E+00
0.5920000000E+00      0.6369985020E+03      0.1256504428E+03      0.4256792407E+00
0.5940000000E+00      0.6395768725E+03      0.1267499726E+03      0.4271894790E+00
0.5960000000E+00      0.6421589546E+03      0.1278549655E+03      0.4286764927E+00
0.5980000000E+00      0.6447447530E+03      0.1289654219E+03      0.4301801601E+00
0.6000000000E+00      0.6473342750E+03      0.1300813407E+03      0.4316742563E+00
0.6020000000E+00      0.6499275262E+03      0.1312027217E+03      0.4331449974E+00
0.6040000000E+00      0.6525245111E+03      0.1323295652E+03      0.4346326413E+00
0.6060000000E+00      0.6551252368E+03      0.1334618699E+03      0.4361105390E+00
0.6080000000E+00      0.6577297084E+03      0.1345996355E+03      0.4375784977E+00
0.6100000000E+00      0.6603379317E+03      0.1357428615E+03      0.4390410482E+00
0.6120000000E+00      0.6629499122E+03      0.1368915472E+03      0.4404981870E+00
0.6140000000E+00      0.6655656555E+03      0.1380456917E+03      0.4419499112E+00
0.6160000000E+00      0.6681851671E+03      0.1392052945E+03      0.4433917173E+00
0.6180000000E+00      0.6708084525E+03      0.1403703544E+03      0.4448326102E+00
0.6200000000E+00      0.6734355171E+03      0.1415408707E+03      0.4462680832E+00
0.6220000000E+00      0.6760663665E+03      0.1427168424E+03      0.4476981355E+00
0.6240000000E+00      0.6787010058E+03      0.1438982684E+03      0.4491227670E+00
0.6260000000E+00      0.6813394405E+03      0.1450851477E+03      0.4505419780E+00
0.6280000000E+00      0.6839816758E+03      0.1462774791E+03      0.4519557694E+00
0.6300000000E+00      0.6866277171E+03      0.1474752615E+03      0.4533641425E+00
0.6320000000E+00      0.6892775695E+03      0.1486784935E+03      0.4547670990E+00
0.6340000000E+00      0.6919312382E+03      0.1498871739E+03      0.4561646413E+00
0.6360000000E+00      0.6945887284E+03      0.1511013014E+03      0.4575567719E+00
0.6380000000E+00      0.6972500451E+03      0.1523208745E+03      0.4589434942E+00
0.6400000000E+00      0.6999151935E+03      0.1535458919E+03      0.4603248117E+00
0.6420000000E+00      0.7025841786E+03      0.1547763519E+03      0.4617007285E+00
0.6440000000E+00      0.7052570053E+03      0.1560122531E+03      0.4630712489E+00
0.6460000000E+00      0.7079336787E+03      0.1572535939E+03      0.4644363780E+00
0.6480000000E+00      0.7106142037E+03      0.1585003727E+03      0.4657961209E+00
0.6500000000E+00      0.7132985852E+03      0.1597525877E+03      0.4671504834E+00
0.6520000000E+00      0.7159868279E+03      0.1610102373E+03      0.4684994714E+00
0.6540000000E+00      0.7186789368E+03      0.1622733197E+03      0.4698430916E+00
0.6560000000E+00      0.7213749167E+03      0.1635418331E+03      0.4711813507E+00
0.6580000000E+00      0.7240747723E+03      0.1648157757E+03      0.4725142557E+00
0.6600000000E+00      0.7267785082E+03      0.1660951456E+03      0.4738418144E+00
0.6620000000E+00      0.7294861293E+03      0.1673799408E+03      0.4751640346E+00
0.6640000000E+00      0.7321976401E+03      0.1686701595E+03      0.4764809244E+00
0.6660000000E+00      0.7349130453E+03      0.1699657995E+03      0.4777924925E+00
0.6680000000E+00      0.7376323494E+03      0.1712668590E+03      0.4790987478E+00
0.6700000000E+00      0.7403555570E+03      0.1725733357E+03      0.4803996994E+00
0.6720000000E+00      0.7430826727E+03      0.1738852277E+03      0.4816953568E+00
0.6740000000E+00      0.7458137008E+03      0.1752025327E+03      0.4829857299E+00
0.6760000000E+00      0.7485486458E+03      0.1765252487E+03      0.4842708288E+00
0.6780000000E+00      0.7512875123E+03      0.1778533733E+03      0.4855506638E+00
0.6800000000E+00      0.7540303044E+03      0.1791869045E+03      0.4868252456E+00
0.6820000000E+00      0.7567770267E+03      0.1805258398E+03      0.4880945852E+00
0.6840000000E+00      0.7595276834E+03      0.1818701770E+03      0.4893586938E+00
0.6860000000E+00      0.7622822788E+03      0.1832199139E+03      0.4906175829E+00
0.6880000000E+00      0.7650408171E+03      0.1845750479E+03      0.4918712641E+00
0.6900000000E+00      0.7678033026E+03      0.1859355768E+03      0.4931197496E+00
0.6920000000E+00      0.7705697395E+03      0.1873014982E+03      0.4943630514E+00
0.6940000000E+00      0.7733401320E+03      0.1886728095E+03      0.4956011821E+00
0.6960000000E+00      0.7761144841E+03      0.1900495084E+03      0.4968341544E+00
0.6980000000E+00      0.7788928000E+03      0.1914315923E+03      0.4980619811E+00
0.7000000000E+00      0.7816750837E+03      0.1928190587E+03      0.4992846754E+00
0.7020000000E+00      0.7844613393E+03      0.1942119052E+03      0.5005022506E+00
0.7040000000E+00      0.7872515707E+03      0.1956101290E+03      0.5017147203E+00
0.7060000000E+00      0.7900457821E+03      0.1970137277E+03      0.5029220981E+00
0.7080000000E+00      0.7928439772E+03      0.1984226986E+03      0.5041243981E+00
0.7100000000E+00      0.7956461601E+03      0.1998370391E+03      0.5053216344E+00
0.7120000000E+00      0.7984523345E+03      0.2012567465E+03      0.5065138212E+00
0.7140000000E+00      0.8012625045E+03      0.2026818182E+03      0.5077009731E+00
0.7160000000E+00      0.8040766738E+03      0.2041122515E+03      0.5088831046E+00
0.7180000000E+00      0.8068948462E+03      0.2055480435E+03      0.5100649429E+00
0.7200000000E+00      0.8097170254E+03      0.2069891918E+03      0.5112370796E+00
0.7220000000E+00      0.8125432153E+03      0.2084356934E+03      0.5124042411E+00
0.7240000000E+00      0.8153734195E+03      0.2098875455E+03      0.5135664427E+00
0.7260000000E+00      0.8182076417E+03      0.2113447455E+03      0.5147236998E+00
0.7280000000E+00      0.8210458857E+03      0.2128072905E+03      0.5158760280E+00
0.7300000000E+00      0.8238881549E+03      0.2142751776E+03      0.5170234430E+00
0.7320000000E+00      0.8267344531E+03      0.2157484041E+03      0.5181659607E+00
0.7340000000E+00      0.8295847837E+03      0.2172269670E+03      0.5193035970E+00
0.7360000000E+00      0.8324391504E+03      0.2187108635E+03      0.5204363681E+00
0.7380000000E+00      0.8352975567E+03      0.2202000908E+03      0.5215642902E+00
0.7400000000E+00      0.8381600060E+03      0.2216946458E+03      0.5226873796E+00
0.7420000000E+00      0.8410265019E+03      0.2231945258E+03      0.5238056529E+00
0.7440000000E+00      0.8438970478E+03      0.2246997277E+03      0.5249191265E+00
0.7460000000E+00      0.8467716470E+03      0.2262102487E+03      0.5260278172E+00
0.7480000000E+00      0.8496503030E+03      0.2277260857E+03      0.5271317416E+00
0.7500000000E+00      0.8525330192E+03      0.2292472359E+03      0.5282309167E+00
0.7520000000E+00      0.8554197988E+03      0.2307736962E+03      0.5293253595E+00
0.7540000000E+00      0.8583106453E+03      0.2323054636E+03      0.5304150869E+00
0.7560000000E+00      0.8612055618E+03      0.2338425352E+03      0.5315001161E+00
0.7580000000E+00      0.8641045516E+03      0.2353849079E+03      0.5325804642E+00
0.7600000000E+00      0.8670076180E+03      0.2369325787E+03      0.5336561487E+00
0.7620000000E+00      0.8699147642E+03      0.2384855447E+03      0.5347271868E+00
0.7640000000E+00      0.8728259934E+03      0.2400438026E+03      0.5357935960E+00
0.7660000000E+00      0.8757413087E+03      0.2416073496E+03      0.5368553937E+00
0.7680000000E+00      0.8786607133E+03      0.2431761825E+03      0.5379125975E+00
0.7700000000E+00      0.8815842103E+03      0.2447502983E+03      0.5389652250E+00
0.7720000000E+00      0.8845118027E+03      0.2463296939E+03      0.5400132940E+00
0.7740000000E+00      0.8874434936E+03      0.2479143663E+03      0.5410568221E+00
0.7760000000E+00      0.8903792862E+03      0.2495043122E+03      0.5420958271E+00
0.7780000000E+00      0.8933191833E+03      0.2510995288E+03      0.5431303268E+00
0.7800000000E+00      0.8962631880E+03      0.2527000127E+03      0.5441603392E+00
0.7820000000E+00      0.8992113033E+03      0.2543057611E+03      0.5451858820E+00
0.7840000000E+00      0.9021635320E+03      0.2559167706E+03      0.5462069734E+00
0.7860000000E+00      0.9051198772E+03      0.2575330383E+03      0.5472236312E+00
0.7880000000E+00      0.9080803417E+03      0.2591545609E+03      0.5482358734E+00
0.7900000000E+00      0.9110449284E+03      0.2607813354E+03      0.5492437182E+00
0.7920000000E+00      0.9140136402E+03      0.2624133587E+03      0.5502471836E+00
0.7940000000E+00      0.9169864799E+03      0.2640506275E+03      0.5512462877E+00
0.7960000000E+00      0.9199634502E+03      0.2656931388E+03      0.5522410487E+00
0.7980000000E+00      0.9229445541E+03      0.2673408894E+03      0.5532314846E+00
0.8000000000E+00      0.9259297942E+03      0.2689938762E+03      0.5542176137E+00
0.8020000000E+00      0.9289191734E+03      0.2706520959E+03      0.5551994542E+00
0.8040000000E+00      0.9319126942E+03      0.2723155456E+03      0.5561770242E+00
0.8060000000E+00      0.9349103595E+03      0.2739842219E+03      0.5571503420E+00
0.8080000000E+00      0.9379121720E+03      0.2756581218E+03      0.5581194257E+00
0.8100000000E+00      0.9409181342E+03      0.2773372421E+03      0.5590842937E+00
0.8120000000E+00      0.9439282488E+03      0.2790215796E+03      0.5600449640E+00
0.8140000000E+00      0.9469425184E+03      0.2807111312E+03      0.5610014551E+00
0.8160000000E+00      0.9499609457E+03      0.2824058937E+03      0.5619537850E+00
0.8180000000E+00      0.9529835332E+03      0.2841058639E+03      0.5629019721E+00
0.8200000000E+00      0.9560102834E+03      0.2858110387E+03      0.5638460345E+00
0.8220000000E+00      0.9590411990E+03      0.2875214150E+03      0.5647859905E+00
0.8240000000E+00      0.9620762824E+03      0.2892369894E+03      0.5657218584E+00
0.8260000000E+00      0.9651155361E+03      0.2909577589E+03      0.5666536562E+00
0.8280000000E+00      0.9681589626E+03      0.2926837203E+03      0.5675814023E+00
0.8300000000E+00      0.9712065644E+03      0.2944148705E+03      0.5685051148E+00
0.8320000000E+00      0.9742583438E+03      0.2961512062E+03      0.5694248119E+00
0.8340000000E+00      0.9773143034E+03      0.2978927244E+03      0.5703405117E+00
0.8360000000E+00      0.9803744455E+03      0.2996394218E+03      0.5712522325E+00
0.8380000000E+00      0.9834387725E+03      0.3013912953E+03      0.5721599922E+00
0.8400000000E+00      0.9865072867E+03      0.3031483417E+03      0.5730638091E+00
0.8420000000E+00      0.9895799905E+03      0.3049105578E+03      0.5739637011E+00
0.8440000000E+00      0.9926568863E+03      0.3066779406E+03      0.5748596865E+00
0.8460000000E+00      0.9957379762E+03      0.3084504868E+03      0.5757517831E+00
0.8480000000E+00      0.9988232627E+03      0.3102281934E+03      0.5766400091E+00
0.8500000000E+00      0.1001912748E+04      0.3120110570E+03      0.5775106875E+00
0.8520000000E+00      0.1005006434E+04      0.3137990747E+03      0.5783911790E+00
0.8540000000E+00      0.1008104324E+04      0.3155922432E+03      0.5792678535E+00
0.8560000000E+00      0.1011206419E+04      0.3173905594E+03      0.5801407289E+00
0.8580000000E+00      0.1014312722E+04      0.3191940202E+03      0.5810098230E+00
0.8600000000E+00      0.1017423234E+04      0.3210026225E+03      0.5818751537E+00
0.8620000000E+00      0.1020537959E+04      0.3228163630E+03      0.5827367388E+00
0.8640000000E+00      0.1023656898E+04      0.3246352387E+03      0.5835945960E+00
0.8660000000E+00      0.1026780053E+04      0.3264592465E+03      0.5844487430E+00
0.8680000000E+00      0.1029907426E+04      0.3282883831E+03      0.5852991976E+00
0.8700000000E+00      0.1033039020E+04      0.3301226456E+03      0.5861459774E+00
0.8720000000E+00      0.1036174837E+04      0.3319620307E+03      0.5869891000E+00
0.8740000000E+00      0.1039314878E+04      0.3338065355E+03      0.5878285829E+00
0.8760000000E+00      0.1042459146E+04      0.3356561567E+03      0.5886644436E+00
0.8780000000E+00      0.1045607643E+04      0.3375108913E+03      0.5894966998E+00
0.8800000000E+00      0.1048760370E+04      0.3393707361E+03      0.5903253687E+00
0.8820000000E+00      0.1051917330E+04      0.3412356882E+03      0.5911504678E+00
0.8840000000E+00      0.1055078525E+04      0.3431057443E+03      0.5919720144E+00
0.8860000000E+00      0.1058243957E+04      0.3449809014E+03      0.5927900258E+00
0.8880000000E+00      0.1061413627E+04      0.3468611565E+03      0.5936045194E+00
0.8900000000E+00      0.1064587538E+04      0.3487465065E+03      0.5944155122E+00
0.8920000000E+00      0.1067765691E+04      0.3506369482E+03      0.5952230214E+00
0.8940000000E+00      0.1070948088E+04      0.3525324787E+03      0.5960270642E+00
0.8960000000E+00      0.1074134732E+04      0.3544330949E+03      0.5968276576E+00
0.8980000000E+00      0.1077325624E+04      0.3563387937E+03      0.5976248186E+00
0.9000000000E+00      0.1080520766E+04      0.3582495721E+03      0.5984185642E+00
0.9020000000E+00      0.1083720159E+04      0.3601654271E+03      0.5992089113E+00
0.9040000000E+00      0.1086923806E+04      0.3620863555E+03      0.5999958767E+00
0.9060000000E+00      0.1090131709E+04      0.3640123545E+03      0.6007794772E+00
0.9080000000E+00      0.1093343869E+04      0.3659434210E+03      0.6015597296E+00
0.9100000000E+00      0.1096560288E+04      0.3678795519E+03      0.6023366505E+00
0.9120000000E+00      0.1099780968E+04      0.3698207443E+03      0.6031102566E+00
0.9140000000E+00      0.1103005910E+04      0.3717669952E+03      0.6038805645E+00
0.9160000000E+00      0.1106235117E+04      0.3737183015E+03      0.6046475907E+00
0.9180000000E+00      0.1109468589E+04      0.3756746603E+03      0.6054113516E+00
0.9200000000E+00      0.1112706330E+04      0.3776360687E+03      0.6061718637E+00
0.9220000000E+00      0.1115948340E+04      0.3796025235E+03      0.6069291434E+00
0.9240000000E+00      0.1119194620E+04      0.3815740219E+03      0.6076832068E+00
0.9260000000E+00      0.1122445174E+04      0.3835505610E+03      0.6084340703E+00
0.9280000000E+00      0.1125700002E+04      0.3855321376E+03      0.6091817500E+00
0.9300000000E+00      0.1128959106E+04      0.3875187490E+03      0.6099262621E+00
0.9320000000E+00      0.1132222488E+04      0.3895103922E+03      0.6106676225E+00
0.9340000000E+00      0.1135490149E+04      0.3915070642E+03      0.6114058474E+00
0.9360000000E+00      0.1138762091E+04      0.3935087622E+03      0.6121409526E+00
0.9380000000E+00      0.1142038316E+04      0.3955154832E+03      0.6128729541E+00
0.9400000000E+00      0.1145318824E+04      0.3975272242E+03      0.6136018676E+00
0.9420000000E+00      0.1148603619E+04      0.3995439825E+03      0.6143277088E+00
0.9440000000E+00      0.1151892700E+04      0.4015657551E+03      0.6150504936E+00
0.9460000000E+00      0.1155186070E+04      0.4035925391E+03      0.6157702375E+00
0.9480000000E+00      0.1158483731E+04      0.4056243316E+03      0.6164869560E+00
0.9500000000E+00      0.1161785683E+04      0.4076611299E+03      0.6172006648E+00
0.9520000000E+00      0.1165091928E+04      0.4097029309E+03      0.6179113792E+00
0.9540000000E+00      0.1168402468E+04      0.4117497320E+03      0.6186191147E+00
0.9560000000E+00      0.1171717305E+04      0.4138015301E+03      0.6193238865E+00
0.9580000000E+00      0.1175036439E+04      0.4158583226E+03      0.6200257099E+00
0.9600000000E+00      0.1178359872E+04      0.4179201065E+03      0.6207246002E+00
0.9620000000E+00      0.1181687606E+04      0.4199868790E+03      0.6214205723E+00
0.9640000000E+00      0.1185019642E+04      0.4220586374E+03      0.6221136415E+00
0.9660000000E+00      0.1188355981E+04      0.4241353788E+03      0.6228038227E+00
0.9680000000E+00      0.1191696625E+04      0.4262171004E+03      0.6234911308E+00
0.9700000000E+00      0.1195041575E+04      0.4283037995E+03      0.6241755808E+00
0.9720000000E+00      0.1198390833E+04      0.4303954732E+03      0.6248571874E+00
0.9740000000E+00      0.1201744400E+04      0.4324921189E+03      0.6255359654E+00
0.9760000000E+00      0.1205102277E+04      0.4345937336E+03      0.6262119295E+00
0.9780000000E+00      0.1208464466E+04      0.4367003148E+03      0.6268850942E+00
0.9800000000E+00      0.1211830968E+04      0.4388118596E+03      0.6275554742E+00
0.9820000000E+00      0.1215201784E+04      0.4409283652E+03      0.6282230839E+00
0.9840000000E+00      0.1218576916E+04      0.4430498291E+03      0.6288879378E+00
0.9860000000E+00      0.1221956365E+04      0.4451762484E+03      0.6295500502E+00
0.9880000000E+00      0.1225340132E+04      0.4473076204E+03      0.6302094354E+00
0.9900000000E+00      0.1228728219E+04      0.4494439425E+03      0.6308661077E+00
0.9920000000E+00      0.1232120626E+04      0.4515852119E+03      0.6315200812E+00
0.9940000000E+00      0.1235517356E+04      0.4537314260E+03      0.6321713700E+00
0.9960000000E+00      0.1238918408E+04      0.4558825821E+03      0.6328199881E+00
0.9980000000E+00      0.1242323786E+04      0.4580386775E+03      0.6334659496E+00
0.1000000000E+01      0.1245733489E+04      0.4601997095E+03      0.6341092683E+00
0.1002000000E+01      0.1249147519E+04      0.4623656756E+03      0.6347499581E+00
0.1004000000E+01      0.1252565877E+04      0.4645365730E+03      0.6353880328E+00
0.1006000000E+01      0.1255988565E+04      0.4667123992E+03      0.6360235060E+00
0.1008000000E+01      0.1259415583E+04      0.4688931516E+03      0.6366563914E+00
0.1010000000E+01      0.1262846933E+04      0.4710788274E+03      0.6372867026E+00
0.1012000000E+01      0.1266282616E+04      0.4732694241E+03      0.6379144531E+00
0.1014000000E+01      0.1269722633E+04      0.4754649392E+03      0.6385396564E+00
0.1016000000E+01      0.1273166986E+04      0.4776653699E+03      0.6391623258E+00
0.1018000000E+01      0.1276615675E+04      0.4798707138E+03      0.6397824747E+00
0.1020000000E+01      0.1280068701E+04      0.4820809683E+03      0.6404001164E+00
0.1022000000E+01      0.1283526066E+04      0.4842961308E+03      0.6410152640E+00
0.1024000000E+01      0.1286987771E+04      0.4865161988E+03      0.6416279307E+00
0.1026000000E+01      0.1290453816E+04      0.4887411697E+03      0.6422381295E+00
0.1028000000E+01      0.1293924204E+04      0.4909710411E+03      0.6428458735E+00
0.1030000000E+01      0.1297398934E+04      0.4932058103E+03      0.6434511755E+00
0.1032000000E+01      0.1300878009E+04      0.4954454748E+03      0.6440540485E+00
0.1034000000E+01      0.1304361429E+04      0.4976900322E+03      0.6446545053E+00
0.1036000000E+01      0.1307849195E+04      0.4999394800E+03      0.6452525586E+00
0.1038000000E+01      0.1311341308E+04      0.5021938157E+03      0.6458482211E+00
0.1040000000E+01      0.1314837770E+04      0.5044530367E+03      0.6464415054E+00
0.1042000000E+01      0.1318338581E+04      0.5067171407E+03      0.6470324241E+00
0.1044000000E+01      0.1321843742E+04      0.5089861252E+03      0.6476209897E+00
0.1046000000E+01      0.1325353255E+04      0.5112599877E+03      0.6482072146E+00
0.1048000000E+01      0.1328867120E+04      0.5135387257E+03      0.6487911112E+00
0.1050000000E+01      0.1332385339E+04      0.5158223370E+03      0.6493726917E+00
0.1052000000E+01      0.1335907911E+04      0.5181108189E+03      0.6499519685E+00
0.1054000000E+01      0.1339434840E+04      0.5204041692E+03      0.6505289537E+00
0.1056000000E+01      0.1342966124E+04      0.5227023854E+03      0.6511036594E+00
0.1058000000E+01      0.1346501766E+04      0.5250054651E+03      0.6516760977E+00
0.1060000000E+01      0.1350041766E+04      0.5273134060E+03      0.6522462806E+00
0.1062000000E+01      0.1353586126E+04      0.5296262056E+03      0.6528142200E+00
0.1064000000E+01      0.1357134845E+04      0.5319438616E+03      0.6533799278E+00
0.1066000000E+01      0.1360687926E+04      0.5342663717E+03      0.6539434158E+00
0.1068000000E+01      0.1364245368E+04      0.5365937334E+03      0.6545046957E+00
0.1070000000E+01      0.1367807174E+04      0.5389259445E+03      0.6550637793E+00
0.1072000000E+01      0.1371373343E+04      0.5412630026E+03      0.6556205328E+00
0.1074000000E+01      0.1374943877E+04      0.5436049055E+03      0.6561752589E+00
0.1076000000E+01      0.1378518776E+04      0.5459516507E+03      0.6567278234E+00
0.1078000000E+01      0.1382098042E+04      0.5483032359E+03      0.6572782376E+00
0.1080000000E+01      0.1385681675E+04      0.5506596590E+03      0.6578265129E+00
0.1082000000E+01      0.1389269677E+04      0.5530209176E+03      0.6583726608E+00
0.1084000000E+01      0.1392862048E+04      0.5553870094E+03      0.6589166924E+00
0.1086000000E+01      0.1396458788E+04      0.5577579322E+03      0.6594586189E+00
0.1088000000E+01      0.1400059899E+04      0.5601336837E+03      0.6599984515E+00
0.1090000000E+01      0.1403665382E+04      0.5625142617E+03      0.6605362013E+00
0.1092000000E+01      0.1407275238E+04      0.5648996639E+03      0.6610718793E+00
0.1094000000E+01      0.1410889467E+04      0.5672898880E+03      0.6616054965E+00
0.1096000000E+01      0.1414508069E+04      0.5696849320E+03      0.6621370638E+00
0.1098000000E+01      0.1418131047E+04      0.5720847935E+03      0.6626665920E+00
0.1100000000E+01      0.1421758401E+04      0.5744894704E+03      0.6631940919E+00
0.1102000000E+01      0.1425390131E+04      0.5768989604E+03      0.6637195743E+00
0.1104000000E+01      0.1429026238E+04      0.5793132615E+03      0.6642430499E+00
0.1106000000E+01      0.1432666723E+04      0.5817323713E+03      0.6647645291E+00
0.1108000000E+01      0.1436311587E+04      0.5841562878E+03      0.6652840227E+00
0.1110000000E+01      0.1439960831E+04      0.5865850088E+03      0.6658015412E+00
0.1112000000E+01      0.1443614456E+04      0.5890185321E+03      0.6663170949E+00
0.1114000000E+01      0.1447272461E+04      0.5914568556E+03      0.6668306943E+00
0.1116000000E+01      0.1450934848E+04      0.5938999772E+03      0.6673423497E+00
0.1118000000E+01      0.1454601618E+04      0.5963478948E+03      0.6678520713E+00
0.1120000000E+01      0.1458272772E+04      0.5988006062E+03      0.6683598695E+00
0.1122000000E+01      0.1461948309E+04      0.6012581093E+03      0.6688657543E+00
0.1124000000E+01      0.1465628232E+04      0.6037204020E+03      0.6693697359E+00
0.1126000000E+01      0.1469312540E+04      0.6061874823E+03      0.6698718243E+00
0.1128000000E+01      0.1473001234E+04      0.6086593481E+03      0.6703720296E+00
0.1130000000E+01      0.1476694315E+04      0.6111359974E+03      0.6708703617E+00
0.1132000000E+01      0.1480391784E+04      0.6136174279E+03      0.6713668304E+00
0.1134000000E+01      0.1484093641E+04      0.6161036378E+03      0.6718614457E+00
0.1136000000E+01      0.1487799887E+04      0.6185946249E+03      0.6723542172E+00
0.1138000000E+01      0.1491510524E+04      0.6210903870E+03      0.6728399686E+00
0.1140000000E+01      0.1495225550E+04      0.6235909229E+03      0.6733343980E+00
0.1142000000E+01      0.1498944967E+04      0.6260962297E+03      0.6738215666E+00
0.1144000000E+01      0.1502668777E+04      0.6286063054E+03      0.6743018305E+00
0.1146000000E+01      0.1506396978E+04      0.6311211488E+03      0.6747908865E+00
0.1148000000E+01      0.1510129573E+04      0.6336407572E+03      0.6752726696E+00
0.1150000000E+01      0.1513866562E+04      0.6361651285E+03      0.6757475315E+00
0.1152000000E+01      0.1517607944E+04      0.6386942617E+03      0.6762312996E+00
0.1154000000E+01      0.1521353723E+04      0.6412281531E+03      0.6766998739E+00
0.1156000000E+01      0.1525103896E+04      0.6437668026E+03      0.6771747210E+00
0.1158000000E+01      0.1528858466E+04      0.6463102075E+03      0.6776478284E+00
0.1160000000E+01      0.1532617432E+04      0.6488583658E+03      0.6781192054E+00
0.1162000000E+01      0.1536380796E+04      0.6514112757E+03      0.6785769599E+00
0.1164000000E+01      0.1540148559E+04      0.6539689352E+03      0.6790448598E+00
0.1166000000E+01      0.1543920719E+04      0.6565313425E+03      0.6795110563E+00
0.1168000000E+01      0.1547697279E+04      0.6590984955E+03      0.6799755583E+00
0.1170000000E+01      0.1551478239E+04      0.6616703924E+03      0.6804383747E+00
0.1172000000E+01      0.1555263600E+04      0.6642470314E+03      0.6808995144E+00
0.1174000000E+01      0.1559053361E+04      0.6668284105E+03      0.6813589860E+00
0.1176000000E+01      0.1562847524E+04      0.6694145279E+03      0.6818167985E+00
0.1178000000E+01      0.1566646089E+04      0.6720053818E+03      0.6822729604E+00
0.1180000000E+01      0.1570449057E+04      0.6746009702E+03      0.6827274805E+00
0.1182000000E+01      0.1574256429E+04      0.6772012913E+03      0.6831803673E+00
0.1184000000E+01      0.1578068204E+04      0.6798063434E+03      0.6836316293E+00
0.1186000000E+01      0.1581884383E+04      0.6824161245E+03      0.6840812752E+00
0.1188000000E+01      0.1585704968E+04      0.6850306329E+03      0.6845293133E+00
0.1190000000E+01      0.1589529958E+04      0.6876498667E+03      0.6849757521E+00
0.1192000000E+01      0.1593359354E+04      0.6902738242E+03      0.6854205998E+00
0.1194000000E+01      0.1597193157E+04      0.6929025036E+03      0.6858638649E+00
0.1196000000E+01      0.1601031367E+04      0.6955359030E+03      0.6863055556E+00
0.1198000000E+01      0.1604873984E+04      0.6981740207E+03      0.6867456800E+00
0.1200000000E+01      0.1608721009E+04      0.7008168550E+03      0.6871842465E+00
