# M(M_sol)                 Lambda          n_Bc(fm^-3)         R(km)            m_B(M_sol)        m_Bquar/M_B
0.1509265175     55379341.1066026166      0.0800000000      24.7941160231      0.1511720394      0.0000000000
0.1587928914     43915522.7099175975      0.0820000000      23.5221068908      0.1591517468      0.0000000000
0.1667539505     35304326.5285778344      0.0840000000      22.4864453225      0.1672361582      0.0000000000
0.1747984851     28702847.2472378016      0.0860000000      21.6290549108      0.1754140475      0.0000000000
0.1829173949     23560128.5252895020      0.0880000000      20.9092114007      0.1836763065      0.0000000000
0.1911032777     19500550.0180698372      0.0900000000      20.2975440433      0.1920155337      0.0000000000
0.1993501475     16259835.2016246673      0.0920000000      19.7723575969      0.2004257528      0.0000000000
0.2076532220     13647457.0733282287      0.0940000000      19.3172939914      0.2089022025      0.0000000000
0.2160087591     11523331.8846289087      0.0960000000      18.9197977815      0.2174411734      0.0000000000
0.2244139329      9782783.4079899918      0.0980000000      18.5700802990      0.2260398861      0.0000000000
0.2328667225      8346501.2369371140      0.1000000000      18.2604039613      0.2346963808      0.0000000000
0.2413658280      7153675.1050136834      0.1020000000      17.9845776250      0.2434094346      0.0000000000
0.2499105924      6157181.0905583808      0.1040000000      17.7375923663      0.2521784853      0.0000000000
0.2585009338      5320158.5671192724      0.1060000000      17.5153565145      0.2610035636      0.0000000000
0.2671372895      4613524.8337240983      0.1080000000      17.3144969667      0.2698852387      0.0000000000
0.2758205585      4014155.6345048877      0.1100000000      17.1322111480      0.2788245619      0.0000000000
0.2845520581      3503530.1497996948      0.1120000000      16.9661528164      0.2878230234      0.0000000000
0.2931856605      3073500.8251175112      0.1140000000      16.8167770464      0.2967299305      0.0000000000
0.3017035056      2709793.8410462276      0.1160000000      16.6820407848      0.3055265029      0.0000000000
0.3101737059      2397985.9997673212      0.1180000000      16.5590053259      0.3142828149      0.0000000000
0.3186181214      2128784.9143554517      0.1200000000      16.4459585197      0.3230213448      0.0000000000
0.3270505175      1895087.7295658849      0.1220000000      16.3415896124      0.3317562756      0.0000000000
0.3354814408      1691261.3794553382      0.1240000000      16.2448378077      0.3404985110      0.0000000000
0.3439198171      1512754.7221652186      0.1260000000      16.1548230814      0.3492573175      0.0000000000
0.3523736374      1355843.4591617107      0.1280000000      16.0708033334      0.3580410287      0.0000000000
0.3608503046      1217452.8035759982      0.1300000000      15.9921473408      0.3668574012      0.0000000000
0.3693568279      1095022.9859863587      0.1320000000      15.9183133356      0.3757138149      0.0000000000
0.3778999237       986409.5189857525      0.1340000000      15.8488333781      0.3846173750      0.0000000000
0.3864860870       889805.0034071029      0.1360000000      15.7833013550      0.3935749867      0.0000000000
0.3951216376       803677.9527274069      0.1380000000      15.7213633030      0.4025934014      0.0000000000
0.4038127354       726724.4305650784      0.1400000000      15.6627092473      0.4116792332      0.0000000000
0.4125654058       657829.0851048314      0.1420000000      15.6070670877      0.4208389841      0.0000000000
0.4213855407       596033.9142319764      0.1440000000      15.5541969520      0.4300790456      0.0000000000
0.4302789096       540512.7058557087      0.1460000000      15.5038870651      0.4394057097      0.0000000000
0.4392511528       490550.2028813772      0.1480000000      15.4559495167      0.4488251621      0.0000000000
0.4483077891       445525.2322511247      0.1500000000      15.4102179250      0.4583434897      0.0000000000
0.4574542047       404896.1732033563      0.1520000000      15.3665438832      0.4679666693      0.0000000000
0.4666956525       368189.5371119672      0.1540000000      15.3247952231      0.4777005669      0.0000000000
0.4760372460       334989.9178511639      0.1560000000      15.2848537315      0.4875509306      0.0000000000
0.4854839526       304931.9866654696      0.1580000000      15.2466136523      0.4975233844      0.0000000000
0.4950405866       277693.4461561876      0.1600000000      15.2099801230      0.5076234201      0.0000000000
0.5047117999       252989.2200924406      0.1620000000      15.1748676251      0.5178563875      0.0000000000
0.5145020865       230566.6000467499      0.1640000000      15.1411995063      0.5282274990      0.0000000000
0.5244157398       210200.9881056843      0.1660000000      15.1089062621      0.5387417844      0.0000000000
0.5344568894       191692.2815116230      0.1680000000      15.0779250407      0.5494041294      0.0000000000
0.5446294627       174861.8939387887      0.1700000000      15.0481988469      0.5602192346      0.0000000000
0.5549371860       159550.0513869766      0.1720000000      15.0196757429      0.5711916161      0.0000000000
0.5653835727       145613.5877239373      0.1740000000      14.9923083032      0.5823255926      0.0000000000
0.5759719170       132923.9658307993      0.1760000000      14.9660531801      0.5936252784      0.0000000000
0.5867052831       121365.5895217571      0.1780000000      14.9408702902      0.6050945708      0.0000000000
0.5975864989       110834.3487024895      0.1800000000      14.9167227781      0.6167371424      0.0000000000
0.6086181474       101236.3299927375      0.1820000000      14.8935763981      0.6285564318      0.0000000000
0.6198025569        92486.7219316914      0.1840000000      14.8713991421      0.6405556313      0.0000000000
0.6311417974        84508.8193976638      0.1860000000      14.8501610854      0.6527376821      0.0000000000
0.6426376700        77233.1726606891      0.1880000000      14.8298339234      0.6651052625      0.0000000000
0.6542917227        70596.8420465741      0.1900000000      14.8103909857      0.6776608022      0.0000000000
0.6661051687        64542.7584463553      0.1920000000      14.7918067523      0.6904063938      0.0000000000
0.6780789739        59019.0911971999      0.1940000000      14.7740567911      0.7033438850      0.0000000000
0.6902138654        53978.7250195948      0.1960000000      14.7571175245      0.7164748864      0.0000000000
0.7025101768        49378.8700581391      0.1980000000      14.7409661514      0.7298006023      0.0000000000
0.7149680136        45180.5775406708      0.2000000000      14.7255805094      0.7433220077      0.0000000000
0.7275871675        41348.3904563610      0.2020000000      14.7109388092      0.7570397527      0.0000000000
0.7403671305        37850.0446906618      0.2040000000      14.6970198102      0.7709541768      0.0000000000
0.7533070971        34656.1302978853      0.2060000000      14.6838024681      0.7850653077      0.0000000000
0.7664059614        31739.8664050147      0.2080000000      14.6712660091      0.7993728563      0.0000000000
0.7796623218        29076.8350043242      0.2100000000      14.6593898508      0.8138762190      0.0000000000
0.7930744817        26644.7792282052      0.2120000000      14.6481535526      0.8285744763      0.0000000000
0.8066404521        24423.4080394709      0.2140000000      14.6375367184      0.8434663918      0.0000000000
0.8203579572        22394.2175870560      0.2160000000      14.6275190684      0.8585504165      0.0000000000
0.8342244379        20540.3332231029      0.2180000000      14.6180802948      0.8738246892      0.0000000000
0.8482370598        18846.3670031506      0.2200000000      14.6092002706      0.8892870423      0.0000000000
0.8623927166        17298.2847004051      0.2220000000      14.6008586785      0.9049350029      0.0000000000
0.8766880413        15883.2862546923      0.2240000000      14.5930354181      0.9207658017      0.0000000000
0.8911194123        14589.6980659585      0.2260000000      14.5857103249      0.9367763765      0.0000000000
0.9056829624        13406.8757749063      0.2280000000      14.5788632771      0.9529633795      0.0000000000
0.9203745900        12325.1109179303      0.2300000000      14.5724742613      0.9693231867      0.0000000000
0.9351899688        11335.5503394975      0.2320000000      14.5665233140      0.9858519047      0.0000000000
0.9501245479        10430.1215991963      0.2340000000      14.5609905005      1.0025453687      0.0000000000
0.9651736054         9601.4637812328      0.2360000000      14.5558560185      1.0193991987      0.0000000000
0.9803321984         8842.8666987569      0.2380000000      14.5511002794      1.0364087411      0.0000000000
0.9955952171         8148.2120236097      0.2400000000      14.5467037638      1.0535691259      0.0000000000
1.0109573872         7511.9215659034      0.2420000000      14.5426471772      1.0708752668      0.0000000000
1.0264132828         6928.9108338778      0.2440000000      14.5389114023      1.0883218729      0.0000000000
1.0419573401         6394.5446934918      0.2460000000      14.5354775752      1.1059034615      0.0000000000
1.0575838715         5904.5969384351      0.2480000000      14.5323270298      1.1236143717      0.0000000000
1.0732870789         5455.2165219192      0.2500000000      14.5294414865      1.1414487766      0.0000000000
1.0890610675         5042.8923495199      0.2520000000      14.5268028745      1.1594006970      0.0000000000
1.1048998608         4664.4234242734      0.2540000000      14.5243935245      1.1774640163      0.0000000000
1.1207974121         4316.8926702286      0.2560000000      14.5221960374      1.1956324916      0.0000000000
1.1367476216         3997.6395326386      0.2580000000      14.5201934265      1.2138997711      0.0000000000
1.1527443469         3704.2394480220      0.2600000000      14.5183690571      1.2322594049      0.0000000000
1.1687814180         3434.4815389357      0.2620000000      14.5167067889      1.2507048604      0.0000000000
1.1848526500         3186.3496449670      0.2640000000      14.5151907967      1.2692295357      0.0000000000
1.2009518556         2958.0056084154      0.2660000000      14.5138057127      1.2878267724      0.0000000000
1.2170728589         2747.7724151584      0.2680000000      14.5125366513      1.3064898716      0.0000000000
1.2332095059         2554.1208312024      0.2700000000      14.5113691916      1.3252121040      0.0000000000
1.2493556767         2375.6554672206      0.2720000000      14.5102892746      1.3439867239      0.0000000000
1.2655052970         2211.1031686430      0.2740000000      14.5092834132      1.3628069827      0.0000000000
1.2816523487         2059.3022915673      0.2760000000      14.5083386056      1.3816661402      0.0000000000
1.2977908806         1919.1919279111      0.2780000000      14.5074422673      1.4005574771      0.0000000000
1.3139150167         1789.8040215828      0.2800000000      14.5065823748      1.4194743051      0.0000000000
1.3300189669         1670.2542680129      0.2820000000      14.5057472881      1.4384099793      0.0000000000
1.3460970350         1559.7350137995      0.2840000000      14.5049259600      1.4573579086      0.0000000000
1.3621436268         1457.5082661767      0.2860000000      14.5041077837      1.4763115651      0.0000000000
1.3781532577         1362.8996097327      0.2880000000      14.5032826262      1.4952644940      0.0000000000
1.3941205594         1275.2924166057      0.2900000000      14.5024408435      1.5142103227      0.0000000000
1.4100402866         1194.1229693748      0.2920000000      14.5015732817      1.5331427692      0.0000000000
1.4259073255         1118.8755145208      0.2940000000      14.5006712461      1.5520556540      0.0000000000
1.4417166864         1049.0780385830      0.2960000000      14.4997264721      1.5709428918      0.0000000000
1.4574635282          984.2986655618      0.2980000000      14.4987312104      1.5897985222      0.0000000000
1.4731431487          924.1418141961      0.3000000000      14.4976781117      1.6086167005      0.0000000000
1.4887509921          868.2451885704      0.3020000000      14.4965602815      1.6273917067      0.0000000000
1.5042826516          816.2767577918      0.3040000000      14.4953712563      1.6461179515      0.0000000000
1.5197338722          767.9321724940      0.3060000000      14.4941049593      1.6647899810      0.0000000000
1.5351005526          722.9323537224      0.3080000000      14.4927557544      1.6834024807      0.0000000000
1.5503787473          681.0212384323      0.3100000000      14.4913184047      1.7019502798      0.0000000000
1.5655646668          641.9638395479      0.3120000000      14.4897880226      1.7204283537      0.0000000000
1.5806546790          605.5444003887      0.3140000000      14.4881601164      1.7388318276      0.0000000000
1.5956453096          571.5647172270      0.3160000000      14.4864305516      1.7571559785      0.0000000000
1.6105332412          539.8426838161      0.3180000000      14.4845955228      1.7753962368      0.0000000000
1.6253153139          510.2108118287      0.3200000000      14.4826515812      1.7935481890      0.0000000000
1.6399885236          482.5151420852      0.3220000000      14.4805955958      1.8116075771      0.0000000000
1.6545500217          456.6139464282      0.3240000000      14.4784247510      1.8295703008      0.0000000000
1.6689971127          432.3767651978      0.3260000000      14.4761365195      1.8474324167      0.0000000000
1.6833272532          409.6834591813      0.3280000000      14.4737286544      1.8651901390      0.0000000000
1.6975380498          388.4233018900      0.3300000000      14.4711992011      1.8828398391      0.0000000000
1.7116272570          368.4942308161      0.3320000000      14.4685464653      1.9003780448      0.0000000000
1.7255927740          349.8021166240      0.3340000000      14.4657689533      1.9178014387      0.0000000000
1.7394326437          332.2600845296      0.3360000000      14.4628654921      1.9351068587      0.0000000000
1.7531450481          315.7879432222      0.3380000000      14.4598351032      1.9522912946      0.0000000000
1.7667283066          300.3116415652      0.3400000000      14.4566769758      1.9693518875      0.0000000000
1.7801808723          285.7627128258      0.3420000000      14.4533905656      1.9862859278      0.0000000000
1.7935013291          272.0778955334      0.3440000000      14.4499754851      2.0030908526      0.0000000000
1.8066883885          259.1986554126      0.3460000000      14.4464315618      2.0197642441      0.0000000000
1.8197408857          247.0708127787      0.3480000000      14.4427587794      2.0363038265      0.0000000000
1.8326577766          235.6442233632      0.3500000000      14.4389572584      2.0527074636      0.0000000000
1.8454381336          224.8724235223      0.3520000000      14.4350273203      2.0689731555      0.0000000000
1.8580811442          214.7123569458      0.3540000000      14.4309694090      2.0850990387      0.0000000000
1.8705861040          205.1240941031      0.3560000000      14.4267841003      2.1010833781      0.0000000000
1.8829524161          196.0705849466      0.3580000000      14.4224721019      2.1169245688      0.0000000000
1.8951795841          187.5174606213      0.3600000000      14.4180342283      2.1326211277      0.0000000000
1.9072672128          179.4327973916      0.3620000000      14.4134714343      2.1481716965      0.0000000000
1.9192150016          171.7869121032      0.3640000000      14.4087847458      2.1635750343      0.0000000000
1.9310227415          164.5522468313      0.3660000000      14.4039753001      2.1788300155      0.0000000000
1.9426903119          157.7031533254      0.3680000000      14.3990443286      2.1939356266      0.0000000000
1.9542176769          151.2157601197      0.3700000000      14.3939931201      2.2088909626      0.0000000000
1.9656048813          145.0678704052      0.3720000000      14.3888230677      2.2236952234      0.0000000000
1.9768520481          139.2387851729      0.3740000000      14.3835356013      2.2383477117      0.0000000000
1.9879593744          133.7092262001      0.3760000000      14.3781322542      2.2528478282      0.0000000000
1.9989271282          128.4612200991      0.3780000000      14.3726145622      2.2671950689      0.0000000000
2.0097556452          123.4780085038      0.3800000000      14.3669841653      2.2813890223      0.0000000000
2.0204453259          118.7439437611      0.3820000000      14.3612427302      2.2954293655      0.0000000000
2.0309966317          114.2444179219      0.3840000000      14.3553919578      2.3093158609      0.0000000000
2.0414100826          109.9657880158      0.3860000000      14.3494336051      2.3230483537      0.0000000000
2.0516862537          105.8953064951      0.3880000000      14.3433694303      2.3366267679      0.0000000000
2.0618257725          102.0210518152      0.3900000000      14.3372012528      2.3500511037      0.0000000000
2.0718293161           98.3318719735      0.3920000000      14.3309308950      2.3633214346      0.0000000000
2.0816976084           94.8173306787      0.3940000000      14.3245602143      2.3764379040      0.0000000000
2.0914314171           91.4676592167      0.3960000000      14.3180910816      2.3894007223      0.0000000000
2.1010315518           88.2737051883      0.3980000000      14.3115253764      2.4022101642      0.0000000000
2.1104988607           85.2268910431      0.4000000000      14.3048649836      2.4148665658      0.0000000000
2.1198342287           82.3191756949      0.4020000000      14.2981118169      2.4273703220      0.0000000000
2.1290385751           79.5430116111      0.4040000000      14.2912677935      2.4397218835      0.0000000000
2.1381128505           76.8913255381      0.4060000000      14.2843348020      2.4519217540      0.0000000000
2.1470580357           74.3574684990      0.4080000000      14.2773147700      2.4639704885      0.0000000000
2.1558751389           71.9351989414      0.4100000000      14.2702095995      2.4758686899      0.0000000000
2.1645651938           69.6186504780      0.4120000000      14.2630212033      2.4876170070      0.0000000000
2.1731292579           67.4023092006      0.4140000000      14.2557514675      2.4992161320      0.0000000000
2.1815684100           65.2809873632      0.4160000000      14.2484023025      2.5106667984      0.0000000000
2.1898837490           63.2498055815      0.4180000000      14.2409755808      2.5219697784      0.0000000000
2.1980763919           61.3041703357      0.4200000000      14.2334731750      2.5331258810      0.0000000000
2.2061474722           59.4397547256      0.4220000000      14.2258969460      2.5441359501      0.0000000000
2.2140981380           57.6524846689      0.4240000000      14.2182487372      2.5550008619      0.0000000000
2.2219295510           55.9385161277      0.4260000000      14.2105303870      2.5657215237      0.0000000000
2.2296428847           54.2942278108      0.4280000000      14.2027437084      2.5762988713      0.0000000000
2.2372393228           52.7162041343      0.4300000000      14.1948904868      2.5867338673      0.0000000000
2.2447200586           51.2012181479      0.4320000000      14.1869725247      2.5970274999      0.0000000000
2.2520862928           49.7462272173      0.4340000000      14.1789915708      2.6071807808      0.0000000000
2.2593392329           48.3483556549      0.4360000000      14.1709493648      2.6171947432      0.0000000000
2.2664800917           47.0048880568      0.4380000000      14.1628476354      2.6270704406      0.0000000000
2.2735100868           45.7132533746      0.4400000000      14.1546880776      2.6368089457      0.0000000000
2.2804304386           44.4710270971      0.4420000000      14.1464723823      2.6464113481      0.0000000000
2.2872423700           43.2759099520      0.4440000000      14.1382021840      2.6558787531      0.0000000000
2.2939471053           42.1257304833      0.4460000000      14.1298791363      2.6652122810      0.0000000000
2.3005458693           41.0184281567      0.4480000000      14.1215048508      2.6744130652      0.0000000000
2.3070398865           39.9520565524      0.4500000000      14.1130809142      2.6834822508      0.0000000000
2.3134303798           38.9247682457      0.4520000000      14.1046088823      2.6924209939      0.0000000000
2.3197185708           37.9348139263      0.4540000000      14.0960903167      2.7012304604      0.0000000000
2.3259056779           36.9805331283      0.4560000000      14.0875267147      2.7099118242      0.0000000000
2.3319929165           36.0603545604      0.4580000000      14.0789195859      2.7184662673      0.0000000000
2.3379814978           35.1727826439      0.4600000000      14.0702703943      2.7268949779      0.0000000000
2.3438726286           34.3164019245      0.4620000000      14.0615805876      2.7351991496      0.0000000000
2.3496675105           33.4898664154      0.4640000000      14.0528515875      2.7433799808      0.0000000000
2.3553673396           32.6918981828      0.4660000000      14.0440847921      2.7514386737      0.0000000000
2.3609733055           31.9212823323      0.4680000000      14.0352815745      2.7593764330      0.0000000000
2.3664865915           31.1768647793      0.4700000000      14.0264432918      2.7671944661      0.0000000000
2.3719083737           30.4575478573      0.4720000000      14.0175712646      2.7748939814      0.0000000000
2.3772398208           29.7622884865      0.4740000000      14.0086667895      2.7824761877      0.0000000000
2.3824820936           29.0900928547      0.4760000000      13.9997311478      2.7899422940      0.0000000000
2.3876363450           28.4400153987      0.4780000000      13.9907656025      2.7972935090      0.0000000000
2.3927037190           27.8111565244      0.4800000000      13.9817713819      2.8045310392      0.0000000000
2.3976853510           27.2026585991      0.4820000000      13.9727496752      2.8116560898      0.0000000000
2.4025823673           26.6137045460      0.4840000000      13.9637016943      2.8186698632      0.0000000000
2.4073958851           26.0435169554      0.4860000000      13.9546285893      2.8255735590      0.0000000000
2.4121270118           25.4913530531      0.4880000000      13.9455314981      2.8323683733      0.0000000000
2.4167768449           24.9565057744      0.4900000000      13.9364115411      2.8390554980      0.0000000000
2.4213464722           24.4382987784      0.4920000000      13.9272698093      2.8456361207      0.0000000000
2.4258369714           23.9360889879      0.4940000000      13.9181073777      2.8521114241      0.0000000000
2.4302494097           23.4492614581      0.4960000000      13.9089253033      2.8584825860      0.0000000000
2.4345848439           22.9772283734      0.4980000000      13.8997245973      2.8647507777      0.0000000000
2.4388443206           22.5194294579      0.5000000000      13.8905062871      2.8709171658      0.0000000000
2.4430288752           22.0753291128      0.5020000000      13.8812713469      2.8769829093      0.0000000000
2.4471395327           21.6444146050      0.5040000000      13.8720207532      2.8829491616      0.0000000000
2.4511773072           21.2261971493      0.5060000000      13.8627554478      2.8888170687      0.0000000000
2.4551432018           20.8202077312      0.5080000000      13.8534763608      2.8945877694      0.0000000000
2.4590382088           20.4259998480      0.5100000000      13.8441843946      2.9002623955      0.0000000000
2.4628633092           20.0431442077      0.5120000000      13.8348804364      2.9058420704      0.0000000000
2.4666194734           19.6712311882      0.5140000000      13.8255653540      2.9113279105      0.0000000000
2.4703076603           19.3098683391      0.5160000000      13.8162400055      2.9167210236      0.0000000000
2.4739288179           18.9586791124      0.5180000000      13.8069052029      2.9220225091      0.0000000000
2.4774838832           18.6173044202      0.5200000000      13.7975617731      2.9272334584      0.0000000000
2.4809737819           18.2853985597      0.5220000000      13.7882105098      2.9323549541      0.0000000000
2.4843994289           17.9626315154      0.5240000000      13.7788521813      2.9373880701      0.0000000000
2.4877617279           17.6486860036      0.5260000000      13.7694875550      2.9423338715      0.0000000000
2.4910615713           17.3432582096      0.5280000000      13.7601173720      2.9471934136      0.0000000000
2.4942998410           17.0460566240      0.5300000000      13.7507423473      2.9519677442      0.0000000000
2.4974774077           16.7568014513      0.5320000000      13.7413632010      2.9566579005      0.0000000000
2.5005951310           16.4752246474      0.5340000000      13.7319806232      2.9612649110      0.0000000000
2.5036538600           16.2010684135      0.5360000000      13.7225952885      2.9657897948      0.0000000000
2.5066544326           15.9340853509      0.5380000000      13.7132078568      2.9702335613      0.0000000000
2.5095976762           15.6740380973      0.5400000000      13.7038189735      2.9745972108      0.0000000000
2.5124844075           15.4206984624      0.5420000000      13.6944292697      2.9788817337      0.0000000000
2.5153154327           15.1738472182      0.5440000000      13.6850393687      2.9830881115      0.0000000000
2.5180915468           14.9332732950      0.5460000000      13.6756498536      2.9872173148      0.0000000000
2.5208135352           14.6987744049      0.5480000000      13.6662613292      2.9912703058      0.0000000000
2.5234821724           14.4701561104      0.5500000000      13.6568743644      2.9952480366      0.0000000000
2.5260982225           14.2472305745      0.5520000000      13.6474895025      2.9991514492      0.0000000000
2.5286624398           14.0298177634      0.5540000000      13.6381073176      3.0029814768      0.0000000000
2.5311755680           13.8177443000      0.5560000000      13.6287283103      3.0067390420      0.0000000000
2.5336383410           13.6108431438      0.5580000000      13.6193530280      3.0104250585      0.0000000000
2.5360514829           13.4089542012      0.5600000000      13.6099819614      3.0140404298      0.0000000000
2.5384157072           13.2119221966      0.5620000000      13.6006156044      3.0175860497      0.0000000000
2.5407317186           13.0195984039      0.5640000000      13.5912544510      3.0210628030      0.0000000000
2.5430002114           12.8318391499      0.5660000000      13.5818989636      3.0244715642      0.0000000000
2.5452218707           12.6485064528      0.5680000000      13.5725496008      3.0278131988      0.0000000000
2.5473973717           12.4694669144      0.5700000000      13.5632068091      3.0310885621      0.0000000000
2.5495273808           12.2945921042      0.5720000000      13.5538710254      3.0342985006      0.0000000000
2.5516125546           12.1237580681      0.5740000000      13.5445426745      3.0374438507      0.0000000000
2.5536535407           11.9568454848      0.5760000000      13.5352221706      3.0405254398      0.0000000000
2.5556509776           11.7937391117      0.5780000000      13.5259099212      3.0435440858      0.0000000000
2.5576054951           11.6343280058      0.5800000000      13.5166063095      3.0465005974      0.0000000000
2.5595177136           11.4785049208      0.5820000000      13.5073117308      3.0493957737      0.0000000000
2.5613882450           11.3261657763      0.5840000000      13.4980265467      3.0522304046      0.0000000000
2.5632176927           11.1772112782      0.5860000000      13.4887511313      3.0550052717      0.0000000000
2.5650066512           11.0315451652      0.5880000000      13.4794858286      3.0577211460      0.0000000000
2.5667557068           10.8890735525      0.5900000000      13.4702309902      3.0603787908      0.0000000000
2.5684654372           10.7497070513      0.5920000000      13.4609869508      3.0629789597      0.0000000000
2.5701364122           10.6133583627      0.5940000000      13.4517540312      3.0655223977      0.0000000000
2.5717691930           10.4799438651      0.5960000000      13.4425325552      3.0680098408      0.0000000000
2.5733643332           10.3493819766      0.5980000000      13.4333228330      3.0704420166      0.0000000000
2.5749223780           10.2215945450      0.6000000000      13.4241251616      3.0728196431      0.0000000000
2.5764438652           10.0965056019      0.6020000000      13.4149398329      3.0751434307      0.0000000000
2.5779293246            9.9740417596      0.6040000000      13.4057671400      3.0774140807      0.0000000000
2.5793792784            9.8541320432      0.6060000000      13.3966073441      3.0796322860      0.0000000000
2.5807942412            9.7367078065      0.6080000000      13.3874607299      3.0817987311      0.0000000000
2.5821747203            9.6217028178      0.6100000000      13.3783275516      3.0839140920      0.0000000000
2.5835212156            9.5090525797      0.6120000000      13.3692080640      3.0859790370      0.0000000000
2.5848342198            9.3986950524      0.6140000000      13.3601025160      3.0879942255      0.0000000000
2.5861142183            9.2905699106      0.6160000000      13.3510111481      3.0899603094      0.0000000000
2.5873616898            9.1846188976      0.6180000000      13.3419341931      3.0918779322      0.0000000000
2.5885771054            9.0807855308      0.6200000000      13.3328718774      3.0937477292      0.0000000000
2.5897609303            8.9790151370      0.6220000000      13.3238244188      3.0955703289      0.0000000000
2.5909136221            8.8792548119      0.6240000000      13.3147920340      3.0973463507      0.0000000000
2.5920356320            8.7814532391      0.6260000000      13.3057749325      3.0990764072      0.0000000000
2.5931274051            8.6855604268      0.6280000000      13.2967733045      3.1007611034      0.0000000000
2.5941893790            8.5915284615      0.6300000000      13.2877873557      3.1024010355      0.0000000000
2.5952219861            8.4993106228      0.6320000000      13.2788172717      3.1039967941      0.0000000000
2.5962256516            8.4088614173      0.6340000000      13.2698632373      3.1055489609      0.0000000000
2.5972007950            8.3201370085      0.6360000000      13.2609254276      3.1070581110      0.0000000000
2.5981478294            8.2330948642      0.6380000000      13.2520040198      3.1085248121      0.0000000000
2.5990671620            8.1476934812      0.6400000000      13.2430991728      3.1099496248      0.0000000000
2.5999591941            8.0638929728      0.6420000000      13.2342110565      3.1113331024      0.0000000000
2.6008243212            7.9816542268      0.6440000000      13.2253398224      3.1126757918      0.0000000000
2.6016629328            7.9009397811      0.6460000000      13.2164856267      3.1139782323      0.0000000000
2.6024754128            7.8217126291      0.6480000000      13.2076486088      3.1152409567      0.0000000000
2.6032621396            7.7439375479      0.6500000000      13.1988289176      3.1164644908      0.0000000000
2.6040234862            7.6675798112      0.6520000000      13.1900266824      3.1176493543      0.0000000000
2.6047598198            7.5926059182      0.6540000000      13.1812420453      3.1187960597      0.0000000000
2.6054715024            7.5189833703      0.6560000000      13.1724751299      3.1199051130      0.0000000000
2.6061588909            7.4466804941      0.6580000000      13.1637260547      3.1209770142      0.0000000000
2.6068223366            7.3756664653      0.6600000000      13.1549949450      3.1220122564      0.0000000000
2.6074621862            7.3059116096      0.6620000000      13.1462819162      3.1230113269      0.0000000000
2.6080787809            7.2373867728      0.6640000000      13.1375870761      3.1239747063      0.0000000000
2.6086724574            7.1700638730      0.6660000000      13.1289105365      3.1249028700      0.0000000000
2.6092435465            7.1039155030      0.6680000000      13.1202523945      3.1257962850      0.0000000000
2.6097923756            7.0389149249      0.6700000000      13.1116127465      3.1266554154      0.0000000000
2.6103192663            6.9750361858      0.6720000000      13.1029916976      3.1274807173      0.0000000000
2.6108245358            6.9122542190      0.6740000000      13.0943893361      3.1282726415      0.0000000000
2.6113084968            6.8505445345      0.6760000000      13.0858057491      3.1290316331      0.0000000000
2.6117714574            6.7898832827      0.6780000000      13.0772410219      3.1297581315      0.0000000000
2.6122137212            6.7302472905      0.6800000000      13.0686952370      3.1304525703      0.0000000000
2.6126355873            6.6716140012      0.6820000000      13.0601684709      3.1311153775      0.0000000000
2.6130373507            6.6139613641      0.6840000000      13.0516607981      3.1317469760      0.0000000000
2.6134193017            6.5572680783      0.6860000000      13.0431722913      3.1323477823      0.0000000000
2.6137817271            6.5015134258      0.6880000000      13.0347030186      3.1329182093      0.0000000000
2.6141249087            6.4466772177      0.6900000000      13.0262530439      3.1334586624      0.0000000000
2.6144491248            6.3927396381      0.6920000000      13.0178224311      3.1339695436      0.0000000000
2.6147546495            6.3396816489      0.6940000000      13.0094112438      3.1344512486      0.0000000000
2.6150417529            6.2874842864      0.6960000000      13.0010195294      3.1349041686      0.0000000000
2.6153107012            6.2361295757      0.6980000000      12.9926473522      3.1353286895      0.0000000000
2.6155617569            6.1855998085      0.7000000000      12.9842947546      3.1357251922      0.0000000000
2.6157951785            6.1358777072      0.7020000000      12.9759617903      3.1360940529      0.0000000000
2.6160112208            6.0869463017      0.7040000000      12.9676485093      3.1364356428      0.0000000000
2.6162101352            6.0387894372      0.7060000000      12.9593549436      3.1367503284      0.0000000000
2.6163921691            5.9913909667      0.7080000000      12.9510811410      3.1370384714      0.0000000000
2.6165575667            5.9447353815      0.7100000000      12.9428271449      3.1373004290      0.0000000000
2.6167065682            5.8988075518      0.7120000000      12.9345929842      3.1375365532      0.0000000000
2.6168394111            5.8535925608      0.7140000000      12.9263786988      3.1377471928      0.0000000000
2.6169563286            5.8090761962      0.7160000000      12.9181843142      3.1379326904      0.0000000000
2.6170575514            5.7652441475      0.7180000000      12.9100098646      3.1380933855      0.0000000000
2.6171433062            5.7220829539      0.7200000000      12.9018553752      3.1382296127      0.0000000000
2.6172138167            5.6795789965      0.7220000000      12.8937208730      3.1383417019      0.0000000000
2.6172693037            5.6377194848      0.7240000000      12.8856063786      3.1384299797      0.0000000000
2.6173099846            5.5964914469      0.7260000000      12.8775119204      3.1384947681      0.0000000000
2.6173360734            5.5558826059      0.7280000000      12.8694375097      3.1385363844      0.0000000000
2.6173477816            5.5158807824      0.7300000000      12.8613831702      3.1385551425      0.0000000000
2.6173453173            5.4764741881      0.7320000000      12.8533489139      3.1385513520      0.0000000000
2.6173288857            5.4376513425      0.7340000000      12.8453347540      3.1385253184      0.0000000000
2.6172986892            5.3994008300      0.7360000000      12.8373407077      3.1384773435      0.0000000000
2.6172549272            5.3617118311      0.7380000000      12.8293667824      3.1384077252      0.0000000000
2.6171977965            5.3245734537      0.7400000000      12.8214129841      3.1383167574      0.0000000000
2.6171274907            5.2879753472      0.7420000000      12.8134793230      3.1382047305      0.0000000000
2.6170442011            5.2519071705      0.7440000000      12.8055658096      3.1380719310      0.0000000000
2.6169481159            5.2163590472      0.7460000000      12.7976724428      3.1379186416      0.0000000000
2.6168394209            5.1813210722      0.7480000000      12.7897992189      3.1377451413      0.0000000000
2.6167182990            5.1467838341      0.7500000000      12.7819461477      3.1375517059      0.0000000000
2.6165849310            5.1127380111      0.7520000000      12.7741132270      3.1373386074      0.0000000000
2.6164394946            5.0791744005      0.7540000000      12.7663004555      3.1371061145      0.0000000000
2.6162821654            5.0460841891      0.7560000000      12.7585078305      3.1368544924      0.0000000000
2.6161131163            5.0134587018      0.7580000000      12.7507353457      3.1365840025      0.0000000000
2.6159325177            4.9812894338      0.7600000000      12.7429829950      3.1362949034      0.0000000000
2.6157405380            4.9495680811      0.7620000000      12.7352507726      3.1359874502      0.0000000000
2.6155373428            4.9182865457      0.7640000000      12.7275386675      3.1356618946      0.0000000000
2.6153230956            4.8874368828      0.7660000000      12.7198466718      3.1353184852      0.0000000000
2.6150979577            4.8570113388      0.7680000000      12.7121747762      3.1349574678      0.0000000000
2.6148620876            4.8270023426      0.7700000000      12.7045229675      3.1345790838      0.0000000000
2.6146156423            4.7974024702      0.7720000000      12.6968912337      3.1341835731      0.0000000000
2.6143587765            4.7682044786      0.7740000000      12.6892795601      3.1337711720      0.0000000000
2.6140916420            4.7394012885      0.7760000000      12.6816879301      3.1333421129      0.0000000000
2.6138143894            4.7109859620      0.7780000000      12.6741163299      3.1328966264      0.0000000000
2.6135271665            4.6829517515      0.7800000000      12.6665647397      3.1324349392      0.0000000000
2.6132301198            4.6552920118      0.7820000000      12.6590331439      3.1319572765      0.0000000000
2.6129233930            4.6280002485      0.7840000000      12.6515215233      3.1314638590      0.0000000000
2.6126071282            4.6010700900      0.7860000000      12.6440298549      3.1309549055      0.0000000000
2.6122814655            4.5744953386      0.7880000000      12.6365581232      3.1304306321      0.0000000000
2.6119465430            4.5482699314      0.7900000000      12.6291063049      3.1298912517      0.0000000000
2.6116024967            4.5223878140      0.7920000000      12.6216743717      3.1293369744      0.0000000000
2.6112494612            4.4968432694      0.7940000000      12.6142623038      3.1287680085      0.0000000000
2.6108875689            4.4716306318      0.7960000000      12.6068700759      3.1281845588      0.0000000000
2.6105169503            4.4467442288      0.7980000000      12.5994976643      3.1275868277      0.0000000000
2.6101377344            4.4221786279      0.8000000000      12.5921450476      3.1269750152      0.0000000000
2.6097500481            4.3979284079      0.8020000000      12.5848121879      3.1263493187      0.0000000000
2.6093540169            4.3739884713      0.8040000000      12.5774990648      3.1257099332      0.0000000000
2.6089497643            4.3503536279      0.8060000000      12.5702056496      3.1250570509      0.0000000000
2.6085374121            4.3270187590      0.8080000000      12.5629319158      3.1243908618      0.0000000000
2.6081170805            4.3039790547      0.8100000000      12.5556778288      3.1237115534      0.0000000000
2.6076888883            4.2812297152      0.8120000000      12.5484433576      3.1230193113      0.0000000000
2.6072529522            4.2587658839      0.8140000000      12.5412284820      3.1223143178      0.0000000000
2.6068093877            4.2365830147      0.8160000000      12.5340331596      3.1215967538      0.0000000000
2.6063583084            4.2146766460      0.8180000000      12.5268573583      3.1208667975      0.0000000000
2.6058998268            4.1930421717      0.8200000000      12.5197010549      3.1201246250      0.0000000000
2.6054340532            4.1716753630      0.8220000000      12.5125642074      3.1193704097      0.0000000000
2.6049610971            4.1505719655      0.8240000000      12.5054467887      3.1186043239      0.0000000000
2.6044810662            4.1297276590      0.8260000000      12.4983487575      3.1178265366      0.0000000000
2.6039940663            4.1091385708      0.8280000000      12.4912700803      3.1170372148      0.0000000000
2.6035002028            4.0888004326      0.8300000000      12.4842107285      3.1162365246      0.0000000000
2.6029995786            4.0687094973      0.8320000000      12.4771706594      3.1154246285      0.0000000000
2.6024922960            4.0488617932      0.8340000000      12.4701498427      3.1146016879      0.0000000000
2.6019784551            4.0292536007      0.8360000000      12.4631482350      3.1137678614      0.0000000000
2.6014581558            4.0098811998      0.8380000000      12.4561658047      3.1129233067      0.0000000000
2.6009314954            3.9907409271      0.8400000000      12.4492025101      3.1120681785      0.0000000000
2.6003985706            3.9718292382      0.8420000000      12.4422583159      3.1112026297      0.0000000000
2.5998594769            3.9531426233      0.8440000000      12.4353331820      3.1103268124      0.0000000000
2.5993143081            3.9346776336      0.8460000000      12.4284270714      3.1094408754      0.0000000000
2.5987631568            3.9164309670      0.8480000000      12.4215399429      3.1085449659      0.0000000000
2.5982061146            3.8983991993      0.8500000000      12.4146717598      3.1076392302      0.0000000000
2.5976432717            3.8805792384      0.8520000000      12.4078224811      3.1067238115      0.0000000000
2.5970747171            3.8629677255      0.8540000000      12.4009920636      3.1057988522      0.0000000000
2.5965005386            3.8455617317      0.8560000000      12.3941804684      3.1048644921      0.0000000000
2.5959208231            3.8283581156      0.8580000000      12.3873876552      3.1039208705      0.0000000000
2.5953356557            3.8113538481      0.8600000000      12.3806135831      3.1029681234      0.0000000000
2.5947451210            3.7945460459      0.8620000000      12.3738582121      3.1020063863      0.0000000000
2.5941493022            3.7779316786      0.8640000000      12.3671214973      3.1010357922      0.0000000000
2.5935482814            3.7615080841      0.8660000000      12.3604033955      3.1000564734      0.0000000000
2.5929421394            3.7452724604      0.8680000000      12.3537038697      3.0990685593      0.0000000000
2.5923309567            3.7292218613      0.8700000000      12.3470228735      3.0980721793      0.0000000000
2.5917148115            3.7133538414      0.8720000000      12.3403603627      3.0970674592      0.0000000000
2.5910937820            3.6976657116      0.8740000000      12.3337162982      3.0960545249      0.0000000000
2.5904679448            3.6821547435      0.8760000000      12.3270906345      3.0950334998      0.0000000000
2.5898373761            3.6668185758      0.8780000000      12.3204833268      3.0940045069      0.0000000000
2.5892021501            3.6516546358      0.8800000000      12.3138943336      3.0929676657      0.0000000000
2.5885623408            3.6366604827      0.8820000000      12.3073236101      3.0919230962      0.0000000000
2.5879180210            3.6218336178      0.8840000000      12.3007711113      3.0908709158      0.0000000000
2.5872692626            3.6071718661      0.8860000000      12.2942367930      3.0898112409      0.0000000000
2.5866161366            3.5926727765      0.8880000000      12.2877206124      3.0887441866      0.0000000000
2.5859587127            3.5783341130      0.8900000000      12.2812225246      3.0876698657      0.0000000000
2.5852970600            3.5641535311      0.8920000000      12.2747424813      3.0865883907      0.0000000000
2.5846312467            3.5501290102      0.8940000000      12.2682804399      3.0854998721      0.0000000000
2.5839613400            3.5362582669      0.8960000000      12.2618363557      3.0844044189      0.0000000000
2.5832874060            3.5225392411      0.8980000000      12.2554101824      3.0833021391      0.0000000000
2.5826095104            3.5089697738      0.9000000000      12.2490018769      3.0821931393      0.0000000000
2.5819277179            3.4955478409      0.9020000000      12.2426113881      3.0810775250      0.0000000000
2.5812420920            3.4822714763      0.9040000000      12.2362386735      3.0799553997      0.0000000000
2.5805526959            3.4691386616      0.9060000000      12.2298836896      3.0788268666      0.0000000000
2.5798595914            3.4561474525      0.9080000000      12.2235463870      3.0776920269      0.0000000000
2.5791628400            3.4432959421      0.9100000000      12.2172267208      3.0765509806      0.0000000000
2.5784625021            3.4305822398      0.9120000000      12.2109246469      3.0754038268      0.0000000000
2.5777586373            3.4180044992      0.9140000000      12.2046401160      3.0742506630      0.0000000000
2.5770513049            3.4055609023      0.9160000000      12.1983730801      3.0730915865      0.0000000000
2.5763405623            3.3932496713      0.9180000000      12.1921234954      3.0719266912      0.0000000000
2.5756264678            3.3810690647      0.9200000000      12.1858913169      3.0707560730      0.0000000000
2.5749090771            3.3690173393      0.9220000000      12.1796764963      3.0695798231      0.0000000000
2.5741884468            3.3570928008      0.9240000000      12.1734789871      3.0683980347      0.0000000000
2.5734646320            3.3452937658      0.9260000000      12.1672987420      3.0672107985      0.0000000000
2.5727376868            3.3336186165      0.9280000000      12.1611357143      3.0660182033      0.0000000000
2.5720076651            3.3220657352      0.9300000000      12.1549898579      3.0648203382      0.0000000000
2.5712746200            3.3106335280      0.9320000000      12.1488611258      3.0636172905      0.0000000000
2.5705386041            3.2993204333      0.9340000000      12.1427494716      3.0624091469      0.0000000000
2.5697996685            3.2881249062      0.9360000000      12.1366548473      3.0611959920      0.0000000000
2.5690578647            3.2770454454      0.9380000000      12.1305772071      3.0599779109      0.0000000000
2.5683132430            3.2660805657      0.9400000000      12.1245165031      3.0587549865      0.0000000000
2.5675658529            3.2552288074      0.9420000000      12.1184726882      3.0575273011      0.0000000000
2.5668157436            3.2444887327      0.9440000000      12.1124457154      3.0562949357      0.0000000000
2.5660629633            3.2338589271      0.9460000000      12.1064355365      3.0550579703      0.0000000000
2.5653075602            3.2233380001      0.9480000000      12.1004421066      3.0538164851      0.0000000000
2.5645495812            3.2129245806      0.9500000000      12.0944653771      3.0525705576      0.0000000000
2.5637890729            3.2026173220      0.9520000000      12.0885053016      3.0513202654      0.0000000000
2.5630260815            3.1924148983      0.9540000000      12.0825618332      3.0500656852      0.0000000000
2.5622606520            3.1823159959      0.9560000000      12.0766349248      3.0488068917      0.0000000000
2.5614928294            3.1723193398      0.9580000000      12.0707245293      3.0475439600      0.0000000000
2.5607226580            3.1624236668      0.9600000000      12.0648305997      3.0462769637      0.0000000000
2.5599501813            3.1526277291      0.9620000000      12.0589530889      3.0450059752      0.0000000000
2.5591754425            3.1429302918      0.9640000000      12.0530919502      3.0437310670      0.0000000000
2.5583984841            3.1333301576      0.9660000000      12.0472471345      3.0424523093      0.0000000000
2.5576193482            3.1238261529      0.9680000000      12.0414185972      3.0411697730      0.0000000000
2.5568380761            3.1144171059      0.9700000000      12.0356062899      3.0398835269      0.0000000000
2.5560547087            3.1051018611      0.9720000000      12.0298101684      3.0385936395      0.0000000000
2.5552692865            3.0958792874      0.9740000000      12.0240301842      3.0373001782      0.0000000000
2.5544818494            3.0867482496      0.9760000000      12.0182662875      3.0360032100      0.0000000000
2.5536924368            3.0777076832      0.9780000000      12.0125184327      3.0347028011      0.0000000000
2.5529010873            3.0687565022      0.9800000000      12.0067865739      3.0333990160      0.0000000000
2.5521078398            3.0598936243      0.9820000000      12.0010706685      3.0320919199      0.0000000000
2.5513127315            3.0511179832      0.9840000000      11.9953706635      3.0307815753      0.0000000000
2.5505158005            3.0424286068      0.9860000000      11.9896865162      3.0294680464      0.0000000000
2.5497170833            3.0338244532      0.9880000000      11.9840181799      3.0281513943      0.0000000000
2.5489166162            3.0253044771      0.9900000000      11.9783656059      3.0268316802      0.0000000000
2.5481144356            3.0168677339      0.9920000000      11.9727287462      3.0255089652      0.0000000000
2.5473105770            3.0085132892      0.9940000000      11.9671075573      3.0241833093      0.0000000000
2.5465050751            3.0002401020      0.9960000000      11.9615019940      3.0228547707      0.0000000000
2.5456979648            2.9920472746      0.9980000000      11.9559120081      3.0215234086      0.0000000000
2.5448892802            2.9839339196      1.0000000000      11.9503375545      3.0201892800      0.0000000000
2.5440790552            2.9758990105      1.0020000000      11.9447785851      3.0188524427      0.0000000000
2.5432673230            2.9679417482      1.0040000000      11.9392350517      3.0175129523      0.0000000000
2.5424541164            2.9600612169      1.0060000000      11.9337069154      3.0161708647      0.0000000000
2.5416394680            2.9522565092      1.0080000000      11.9281941252      3.0148262346      0.0000000000
2.5408234100            2.9445268373      1.0100000000      11.9226966386      3.0134791167      0.0000000000
2.5400059738            2.9368712335      1.0120000000      11.9172144036      3.0121295642      0.0000000000
2.5391871910            2.9292889667      1.0140000000      11.9117473782      3.0107776305      0.0000000000
2.5383670920            2.9217791686      1.0160000000      11.9062955187      3.0094233674      0.0000000000
2.5375457077            2.9143410481      1.0180000000      11.9008587783      3.0080668269      0.0000000000
2.5367230680            2.9069737575      1.0200000000      11.8954371105      3.0067080602      0.0000000000
2.5358992025            2.8996765537      1.0220000000      11.8900304674      3.0053471173      0.0000000000
2.5350741408            2.8924486293      1.0240000000      11.8846388097      3.0039840485      0.0000000000
2.5342479114            2.8852892557      1.0260000000      11.8792620888      3.0026189023      0.0000000000
2.5334205435            2.8781976073      1.0280000000      11.8739002594      3.0012517284      0.0000000000
2.5325920649            2.8711730131      1.0300000000      11.8685532752      2.9998825742      0.0000000000
2.5317625037            2.8642146772      1.0320000000      11.8632210945      2.9985114875      0.0000000000
2.5309318872            2.8573219350      1.0340000000      11.8579036729      2.9971385146      0.0000000000
2.5301002427            2.8504940013      1.0360000000      11.8526009586      2.9957637023      0.0000000000
2.5292675969            2.8437302246      1.0380000000      11.8473129132      2.9943870962      0.0000000000
2.5284339765            2.8370299186      1.0400000000      11.8420394926      2.9930087417      0.0000000000
2.5275994074            2.8303923259      1.0420000000      11.8367806488      2.9916286832      0.0000000000
2.5267639158            2.8238168649      1.0440000000      11.8315363393      2.9902469652      0.0000000000
2.5259275269            2.8173027895      1.0460000000      11.8263065198      2.9888636311      0.0000000000
2.5250902657            2.8108494933      1.0480000000      11.8210911460      2.9874787235      0.0000000000
2.5242521576            2.8044563256      1.0500000000      11.8158901720      2.9860922858      0.0000000000
2.5234132266            2.7981225881      1.0520000000      11.8107035561      2.9847043593      0.0000000000
2.5225734972            2.7918477418      1.0540000000      11.8055312556      2.9833149861      0.0000000000
2.5217329933            2.7856311167      1.0560000000      11.8003732215      2.9819242067      0.0000000000
2.5208917387            2.7794720646      1.0580000000      11.7952294158      2.9805320624      0.0000000000
2.5200497561            2.7733700531      1.0600000000      11.7900997918      2.9791385919      0.0000000000
2.5192070692            2.7673244517      1.0620000000      11.7849843057      2.9777438359      0.0000000000
2.5183637006            2.7613346492      1.0640000000      11.7798829165      2.9763478333      0.0000000000
2.5175196724            2.7554001003      1.0660000000      11.7747955781      2.9749506220      0.0000000000
2.5166750073            2.7495202300      1.0680000000      11.7697222493      2.9735522412      0.0000000000
2.5158297266            2.7436944587      1.0700000000      11.7646628888      2.9721527276      0.0000000000
2.5149838524            2.7379222123      1.0720000000      11.7596174470      2.9707521189      0.0000000000
2.5141374058            2.7322029823      1.0740000000      11.7545858880      2.9693504519      0.0000000000
2.5132904080            2.7265361997      1.0760000000      11.7495681679      2.9679477627      0.0000000000
2.5124428796            2.7209213397      1.0780000000      11.7445642401      2.9665440872      0.0000000000
2.5115948412            2.7153578694      1.0800000000      11.7395740658      2.9651394607      0.0000000000
2.5107463135            2.7098452514      1.0820000000      11.7345976010      2.9637339189      0.0000000000
2.5098973159            2.7043830034      1.0840000000      11.7296348041      2.9623274954      0.0000000000
2.5090478684            2.6989705862      1.0860000000      11.7246856348      2.9609202250      0.0000000000
2.5081979906            2.6936075378      1.0880000000      11.7197500459      2.9595121411      0.0000000000
2.5073477019            2.6882933363      1.0900000000      11.7148280016      2.9581032775      0.0000000000
2.5064970210            2.6830274698      1.0920000000      11.7099194538      2.9566936666      0.0000000000
2.5056459671            2.6778095026      1.0940000000      11.7050243666      2.9552833415      0.0000000000
2.5047945582            2.6726389216      1.0960000000      11.7001426956      2.9538723335      0.0000000000
2.5039428131            2.6675153062      1.0980000000      11.6952743985      2.9524606753      0.0000000000
2.5030907498            2.6624381533      1.1000000000      11.6904194387      2.9510483977      0.0000000000
2.5022383860            2.6574070123      1.1020000000      11.6855777667      2.9496355317      0.0000000000
2.5013857394            2.6524214451      1.1040000000      11.6807493494      2.9482221080      0.0000000000
2.5005328275            2.6474809629      1.1060000000      11.6759341392      2.9468081568      0.0000000000
2.4996796673            2.6425851806      1.1080000000      11.6711321011      2.9453937081      0.0000000000
2.4988262762            2.6377336160      1.1100000000      11.6663431915      2.9439787915      0.0000000000
2.4979726703            2.6329259008      1.1120000000      11.6615673689      2.9425634354      0.0000000000
2.4971188666            2.6281615541      1.1140000000      11.6568045953      2.9411476693      0.0000000000
2.4962648815            2.6234401982      1.1160000000      11.6520548279      2.9397315216      0.0000000000
2.4954107308            2.6187613869      1.1180000000      11.6473180288      2.9383150200      0.0000000000
2.4945564306            2.6141247340      1.1200000000      11.6425941542      2.9368981925      0.0000000000
2.4937019966            2.6095298248      1.1220000000      11.6378831691      2.9354810664      0.0000000000
2.4928474444            2.6049762668      1.1240000000      11.6331850279      2.9340636688      0.0000000000
2.4919927892            2.6004636702      1.1260000000      11.6284996966      2.9326460264      0.0000000000
2.4911380462            2.5959916373      1.1280000000      11.6238271292      2.9312281656      0.0000000000
2.4902832303            2.5915597997      1.1300000000      11.6191672929      2.9298101125      0.0000000000
2.4894283564            2.5871677587      1.1320000000      11.6145201418      2.9283918931      0.0000000000
2.4885734387            2.5828151684      1.1340000000      11.6098856422      2.9269735321      0.0000000000
2.4877184921            2.5785016282      1.1360000000      11.6052637502      2.9255550558      0.0000000000
2.4868635302            2.5742268067      1.1380000000      11.6006544309      2.9241364878      0.0000000000
2.4860085675            2.5699903113      1.1400000000      11.5960576408      2.9227178534      0.0000000000
2.4851536175            2.5657918164      1.1420000000      11.5914733459      2.9212991764      0.0000000000
2.4842986940            2.5616309452      1.1440000000      11.5869015026      2.9198804808      0.0000000000
2.4834438106            2.5575073704      1.1460000000      11.5823420774      2.9184617906      0.0000000000
2.4825889805            2.5534207367      1.1480000000      11.5777950277      2.9170431289      0.0000000000
2.4817342168            2.5493707099      1.1500000000      11.5732603179      2.9156245186      0.0000000000
2.4808795324            2.5453569587      1.1520000000      11.5687379073      2.9142059823      0.0000000000
2.4800249405            2.5413791396      1.1540000000      11.5642277602      2.9127875432      0.0000000000
2.4791704530            2.5374369469      1.1560000000      11.5597298364      2.9113692223      0.0000000000
2.4783160833            2.5335300308      1.1580000000      11.5552440995      2.9099510429      0.0000000000
2.4774618429            2.5296581079      1.1600000000      11.5507705127      2.9085330256      0.0000000000
2.4766077446            2.5258208207      1.1620000000      11.5463090350      2.9071151925      0.0000000000
2.4757537999            2.5220179026      1.1640000000      11.5418596347      2.9056975641      0.0000000000
2.4749000210            2.5182489918      1.1660000000      11.5374222648      2.9042801615      0.0000000000
2.4740464197            2.5145138288      1.1680000000      11.5329968994      2.9028630059      0.0000000000
2.4731930068            2.5108120911      1.1700000000      11.5285834913      2.9014461162      0.0000000000
2.4723397945            2.5071435010      1.1720000000      11.5241820103      2.9000295136      0.0000000000
2.4714867939            2.5035077578      1.1740000000      11.5197924164      2.8986132179      0.0000000000
2.4706340158            2.4999045653      1.1760000000      11.5154146738      2.8971972484      0.0000000000
2.4697814715            2.4963336566      1.1780000000      11.5110487478      2.8957816245      0.0000000000
2.4689291715            2.4927946995      1.1800000000      11.5066945960      2.8943663649      0.0000000000
2.4680771266            2.4892874573      1.1820000000      11.5023521887      2.8929514891      0.0000000000
2.4672253476            2.4858116299      1.1840000000      11.4980214846      2.8915370156      0.0000000000
2.4663738447            2.4823669616      1.1860000000      11.4937024502      2.8901229625      0.0000000000
2.4655226280            2.4789531842      1.1880000000      11.4893950487      2.8887093479      0.0000000000
2.4646717079            2.4755700212      1.1900000000      11.4850992434      2.8872961901      0.0000000000
2.4638210945            2.4722172127      1.1920000000      11.4808150033      2.8858835070      0.0000000000
2.4629707974            2.4688944742      1.1940000000      11.4765422830      2.8844713154      0.0000000000
2.4621208263            2.4656015668      1.1960000000      11.4722810556      2.8830596326      0.0000000000
2.4612711911            2.4623382441      1.1980000000      11.4680312821      2.8816484763      0.0000000000
2.4604219013            2.4591042448      1.2000000000      11.4637929275      2.8802378629      0.0000000000
