# M(M_sol)                 Lambda          n_Bc(fm^-3)         R(km)            m_B(M_sol)        m_Bquar/M_B
0.1508367031     17137474.0072060563      0.1540000000      18.5277690423      0.1510044706      0.0000000000
0.1558961816     14389774.7428286448      0.1560000000      17.9457108452      0.1561337666      0.0000000000
0.1611808245     12101267.7170744315      0.1580000000      17.4207955060      0.1614958788      0.0000000000
0.1666918147     10192336.2905549724      0.1600000000      16.9466362488      0.1670925661      0.0000000000
0.1724303709      8597776.8442470673      0.1620000000      16.5176837969      0.1729256479      0.0000000000
0.1783974842      7263987.4932728969      0.1640000000      16.1290865116      0.1789967370      0.0000000000
0.1845941412      6146810.3034339277      0.1660000000      15.7766084025      0.1853074658      0.0000000000
0.1910212289      5209784.9702785462      0.1680000000      15.4565314642      0.1918593895      0.0000000000
0.1976794681      4422769.0756998770      0.1700000000      15.1655845924      0.1986539180      0.0000000000
0.2045695013      3760815.4302648497      0.1720000000      14.9008901599      0.2056924052      0.0000000000
0.2116917681      3203243.4772680723      0.1740000000      14.6598958617      0.2129760202      0.0000000000
0.2190466478      2732904.2076563486      0.1760000000      14.4403480538      0.2205058937      0.0000000000
0.2266343358      2335554.5514481026      0.1780000000      14.2402424196      0.2282829907      0.0000000000
0.2344548250      1999354.7203922437      0.1800000000      14.0577908122      0.2363080896      0.0000000000
0.2425080273      1714456.6848892455      0.1820000000      13.8914048777      0.2445819070      0.0000000000
0.2507936104      1472654.4592589512      0.1840000000      13.7396580250      0.2531049288      0.0000000000
0.2593110860      1267105.9016460918      0.1860000000      13.6012736134      0.2618774994      0.0000000000
0.2680597766      1092098.5009447867      0.1880000000      13.4751045967      0.2708997870      0.0000000000
0.2770387999       942856.9290665815      0.1900000000      13.3601173481      0.2801717654      0.0000000000
0.2862470941       815384.6903332410      0.1920000000      13.2553808510      0.2896932393      0.0000000000
0.2956833392       706331.6241441966      0.1940000000      13.1600488261      0.2994637610      0.0000000000
0.3053460954       612887.7597528533      0.1960000000      13.0733618798      0.3094827725      0.0000000000
0.3152336605       532690.9569722780      0.1980000000      12.9946264847      0.3197494558      0.0000000000
0.3253440918       463753.3353336034      0.2000000000      12.9232095095      0.3302627532      0.0000000000
0.3356752850       404400.3299908894      0.2020000000      12.8585383338      0.3410214484      0.0000000000
0.3462249377       353218.8036724332      0.2040000000      12.8000915536      0.3520241261      0.0000000000
0.3569904427       309014.0592613716      0.2060000000      12.7473851731      0.3632690587      0.0000000000
0.3679690789       270775.6184309378      0.2080000000      12.6999836435      0.3747544032      0.0000000000
0.3791578727       237646.8266910256      0.2100000000      12.6574841028      0.3864780546      0.0000000000
0.3905536453       208900.6574158602      0.2120000000      12.6195166794      0.3984376933      0.0000000000
0.4021530331       183919.1859105396      0.2140000000      12.5857424489      0.4106308035      0.0000000000
0.4139524347       162176.3353602743      0.2160000000      12.5558460981      0.4230546161      0.0000000000
0.4259480934       143223.7757207045      0.2180000000      12.5295397660      0.4357061923      0.0000000000
0.4381360744       126678.8252418345      0.2200000000      12.5065586116      0.4485823982      0.0000000000
0.4505122044       112214.1445331748      0.2220000000      12.4866530170      0.4616798377      0.0000000000
0.4630721814        99549.6562458030      0.2240000000      12.4695957188      0.4749949668      0.0000000000
0.4758115161        88445.1726647463      0.2260000000      12.4551744942      0.4885240291      0.0000000000
0.4887255686        78694.5173462685      0.2280000000      12.4431934397      0.5022630924      0.0000000000
0.5018095331        70120.3943197663      0.2300000000      12.4334694211      0.5162080301      0.0000000000
0.5150584759        62570.2016958624      0.2320000000      12.4258337418      0.5303545596      0.0000000000
0.5284673020        55912.3238448825      0.2340000000      12.4201271805      0.5446982034      0.0000000000
0.5420308127        50033.1743248745      0.2360000000      12.4162035527      0.5592343503      0.0000000000
0.5557436846        44834.5492574590      0.2380000000      12.4139261469      0.5739582290      0.0000000000
0.5696004809        40231.4186221100      0.2400000000      12.4131669490      0.5888649194      0.0000000000
0.5835956468        36150.0710109145      0.2420000000      12.4138049829      0.6039493448      0.0000000000
0.5977235778        32526.5570902877      0.2440000000      12.4157306048      0.6192063440      0.0000000000
0.6119785627        29305.2732037684      0.2460000000      12.4188391941      0.6346306081      0.0000000000
0.6263548379        26437.8322051030      0.2480000000      12.4230338189      0.6502167368      0.0000000000
0.6408465612        23882.0791652167      0.2500000000      12.4282240174      0.6659592094      0.0000000000
0.6554478292        21601.2083705589      0.2520000000      12.4343225504      0.6818524007      0.0000000000
0.6701527368        19563.0943039191      0.2540000000      12.4412517107      0.6978906459      0.0000000000
0.6849553246        17739.6220652365      0.2560000000      12.4489368269      0.7140681806      0.0000000000
0.6998495924        16106.1598060559      0.2580000000      12.4573062331      0.7303791546      0.0000000000
0.7148295662        14641.1263618561      0.2600000000      12.4662962571      0.7468177051      0.0000000000
0.7298892428        13325.5600573580      0.2620000000      12.4758449674      0.7633778935      0.0000000000
0.7450226303        12142.7994820520      0.2640000000      12.4858949450      0.7800537499      0.0000000000
0.7602237476        11078.1766790433      0.2660000000      12.4963919557      0.7968392716      0.0000000000
0.7754866450        10118.7716931547      0.2680000000      12.5072861152      0.8137284449      0.0000000000
0.7908053982         9253.1849032857      0.2700000000      12.5185301700      0.8307152386      0.0000000000
0.8061741214         8471.3478025367      0.2720000000      12.5300798560      0.8477936172      0.0000000000
0.8215869752         7764.3581034489      0.2740000000      12.5418937732      0.8649575499      0.0000000000
0.8370381709         7124.3347348708      0.2760000000      12.5539328762      0.8822010153      0.0000000000
0.8525219856         6544.2943392842      0.2780000000      12.5661611603      0.8995180177      0.0000000000
0.8680327586         6018.0402052074      0.2800000000      12.5785444938      0.9169025836      0.0000000000
0.8835649059         5540.0691253179      0.2820000000      12.5910513252      0.9343487777      0.0000000000
0.8991129193         5105.4875188332      0.2840000000      12.6036518399      0.9518507023      0.0000000000
0.9146713762         4709.9394758256      0.2860000000      12.6163183309      0.9694025087      0.0000000000
0.9302349440         4349.5433739019      0.2880000000      12.6290248940      0.9869984024      0.0000000000
0.9457983845         4020.8369323937      0.2900000000      12.6417474256      1.0046326489      0.0000000000
0.9613565572         3720.7283438171      0.2920000000      12.6544633599      1.0222995778      0.0000000000
0.9769044245         3446.4538041231      0.2940000000      12.6671516440      1.0399935896      0.0000000000
0.9924370578         3195.5401001276      0.2960000000      12.6797928902      1.0577091631      0.0000000000
1.0079496371         2965.7722702570      0.2980000000      12.6923690255      1.0754408563      0.0000000000
1.0234374528         2755.1639435700      0.3000000000      12.7048629495      1.0931833090      0.0000000000
1.0388959131         2561.9322183405      0.3020000000      12.7172589921      1.1109312526      0.0000000000
1.0543205469         2384.4759484395      0.3040000000      12.7295429655      1.1286795139      0.0000000000
1.0697070027         2221.3547496364      0.3060000000      12.7417016614      1.1464230160      0.0000000000
1.0850510419         2071.2717340345      0.3080000000      12.7537219793      1.1641567704      0.0000000000
1.1003485623         1933.0592308911      0.3100000000      12.7655932090      1.1818759066      0.0000000000
1.1155955768         1805.6635330057      0.3120000000      12.7773045222      1.1995756479      0.0000000000
1.1307882301         1688.1336437989      0.3140000000      12.7888466407      1.2172513328      0.0000000000
1.1459227891         1579.6104273748      0.3160000000      12.8002107657      1.2348984043      0.0000000000
1.1609956428         1479.3164502968      0.3180000000      12.8113883662      1.2525124120      0.0000000000
1.1760033114         1386.5483601442      0.3200000000      12.8223721829      1.2700890235      0.0000000000
1.1909424501         1300.6691733449      0.3220000000      12.8331565155      1.2876240307      0.0000000000
1.2058098191         1221.1005926730      0.3240000000      12.8437342719      1.3051133159      0.0000000000
1.2206023264         1147.3184560511      0.3260000000      12.8541011903      1.3225529036      0.0000000000
1.2353169858         1078.8460459853      0.3280000000      12.8642516199      1.3399389120      0.0000000000
1.2499509464         1015.2503036325      0.3300000000      12.8741817202      1.3572675904      0.0000000000
1.2645014753          956.1370160196      0.3320000000      12.8838876795      1.3745352993      0.0000000000
1.2789659625          901.1473022305      0.3340000000      12.8933663258      1.3917385177      0.0000000000
1.2933419122          849.9538697801      0.3360000000      12.9026143699      1.4088738348      0.0000000000
1.3076269600          802.2584836197      0.3380000000      12.9116303652      1.4259379715      0.0000000000
1.3218188405          757.7884596282      0.3400000000      12.9204113005      1.4429277431      0.0000000000
1.3359154205          716.2950738387      0.3420000000      12.9289565477      1.4598401013      0.0000000000
1.3499146666          677.5506002656      0.3440000000      12.9372643090      1.4766720954      0.0000000000
1.3638146592          641.3467130363      0.3460000000      12.9453334736      1.4934208917      0.0000000000
1.3776135911          607.4927000746      0.3480000000      12.9531636384      1.5100837728      0.0000000000
1.3913097654          575.8137958539      0.3500000000      12.9607551679      1.5266581366      0.0000000000
1.4049015701          546.1494330254      0.3520000000      12.9681063708      1.5431414662      0.0000000000
1.4183875204          518.3526158427      0.3540000000      12.9752188029      1.5595313838      0.0000000000
1.4317662141          492.2880254921      0.3560000000      12.9820921958      1.5758255965      0.0000000000
1.4450363559          467.8314551328      0.3580000000      12.9887276890      1.5920219283      0.0000000000
1.4581967390          444.8684928614      0.3600000000      12.9951258002      1.6081182981      0.0000000000
1.4712462516          423.2939202749      0.3620000000      13.0012875620      1.6241127291      0.0000000000
1.4841838715          403.0107578210      0.3640000000      13.0072141700      1.6400033439      0.0000000000
1.4970086675          383.9296442297      0.3660000000      13.0129073439      1.6557883662      0.0000000000
1.5097197874          365.9680931799      0.3680000000      13.0183682574      1.6714661084      0.0000000000
1.5223164623          349.0499471304      0.3700000000      13.0235982778      1.6870349773      0.0000000000
1.5347980099          333.1049421240      0.3720000000      13.0285997454      1.7024934796      0.0000000000
1.5471638168          318.0680245543      0.3740000000      13.0333740084      1.7178402006      0.0000000000
1.5594133543          303.8791235489      0.3760000000      13.0379237414      1.7330738253      0.0000000000
1.5715461581          290.4825415929      0.3780000000      13.0422506509      1.7481931138      0.0000000000
1.5835618371          277.8267412481      0.3800000000      13.0463569252      1.7631969133      0.0000000000
1.5954600707          265.8639723538      0.3820000000      13.0502452013      1.7780841557      0.0000000000
1.6072405957          254.5498743881      0.3840000000      13.0539170707      1.7928538420      0.0000000000
1.6189032226          243.8433871918      0.3860000000      13.0573756588      1.8075050636      0.0000000000
1.6304478164          233.7063170476      0.3880000000      13.0606232708      1.8220369790      0.0000000000
1.6418743013          224.1032029081      0.3900000000      13.0636623734      1.8364488205      0.0000000000
1.6531826571          215.0010557333      0.3920000000      13.0664953792      1.8507398902      0.0000000000
1.6643729229          206.3692388753      0.3940000000      13.0691254763      1.8649095662      0.0000000000
1.6754451820          198.1791727974      0.3960000000      13.0715548249      1.8789572830      0.0000000000
1.6863995700          190.4042697412      0.3980000000      13.0737859844      1.8928825430      0.0000000000
1.6972362768          183.0197849761      0.4000000000      13.0758223967      1.9066849201      0.0000000000
1.7079555271          176.0025898571      0.4020000000      13.0776660894      1.9203640344      0.0000000000
1.7185575975          169.3311493937      0.4040000000      13.0793202078      1.9339195758      0.0000000000
1.7290428020          162.9853452437      0.4060000000      13.0807873598      1.9473512853      0.0000000000
1.7394114989          156.9464041235      0.4080000000      13.0820707310      1.9606589642      0.0000000000
1.7496640792          151.1967640962      0.4100000000      13.0831728207      1.9738424601      0.0000000000
1.7598009684          145.7199856693      0.4120000000      13.0840958611      1.9869016696      0.0000000000
1.7698226361          140.5007549219      0.4140000000      13.0848435128      1.9998365511      0.0000000000
1.7797295765          135.5246888047      0.4160000000      13.0854182253      2.0126470999      0.0000000000
1.7895223172          130.7783280516      0.4180000000      13.0858228096      2.0253333603      0.0000000000
1.7992014155          126.2490722168      0.4200000000      13.0860600878      2.0378954204      0.0000000000
1.8087674561          121.9251015513      0.4220000000      13.0861328571      2.0503334108      0.0000000000
1.8182210502          117.7953340021      0.4240000000      13.0860438572      2.0626475020      0.0000000000
1.8275628334          113.8493700822      0.4260000000      13.0857958175      2.0748379040      0.0000000000
1.8367934654          110.0774483747      0.4280000000      13.0853914924      2.0869048641      0.0000000000
1.8459136287          106.4703981471      0.4300000000      13.0848337434      2.0988486670      0.0000000000
1.8549240219          103.0195966912      0.4320000000      13.0841247406      2.1106696257      0.0000000000
1.8638253736           99.7169624841      0.4340000000      13.0832682384      2.1223681001      0.0000000000
1.8726184154           96.5548499190      0.4360000000      13.0822655825      2.1339444611      0.0000000000
1.8813039097           93.5261080832      0.4380000000      13.0811203080      2.1453991285      0.0000000000
1.8898826280           90.6239835365      0.4400000000      13.0798348382      2.1567325416      0.0000000000
1.8983553570           87.8421125502      0.4420000000      13.0784116708      2.1679451682      0.0000000000
1.9067228976           85.1745086609      0.4440000000      13.0768533428      2.1790375023      0.0000000000
1.9149860647           82.6155233641      0.4460000000      13.0751625900      2.1900100653      0.0000000000
1.9231456816           80.1598279083      0.4480000000      13.0733416667      2.2008633977      0.0000000000
1.9312025853           77.8023992494      0.4500000000      13.0713932419      2.2115980670      0.0000000000
1.9391576211           75.5384915528      0.4520000000      13.0693197404      2.2222146595      0.0000000000
1.9470116436           73.3636251889      0.4540000000      13.0671236235      2.2327137829      0.0000000000
1.9547655139           71.2735647925      0.4560000000      13.0648071599      2.2430960621      0.0000000000
1.9624201021           69.2643123862      0.4580000000      13.0623728116      2.2533621427      0.0000000000
1.9699762842           67.3320847256      0.4600000000      13.0598229533      2.2635126863      0.0000000000
1.9774349409           65.4733028855      0.4620000000      13.0571598478      2.2735483700      0.0000000000
1.9847969582           63.6845805575      0.4640000000      13.0543857200      2.2834698863      0.0000000000
1.9920632270           61.9627128907      0.4660000000      13.0515029130      2.2932779433      0.0000000000
1.9992346406           60.3046641403      0.4680000000      13.0485136122      2.3029732606      0.0000000000
2.0063120971           58.7075604058      0.4700000000      13.0454201685      2.3125565730      0.0000000000
2.0132964912           57.1686672250      0.4720000000      13.0422240933      2.3220286196      0.0000000000
2.0201887294           55.6854109704      0.4740000000      13.0389284357      2.3313901638      0.0000000000
2.0269897087           54.2553312571      0.4760000000      13.0355345173      2.3406419647      0.0000000000
2.0337003364           52.8761122810      0.4780000000      13.0320452468      2.3497848043      0.0000000000
2.0403215094           51.5455341159      0.4800000000      13.0284616978      2.3588194583      0.0000000000
2.0468541331           50.2615057821      0.4820000000      13.0247863783      2.3677467229      0.0000000000
2.0532991085           49.0220356744      0.4840000000      13.0210212340      2.3765673965      0.0000000000
2.0596573363           47.8252333406      0.4860000000      13.0171683193      2.3852822857      0.0000000000
2.0659297114           46.6692918545      0.4880000000      13.0132289175      2.3938921973      0.0000000000
2.0721171351           45.5525103524      0.4900000000      13.0092057841      2.4023979552      0.0000000000
2.0782204988           44.4732571771      0.4920000000      13.0051002872      2.4108003778      0.0000000000
2.0842406935           43.4299828800      0.4940000000      13.0009142589      2.4191002911      0.0000000000
2.0901786076           42.4212147108      0.4960000000      12.9966494990      2.4272985257      0.0000000000
2.0960351265           41.4455501950      0.4980000000      12.9923079120      2.4353959160      0.0000000000
2.1018111311           40.5016525573      0.5000000000      12.9878912211      2.4433932980      0.0000000000
2.1075074974           39.5882457538      0.5020000000      12.9834009385      2.4512915088      0.0000000000
2.1131250982           38.7041162218      0.5040000000      12.9788387431      2.4590913890      0.0000000000
2.1186648026           37.8481081553      0.5060000000      12.9742064582      2.4667937817      0.0000000000
2.1241274742           37.0191180755      0.5080000000      12.9695057307      2.4743995301      0.0000000000
2.1295139713           36.2160902439      0.5100000000      12.9647380237      2.4819094770      0.0000000000
2.1348251461           35.4380201384      0.5120000000      12.9599047760      2.4893244648      0.0000000000
2.1400618484           34.6839485849      0.5140000000      12.9550077698      2.4966453397      0.0000000000
2.1452249199           33.9529593622      0.5160000000      12.9500483783      2.5038729438      0.0000000000
2.1503151974           33.2441769789      0.5180000000      12.9450280940      2.5110081197      0.0000000000
2.1553335117           32.5567645665      0.5200000000      12.9399483222      2.5180517085      0.0000000000
2.1602806888           31.8899238583      0.5220000000      12.9348106405      2.5250045520      0.0000000000
2.1651575469           31.2428898215      0.5240000000      12.9296163916      2.5318674873      0.0000000000
2.1699648992           30.6149321331      0.5260000000      12.9243670084      2.5386413520      0.0000000000
2.1747035516           30.0053514415      0.5280000000      12.9190637917      2.5453269800      0.0000000000
2.1793743037           29.4134783590      0.5300000000      12.9137080369      2.5519252028      0.0000000000
2.1839779485           28.8386717658      0.5320000000      12.9083009710      2.5584368490      0.0000000000
2.1885152735           28.2803199235      0.5340000000      12.9028440564      2.5648627466      0.0000000000
2.1929870581           27.7378354446      0.5360000000      12.8973385185      2.5712037181      0.0000000000
2.1973940751           27.2106548340      0.5380000000      12.8917854460      2.5774605828      0.0000000000
2.2017370907           26.6982390601      0.5400000000      12.8861860680      2.5836341570      0.0000000000
2.2060168663           26.2000746467      0.5420000000      12.8805420385      2.5897252570      0.0000000000
2.2102341514           25.7156624743      0.5440000000      12.8748538998      2.5957346871      0.0000000000
2.2143896923           25.2445289930      0.5460000000      12.8691230405      2.6016632535      0.0000000000
2.2184842278           24.7862188635      0.5480000000      12.8633506418      2.6075117579      0.0000000000
2.2225184890           24.3402948648      0.5500000000      12.8575377820      2.6132809964      0.0000000000
2.2264931999           23.9063376331      0.5520000000      12.8516855485      2.6189717607      0.0000000000
2.2304090781           23.4839452372      0.5540000000      12.8457951271      2.6245848390      0.0000000000
2.2342668315           23.0727280399      0.5560000000      12.8398670829      2.6301210112      0.0000000000
2.2380671650           22.6723182287      0.5580000000      12.8339030044      2.6355810585      0.0000000000
2.2418107738           22.2823577796      0.5600000000      12.8279037226      2.6409657530      0.0000000000
2.2454983451           21.9025028727      0.5620000000      12.8218699818      2.6462758610      0.0000000000
2.2491305624           21.5324260556      0.5640000000      12.8158032087      2.6515121486      0.0000000000
2.2527080972           21.1718083565      0.5660000000      12.8097038270      2.6566753696      0.0000000000
2.2562316201           20.8203486761      0.5680000000      12.8035734863      2.6617662817      0.0000000000
2.2597017868           20.4777494627      0.5700000000      12.7974121951      2.6667856257      0.0000000000
2.2631192525           20.1437318824      0.5720000000      12.7912213964      2.6717341471      0.0000000000
2.2664846632           19.8180247274      0.5740000000      12.7850019812      2.6766125822      0.0000000000
2.2697986573           19.5003668945      0.5760000000      12.7787547838      2.6814216615      0.0000000000
2.2730618661           19.1905066052      0.5780000000      12.7724805340      2.6861621096      0.0000000000
2.2762749142           18.8882018954      0.5800000000      12.7661800543      2.6908346459      0.0000000000
2.2794384194           18.5932198202      0.5820000000      12.7598541593      2.6954399845      0.0000000000
2.2825529923           18.3053361035      0.5840000000      12.7535036537      2.6999788333      0.0000000000
2.2856192371           18.0243346176      0.5860000000      12.7471293370      2.7044518954      0.0000000000
2.2886377520           17.7500078993      0.5880000000      12.7407322202      2.7088598693      0.0000000000
2.2916091256           17.4821539921      0.5900000000      12.7343127770      2.7132034434      0.0000000000
2.2945339416           17.2205791238      0.5920000000      12.7278717407      2.7174833036      0.0000000000
2.2974127770           16.9650969654      0.5940000000      12.7214099037      2.7217001293      0.0000000000
2.3002462026           16.7155279018      0.5960000000      12.7149281583      2.7258545956      0.0000000000
2.3030347796           16.4716964726      0.5980000000      12.7084266749      2.7299473666      0.0000000000
2.3057790676           16.2334372412      0.6000000000      12.7019068013      2.7339791087      0.0000000000
2.3084796142           16.0005863400      0.6020000000      12.6953685967      2.7379504736      0.0000000000
2.3111369649           15.7729887685      0.6040000000      12.6888130911      2.7418621144      0.0000000000
2.3137516573           15.5504943131      0.6060000000      12.6822410399      2.7457146758      0.0000000000
2.3163242205           15.3329554701      0.6080000000      12.6756525982      2.7495087933      0.0000000000
2.3188551805           15.1202330621      0.6100000000      12.6690487444      2.7532451017      0.0000000000
2.3213450552           14.9121906727      0.6120000000      12.6624299514      2.7569242273      0.0000000000
2.3237943573           14.7086974413      0.6140000000      12.6557969933      2.7605467921      0.0000000000
2.3262035920           14.5096261537      0.6160000000      12.6491502886      2.7641134099      0.0000000000
2.3285732594           14.3148541478      0.6180000000      12.6424904025      2.7676246907      0.0000000000
2.3309038528           14.1242628413      0.6200000000      12.6358178925      2.7710812372      0.0000000000
2.3331958601           13.9377375723      0.6220000000      12.6291333112      2.7744836478      0.0000000000
2.3354497633           13.7551673629      0.6240000000      12.6224371956      2.7778325147      0.0000000000
2.3376660386           13.5764457713      0.6260000000      12.6157302514      2.7811284249      0.0000000000
2.3398451556           13.4014683496      0.6280000000      12.6090127873      2.7843719581      0.0000000000
2.3419875790           13.2301351151      0.6300000000      12.6022854549      2.7875636900      0.0000000000
2.3440937659           13.0623477398      0.6320000000      12.5955483973      2.7907041876      0.0000000000
2.3461641711           12.8980136371      0.6340000000      12.5888025391      2.7937940177      0.0000000000
2.3481992416           12.7370416098      0.6360000000      12.5820482814      2.7968337376      0.0000000000
2.3501994172           12.5793417837      0.6380000000      12.5752856313      2.7998238972      0.0000000000
2.3521651372           12.4248313761      0.6400000000      12.5685157711      2.8027650478      0.0000000000
2.3540968300           12.2734254934      0.6420000000      12.5617385265      2.8056577271      0.0000000000
2.3559949229           12.1250458059      0.6440000000      12.5549548285      2.8085024740      0.0000000000
2.3578598345           11.9796129104      0.6460000000      12.5481646545      2.8112998168      0.0000000000
2.3596919814           11.8370532606      0.6480000000      12.5413688652      2.8140502830      0.0000000000
2.3614917715           11.6972925869      0.6500000000      12.5345674330      2.8167543894      0.0000000000
2.3632596104           11.5602605992      0.6520000000      12.5277609675      2.8194126522      0.0000000000
2.3649958984           11.4258895530      0.6540000000      12.5209500682      2.8220255816      0.0000000000
2.3667010291           11.2941122387      0.6560000000      12.5141348706      2.8245936802      0.0000000000
2.3683753916           11.1648640969      0.6580000000      12.5073156994      2.8271174459      0.0000000000
2.3700193714           11.0380827831      0.6600000000      12.5004930841      2.8295973735      0.0000000000
2.3716333481           10.9137077044      0.6620000000      12.4936673263      2.8320339508      0.0000000000
2.3732176967           10.7916800551      0.6640000000      12.4868388052      2.8344276614      0.0000000000
2.3747727877           10.6719428653      0.6660000000      12.4800079371      2.8367789833      0.0000000000
2.3762989867           10.5544404745      0.6680000000      12.4731749791      2.8390883900      0.0000000000
2.3777966543           10.4391190781      0.6700000000      12.4663402652      2.8413563486      0.0000000000
2.3792661473           10.3259264427      0.6720000000      12.4595041268      2.8435833231      0.0000000000
2.3807078177           10.2148120882      0.6740000000      12.4526669809      2.8457697720      0.0000000000
2.3821220128           10.1057264712      0.6760000000      12.4458290551      2.8479161484      0.0000000000
2.3835090755            9.9986216545      0.6780000000      12.4389906464      2.8500229006      0.0000000000
2.3848693448            9.8934514447      0.6800000000      12.4321521182      2.8520904727      0.0000000000
2.3862031548            9.7901703283      0.6820000000      12.4253136496      2.8541193034      0.0000000000
2.3875108353            9.6887344429      0.6840000000      12.4184754950      2.8561098266      0.0000000000
2.3887927138            9.5891017257      0.6860000000      12.4116382909      2.8580624742      0.0000000000
2.3900491112            9.4912304027      0.6880000000      12.4048021023      2.8599776697      0.0000000000
2.3912803442            9.3950794589      0.6900000000      12.3979668666      2.8618558321      0.0000000000
2.3924867285            9.3006107757      0.6920000000      12.3911334185      2.8636973804      0.0000000000
2.3936685727            9.2077858421      0.6940000000      12.3843017509      2.8655027244      0.0000000000
2.3948261825            9.1165673105      0.6960000000      12.3774719992      2.8672722707      0.0000000000
2.3959598607            9.0269198293      0.6980000000      12.3706447594      2.8690064236      0.0000000000
2.3970699037            8.9388073750      0.7000000000      12.3638197782      2.8707055785      0.0000000000
2.3981566080            8.8521969308      0.7020000000      12.3569978554      2.8723701328      0.0000000000
2.3992202618            8.7670542686      0.7040000000      12.3501786890      2.8740004726      0.0000000000
2.4002611539            8.6833479896      0.7060000000      12.3433629443      2.8755969861      0.0000000000
2.4012795665            8.6010460867      0.7080000000      12.3365506044      2.8771600532      0.0000000000
2.4022757790            8.5201179985      0.7100000000      12.3297418700      2.8786900501      0.0000000000
2.4032500688            8.4405347347      0.7120000000      12.3229373363      2.8801873524      0.0000000000
2.4042027067            8.3622661032      0.7140000000      12.3161366534      2.8816523258      0.0000000000
2.4051339628            8.2852844929      0.7160000000      12.3093403195      2.8830853367      0.0000000000
2.4060441025            8.2095626352      0.7180000000      12.3025486202      2.8844867455      0.0000000000
2.4069333885            8.1350735123      0.7200000000      12.2957616957      2.8858569097      0.0000000000
2.4078020785            8.0617906205      0.7220000000      12.2889794916      2.8871961803      0.0000000000
2.4086504294            7.9896891105      0.7240000000      12.2822024630      2.8885049078      0.0000000000
2.4094786930            7.9187439217      0.7260000000      12.2754306931      2.8897834368      0.0000000000
2.4102871189            7.8489312046      0.7280000000      12.2686644633      2.8910321093      0.0000000000
2.4110759531            7.7802273801      0.7300000000      12.2619039231      2.8922512627      0.0000000000
2.4118454383            7.7126094292      0.7320000000      12.2551491944      2.8934412304      0.0000000000
2.4125958146            7.6460549954      0.7340000000      12.2484004441      2.8946023430      0.0000000000
2.4133273184            7.5805422943      0.7360000000      12.2416578346      2.8957349265      0.0000000000
2.4140401838            7.5160500903      0.7380000000      12.2349215280      2.8968393043      0.0000000000
2.4147346415            7.4525576832      0.7400000000      12.2281916819      2.8979157956      0.0000000000
2.4154109196            7.3900448865      0.7420000000      12.2214684522      2.8989647161      0.0000000000
2.4160692428            7.3284920203      0.7440000000      12.2147519914      2.8999863780      0.0000000000
2.4167098336            7.2678798915      0.7460000000      12.2080424504      2.9009810905      0.0000000000
2.4173329116            7.2081897726      0.7480000000      12.2013399784      2.9019491594      0.0000000000
2.4179386934            7.1494035616      0.7500000000      12.1946448356      2.9028908869      0.0000000000
2.4185273927            7.0915031598      0.7520000000      12.1879569987      2.9038065711      0.0000000000
2.4190992206            7.0344713047      0.7540000000      12.1812766668      2.9046965076      0.0000000000
2.4196543859            6.9782908844      0.7560000000      12.1746039900      2.9055609889      0.0000000000
2.4201930935            6.9229451059      0.7580000000      12.1679388688      2.9064003022      0.0000000000
2.4207155481            6.8684182775      0.7600000000      12.1612817556      2.9072147358      0.0000000000
2.4212219499            6.8146944683      0.7620000000      12.1546326618      2.9080045708      0.0000000000
2.4217124974            6.7617580792      0.7640000000      12.1479917204      2.9087700874      0.0000000000
2.4221873851            6.7095938162      0.7660000000      12.1413587845      2.9095115598      0.0000000000
2.4226468079            6.6581877122      0.7680000000      12.1347344321      2.9102292641      0.0000000000
2.4230909562            6.6075248660      0.7700000000      12.1281185536      2.9109234696      0.0000000000
2.4235200173            6.5575909677      0.7720000000      12.1215109745      2.9115944416      0.0000000000
2.4239341790            6.5083731742      0.7740000000      12.1149123547      2.9122424473      0.0000000000
2.4243336240            6.4598573431      0.7760000000      12.1083223871      2.9128677460      0.0000000000
2.4247185341            6.4120307242      0.7780000000      12.1017413140      2.9134705970      0.0000000000
2.4250890887            6.3648804904      0.7800000000      12.0951692978      2.9140512561      0.0000000000
2.4254454638            6.3183939695      0.7820000000      12.0886062036      2.9146099742      0.0000000000
2.4257878355            6.2725593203      0.7840000000      12.0820524678      2.9151470039      0.0000000000
2.4261163752            6.2273641369      0.7860000000      12.0755077791      2.9156625900      0.0000000000
2.4264312543            6.1827972340      0.7880000000      12.0689726386      2.9161569788      0.0000000000
2.4267326400            6.1388468203      0.7900000000      12.0624467642      2.9166304101      0.0000000000
2.4270206996            6.0955019473      0.7920000000      12.0559305217      2.9170831248      0.0000000000
2.4272955965            6.0527517039      0.7940000000      12.0494238514      2.9175153579      0.0000000000
2.4275574928            6.0105852799      0.7960000000      12.0429267993      2.9179273433      0.0000000000
2.4278065495            5.9689927204      0.7980000000      12.0364397449      2.9183193137      0.0000000000
2.4280429232            5.9279631734      0.8000000000      12.0299622811      2.9186914951      0.0000000000
2.4282667711            5.8874870151      0.8020000000      12.0234948195      2.9190441154      0.0000000000
2.4284782473            5.8475546203      0.8040000000      12.0170374305      2.9193773980      0.0000000000
2.4286775036            5.8081561425      0.8060000000      12.0105899749      2.9196915632      0.0000000000
2.4288646906            5.7692823567      0.8080000000      12.0041526689      2.9199868300      0.0000000000
2.4290399577            5.7309244425      0.8100000000      11.9977257412      2.9202634158      0.0000000000
2.4292034499            5.6930728509      0.8120000000      11.9913088483      2.9205215319      0.0000000000
2.4293553134            5.6557193080      0.8140000000      11.9849023403      2.9207613916      0.0000000000
2.4294956909            5.6188550325      0.8160000000      11.9785062251      2.9209832036      0.0000000000
2.4296247242            5.5824719237      0.8180000000      11.9721206859      2.9211871754      0.0000000000
2.4297425521            5.5465613933      0.8200000000      11.9657455092      2.9213735099      0.0000000000
2.4298493129            5.5111156117      0.8220000000      11.9593809024      2.9215424103      0.0000000000
2.4299451430            5.4761267535      0.8240000000      11.9530269291      2.9216940767      0.0000000000
2.4300301765            5.4415870062      0.8260000000      11.9466835866      2.9218287064      0.0000000000
2.4301045469            5.4074890004      0.8280000000      11.9403510820      2.9219464962      0.0000000000
2.4301683853            5.3738252832      0.8300000000      11.9340293539      2.9220476388      0.0000000000
2.4302218209            5.3405886050      0.8320000000      11.9277184467      2.9221323254      0.0000000000
2.4302649819            5.3077717647      0.8340000000      11.9214183182      2.9222007449      0.0000000000
2.4302979951            5.2753679555      0.8360000000      11.9151291137      2.9222530852      0.0000000000
2.4303209848            5.2433703939      0.8380000000      11.9088508890      2.9222895303      0.0000000000
2.4303340755            5.2117724205      0.8400000000      11.9025836752      2.9223102650      0.0000000000
2.4303373883            5.1805675101      0.8420000000      11.8963275106      2.9223154688      0.0000000000
2.4303310440            5.1497492721      0.8440000000      11.8900824368      2.9223053215      0.0000000000
2.4303151616            5.1193114468      0.8460000000      11.8838484925      2.9222800001      0.0000000000
2.4302898583            5.0892479030      0.8480000000      11.8776257151      2.9222396792      0.0000000000
2.4302552507            5.0595526290      0.8500000000      11.8714141427      2.9221845329      0.0000000000
2.4302114531            5.0302197360      0.8520000000      11.8652138102      2.9221147316      0.0000000000
2.4301585791            5.0012434325      0.8540000000      11.8590247528      2.9220304452      0.0000000000
2.4300967404            4.9726181015      0.8560000000      11.8528470132      2.9219318410      0.0000000000
2.4300260479            4.9443381960      0.8580000000      11.8466806354      2.9218190851      0.0000000000
2.4299466104            4.9163981311      0.8600000000      11.8405255254      2.9216923408      0.0000000000
2.4298585360            4.8887926946      0.8620000000      11.8343818117      2.9215517702      0.0000000000
2.4297619315            4.8615165974      0.8640000000      11.8282495230      2.9213975342      0.0000000000
2.4296569024            4.8345648625      0.8660000000      11.8221287626      2.9212297914      0.0000000000
2.4295435527            4.8079323662      0.8680000000      11.8160194839      2.9210486985      0.0000000000
2.4294219850            4.7816141563      0.8700000000      11.8099217100      2.9208544104      0.0000000000
2.4292923013            4.7556054774      0.8720000000      11.8038355108      2.9206470810      0.0000000000
2.4291546014            4.7299013950      0.8740000000      11.7977607375      2.9204268612      0.0000000000
2.4290089844            4.7044972768      0.8760000000      11.7916975096      2.9201939008      0.0000000000
2.4288555493            4.6793888327      0.8780000000      11.7856460138      2.9199483502      0.0000000000
2.4286943924            4.6545713632      0.8800000000      11.7796061185      2.9196903549      0.0000000000
2.4285256092            4.6300405962      0.8820000000      11.7735778969      2.9194200605      0.0000000000
2.4283492937            4.6057918933      0.8840000000      11.7675611465      2.9191376093      0.0000000000
2.4281655404            4.5818214165      0.8860000000      11.7615562023      2.9188431454      0.0000000000
2.4279744411            4.5581248639      0.8880000000      11.7555629692      2.9185368086      0.0000000000
2.4277760870            4.5346982032      0.8900000000      11.7495814300      2.9182187377      0.0000000000
2.4275705676            4.5115371361      0.8920000000      11.7436114615      2.9178890694      0.0000000000
2.4273579731            4.4886382361      0.8940000000      11.7376534360      2.9175479417      0.0000000000
2.4271383910            4.4659974282      0.8960000000      11.7317071534      2.9171954881      0.0000000000
2.4269119073            4.4436105956      0.8980000000      11.7257724085      2.9168318404      0.0000000000
2.4266786094            4.4214745780      0.9000000000      11.7198496580      2.9164571325      0.0000000000
2.4264385814            4.3995855115      0.9020000000      11.7139386793      2.9160714933      0.0000000000
2.4261919068            4.3779395109      0.9040000000      11.7080393202      2.9156750512      0.0000000000
2.4259386693            4.3565335524      0.9060000000      11.7021519579      2.9152679347      0.0000000000
2.4256789504            4.3353638719      0.9080000000      11.6962763133      2.9148502693      0.0000000000
2.4254128311            4.3144271652      0.9100000000      11.6904125052      2.9144221795      0.0000000000
2.4251403917            4.2937202463      0.9120000000      11.6845606325      2.9139837892      0.0000000000
2.4248617102            4.2732393912      0.9140000000      11.6787203600      2.9135352188      0.0000000000
2.4245768663            4.2529819511      0.9160000000      11.6728921549      2.9130765914      0.0000000000
2.4242859356            4.2329443351      0.9180000000      11.6670756336      2.9126080235      0.0000000000
2.4239889956            4.2131237701      0.9200000000      11.6612711079      2.9121296357      0.0000000000
2.4236861212            4.1935169754      0.9220000000      11.6554783521      2.9116415434      0.0000000000
2.4233773871            4.1741210855      0.9240000000      11.6496975043      2.9111438628      0.0000000000
2.4230628668            4.1549331082      0.9260000000      11.6439285025      2.9106367076      0.0000000000
2.4227426331            4.1359501565      0.9280000000      11.6381713674      2.9101201913      0.0000000000
2.4224167578            4.1171694125      0.9300000000      11.6324261050      2.9095944251      0.0000000000
2.4220853122            4.0985880695      0.9320000000      11.6266927133      2.9090595202      0.0000000000
2.4217483666            4.0802033764      0.9340000000      11.6209711737      2.9085155859      0.0000000000
2.4214059906            4.0620127056      0.9360000000      11.6152615536      2.9079627309      0.0000000000
2.4210582522            4.0440132669      0.9380000000      11.6095637160      2.9074010611      0.0000000000
2.4207052201            4.0262027078      0.9400000000      11.6038778902      2.9068306840      0.0000000000
2.4203469607            4.0085781223      0.9420000000      11.5982037689      2.9062517033      0.0000000000
2.4199835408            3.9911374179      0.9440000000      11.5925417446      2.9056642235      0.0000000000
2.4196150251            3.9738776259      0.9460000000      11.5868913406      2.9050683459      0.0000000000
2.4192414791            3.9567967127      0.9480000000      11.5812529191      2.9044641732      0.0000000000
2.4188629667            3.9398921658      0.9500000000      11.5756263491      2.9038518056      0.0000000000
2.4184795507            3.9231615174      0.9520000000      11.5700115341      2.9032313417      0.0000000000
2.4180912945            3.9066027946      0.9540000000      11.5644088223      2.9026028812      0.0000000000
2.4176982589            3.8902132445      0.9560000000      11.5588177080      2.9019665196      0.0000000000
2.4173005056            3.8739909575      0.9580000000      11.5532384958      2.9013223540      0.0000000000
2.4168980951            3.8579338008      0.9600000000      11.5476712488      2.9006704801      0.0000000000
2.4164910866            3.8420392637      0.9620000000      11.5421156587      2.9000109908      0.0000000000
2.4160795395            3.8263055130      0.9640000000      11.5365719576      2.8993439800      0.0000000000
2.4156635122            3.8107304846      0.9660000000      11.5310401671      2.8986695401      0.0000000000
2.4152430617            3.7953118287      0.9680000000      11.5255200356      2.8979877608      0.0000000000
2.4148182457            3.7800477656      0.9700000000      11.5200117454      2.8972987338      0.0000000000
2.4143891208            3.7649363934      0.9720000000      11.5145154138      2.8966025486      0.0000000000
2.4139557415            3.7499753976      0.9740000000      11.5090306487      2.8958992914      0.0000000000
2.4135181638            3.7351630802      0.9760000000      11.5035576878      2.8951890512      0.0000000000
2.4130764423            3.7204976466      0.9780000000      11.4980966388      2.8944719148      0.0000000000
2.4126306302            3.7059770839      0.9800000000      11.4926472852      2.8937479665      0.0000000000
2.4121807809            3.6915994883      0.9820000000      11.4872096230      2.8930172912      0.0000000000
2.4117269470            3.6773631508      0.9840000000      11.4817836869      2.8922799726      0.0000000000
2.4112691809            3.6632664160      0.9860000000      11.4763696334      2.8915360943      0.0000000000
2.4108075335            3.6493073585      0.9880000000      11.4709672151      2.8907857374      0.0000000000
2.4103420557            3.6354842400      0.9900000000      11.4655764557      2.8900289831      0.0000000000
2.4098727978            3.6217954279      0.9920000000      11.4601973940      2.8892659115      0.0000000000
2.4093998095            3.6082393200      0.9940000000      11.4548300814      2.8884966021      0.0000000000
2.4089231404            3.5948142690      0.9960000000      11.4494745071      2.8877211342      0.0000000000
2.4084428380            3.5815185004      0.9980000000      11.4441304630      2.8869395839      0.0000000000
2.4079589510            3.5683505159      1.0000000000      11.4387980807      2.8861520293      0.0000000000
2.4074715266            3.5553087582      1.0020000000      11.4334773435      2.8853585456      0.0000000000
2.4069806121            3.5423916956      1.0040000000      11.4281682386      2.8845592090      0.0000000000
2.4064862536            3.5295978682      1.0060000000      11.4228708226      2.8837540935      0.0000000000
2.4059884972            3.5169257174      1.0080000000      11.4175850090      2.8829432729      0.0000000000
2.4054873876            3.5043736442      1.0100000000      11.4123106390      2.8821268193      0.0000000000
2.4049829703            3.4919403586      1.0120000000      11.4070478846      2.8813048058      0.0000000000
2.4044752894            3.4796243712      1.0140000000      11.4017966923      2.8804773036      0.0000000000
2.4039643888            3.4674242824      1.0160000000      11.3965570132      2.8796443829      0.0000000000
2.4034503118            3.4553387734      1.0180000000      11.3913289227      2.8788061141      0.0000000000
2.4029331017            3.4433664544      1.0200000000      11.3861123686      2.8779625667      0.0000000000
2.4024128002            3.4315059457      1.0220000000      11.3809073114      2.8771138081      0.0000000000
2.4018894495            3.4197559363      1.0240000000      11.3757137344      2.8762599066      0.0000000000
2.4013630909            3.4081150290      1.0260000000      11.3705315199      2.8754009290      0.0000000000
2.4008337652            3.3965820672      1.0280000000      11.3653607960      2.8745369410      0.0000000000
2.4003015134            3.3851557521      1.0300000000      11.3602015103      2.8736680094      0.0000000000
2.3997663755            3.3738348309      1.0320000000      11.3550536429      2.8727941988      0.0000000000
2.3992283906            3.3626180634      1.0340000000      11.3499171775      2.8719155724      0.0000000000
2.3986875985            3.3515042559      1.0360000000      11.3447920999      2.8710321952      0.0000000000
2.3981440375            3.3404922119      1.0380000000      11.3396783872      2.8701441294      0.0000000000
2.3975977460            3.3295807401      1.0400000000      11.3345760034      2.8692514369      0.0000000000
2.3970487620            3.3187687113      1.0420000000      11.3294849690      2.8683541801      0.0000000000
2.3964971227            3.3080549978      1.0440000000      11.3244052753      2.8674524192      0.0000000000
2.3959428655            3.2974384485      1.0460000000      11.3193368793      2.8665462150      0.0000000000
2.3953860266            3.2869179553      1.0480000000      11.3142797622      2.8656356268      0.0000000000
2.3948266426            3.2764924273      1.0500000000      11.3092339071      2.8647207140      0.0000000000
2.3942647490            3.2661607873      1.0520000000      11.3041992954      2.8638015350      0.0000000000
2.3937003814            3.2559219748      1.0540000000      11.2991759092      2.8628781474      0.0000000000
2.3931335747            3.2457749446      1.0560000000      11.2941637300      2.8619506083      0.0000000000
2.3925643635            3.2357186660      1.0580000000      11.2891627395      2.8610189745      0.0000000000
2.3919927823            3.2257521233      1.0600000000      11.2841729206      2.8600833024      0.0000000000
2.3914188647            3.2158743150      1.0620000000      11.2791942534      2.8591436469      0.0000000000
2.3908426443            3.2060842530      1.0640000000      11.2742267201      2.8582000631      0.0000000000
2.3902641544            3.1963809752      1.0660000000      11.2692703159      2.8572526057      0.0000000000
2.3896834275            3.1867635354      1.0680000000      11.2643250331      2.8563013277      0.0000000000
2.3891004961            3.1772309597      1.0700000000      11.2593908206      2.8553462830      0.0000000000
2.3885153922            3.1677823093      1.0720000000      11.2544676542      2.8543875235      0.0000000000
2.3879281476            3.1584166632      1.0740000000      11.2495555306      2.8534251021      0.0000000000
2.3873387935            3.1491331218      1.0760000000      11.2446544264      2.8524590696      0.0000000000
2.3867473609            3.1399308013      1.0780000000      11.2397643261      2.8514894774      0.0000000000
2.3861538805            3.1308088166      1.0800000000      11.2348852094      2.8505163757      0.0000000000
2.3855583827            3.1217663026      1.0820000000      11.2300170648      2.8495398150      0.0000000000
2.3849608974            3.1128024076      1.0840000000      11.2251598761      2.8485598444      0.0000000000
2.3843614541            3.1039162040      1.0860000000      11.2203135317      2.8475765125      0.0000000000
2.3837600822            3.0951069195      1.0880000000      11.2154780888      2.8465898680      0.0000000000
2.3831568108            3.0863737447      1.0900000000      11.2106535300      2.8455999590      0.0000000000
2.3825516686            3.0777158679      1.0920000000      11.2058398453      2.8446068327      0.0000000000
2.3819446842            3.0691325420      1.0940000000      11.2010370764      2.8436105364      0.0000000000
2.3813358853            3.0606228514      1.0960000000      11.1962450910      2.8426111163      0.0000000000
2.3807252997            3.0521860921      1.0980000000      11.1914639107      2.8416086182      0.0000000000
2.3801129549            3.0438214943      1.1000000000      11.1866935192      2.8406030877      0.0000000000
2.3794988781            3.0355282858      1.1020000000      11.1819338836      2.8395945700      0.0000000000
2.3788830958            3.0273056409      1.1040000000      11.1771849031      2.8385831088      0.0000000000
2.3782656351            3.0191529188      1.1060000000      11.1724466472      2.8375687494      0.0000000000
2.3776465221            3.0110694349      1.1080000000      11.1677191713      2.8365515348      0.0000000000
2.3770257827            3.0030543624      1.1100000000      11.1630023549      2.8355315085      0.0000000000
2.3764034428            2.9951070527      1.1120000000      11.1582962016      2.8345087133      0.0000000000
2.3757795276            2.9872268316      1.1140000000      11.1536007285      2.8334831912      0.0000000000
2.3751540620            2.9794128444      1.1160000000      11.1489157278      2.8324549836      0.0000000000
2.3745270711            2.9716645493      1.1180000000      11.1442413235      2.8314241323      0.0000000000
2.3738985798            2.9639813210      1.1200000000      11.1395775865      2.8303906789      0.0000000000
2.3732686123            2.9563623897      1.1220000000      11.1349243848      2.8293546637      0.0000000000
2.3726371924            2.9488071689      1.1240000000      11.1302817238      2.8283161265      0.0000000000
2.3720043441            2.9413149554      1.1260000000      11.1256495449      2.8272751072      0.0000000000
2.3713700907            2.9338850812      1.1280000000      11.1210277662      2.8262316450      0.0000000000
2.3707344558            2.9265170413      1.1300000000      11.1164165471      2.8251857792      0.0000000000
2.3700974624            2.9192101164      1.1320000000      11.1118157708      2.8241375482      0.0000000000
2.3694591335            2.9119637663      1.1340000000      11.1072254472      2.8230869906      0.0000000000
2.3688194909            2.9047772547      1.1360000000      11.1026454287      2.8220341428      0.0000000000
2.3681785573            2.8976500594      1.1380000000      11.0980757489      2.8209790429      0.0000000000
2.3675363551            2.8905816596      1.1400000000      11.0935165579      2.8199217287      0.0000000000
2.3668929059            2.8835714071      1.1420000000      11.0889676793      2.8188622360      0.0000000000
2.3662482311            2.8766187110      1.1440000000      11.0844290967      2.8178006009      0.0000000000
2.3656023519            2.8697229575      1.1460000000      11.0799006960      2.8167368589      0.0000000000
2.3649552899            2.8628837086      1.1480000000      11.0753826912      2.8156710466      0.0000000000
2.3643070659            2.8561003591      1.1500000000      11.0708749300      2.8146031987      0.0000000000
2.3636577003            2.8493723324      1.1520000000      11.0663773760      2.8135333496      0.0000000000
2.3630072132            2.8426990467      1.1540000000      11.0618899130      2.8124615331      0.0000000000
2.3623556258            2.8360800902      1.1560000000      11.0574127742      2.8113877847      0.0000000000
2.3617029575            2.8295148952      1.1580000000      11.0529457877      2.8103121376      0.0000000000
2.3610492280            2.8230028569      1.1600000000      11.0484888700      2.8092346244      0.0000000000
2.3603944569            2.8165435305      1.1620000000      11.0440420507      2.8081552784      0.0000000000
2.3597386640            2.8101364271      1.1640000000      11.0396054095      2.8070741333      0.0000000000
2.3590818680            2.8037810530      1.1660000000      11.0351788580      2.8059912202      0.0000000000
2.3584240875            2.7974767705      1.1680000000      11.0307621836      2.8049065709      0.0000000000
2.3577653423            2.7912232632      1.1700000000      11.0263556829      2.8038202186      0.0000000000
2.3571056500            2.7850200317      1.1720000000      11.0219592066      2.8027321932      0.0000000000
2.3564450294            2.7788664562      1.1740000000      11.0175726003      2.8016425263      0.0000000000
2.3557834984            2.7727621956      1.1760000000      11.0131960088      2.8005512484      0.0000000000
2.3551210751            2.7667067846      1.1780000000      11.0088294001      2.7994583903      0.0000000000
2.3544577772            2.7606996834      1.1800000000      11.0044726535      2.7983639814      0.0000000000
2.3537936221            2.7547404795      1.1820000000      11.0001257870      2.7972680518      0.0000000000
2.3531286276            2.7488287608      1.1840000000      10.9957888593      2.7961706314      0.0000000000
2.3524628103            2.7429640241      1.1860000000      10.9914617447      2.7950717485      0.0000000000
2.3517961875            2.7371458392      1.1880000000      10.9871444199      2.7939714324      0.0000000000
2.3511287763            2.7313738303      1.1900000000      10.9828369791      2.7928697121      0.0000000000
2.3504605929            2.7256475006      1.1920000000      10.9785392779      2.7917666152      0.0000000000
2.3497916538            2.7199664419      1.1940000000      10.9742513129      2.7906621696      0.0000000000
2.3491219756            2.7143303014      1.1960000000      10.9699731629      2.7895564038      0.0000000000
2.3484515739            2.7087385627      1.1980000000      10.9657046566      2.7884493442      0.0000000000
2.3477804651            2.7031908751      1.2000000000      10.9614458682      2.7873410187      0.0000000000
