# M(M_sol)                 Lambda          n_Bc(fm^-3)         R(km)            m_B(M_sol)        m_Bquar/M_B
0.1507091929     45789842.3725490570      0.0980000000      23.5954822766      0.1509060213      0.0000000000
0.1549908977     39777439.8666972518      0.1000000000      22.8609802708      0.1552446862      0.0000000000
0.1593087878     34703152.0948401019      0.1020000000      22.2054121629      0.1596226796      0.0000000000
0.1636653890     30388541.0673271716      0.1040000000      21.6164722862      0.1640426206      0.0000000000
0.1680637036     26696223.0051840395      0.1060000000      21.0842568875      0.1685076207      0.0000000000
0.1725071496     23518665.3755820282      0.1080000000      20.6007117848      0.1730212221      0.0000000000
0.1769995155     20770544.3000220098      0.1100000000      20.1592274439      0.1775873541      0.0000000000
0.1815449223     18383334.6376899369      0.1120000000      19.7543322463      0.1822102956      0.0000000000
0.1861165186     16314601.5651837271      0.1140000000      19.3838802060      0.1868628067      0.0000000000
0.1906647081     14533213.4745982420      0.1160000000      19.0472224087      0.1914944110      0.0000000000
0.1952326911     12977932.9608228412      0.1180000000      18.7371514787      0.1961490939      0.0000000000
0.1998365082     11611142.0986934379      0.1200000000      18.4497080079      0.2008432507      0.0000000000
0.2044869879     10404331.0735133197      0.1220000000      18.1819597847      0.2055879994      0.0000000000
0.2091931574      9334720.4636377692      0.1240000000      17.9315647404      0.2103926473      0.0000000000
0.2139632122      8383696.0919341212      0.1260000000      17.6965964482      0.2152656775      0.0000000000
0.2188049027      7535810.6414815187      0.1280000000      17.4754422593      0.2202151410      0.0000000000
0.2237257274      6778123.2840691702      0.1300000000      17.2667389816      0.2252488543      0.0000000000
0.2287330245      6099686.0264933286      0.1320000000      17.0693240405      0.2303744929      0.0000000000
0.2338340331      5491175.8059123401      0.1340000000      16.8822003241      0.2355996545      0.0000000000
0.2390359209      4944597.1465128912      0.1360000000      16.7045082504      0.2409318874      0.0000000000
0.2443458027      4453055.3507814100      0.1380000000      16.5355038206      0.2463787107      0.0000000000
0.2497707456      4010569.1533801393      0.1400000000      16.3745405269      0.2519476202      0.0000000000
0.2553177722      3611924.9213971202      0.1420000000      16.2210546023      0.2576460928      0.0000000000
0.2609938547      3252556.1605937523      0.1440000000      16.0745533655      0.2634815812      0.0000000000
0.2668059124      2928444.3212363687      0.1460000000      15.9346045390      0.2694615123      0.0000000000
0.2727607972      2636039.6582602295      0.1480000000      15.8008279378      0.2755932737      0.0000000000
0.2788652858      2372192.8805770515      0.1500000000      15.6728877999      0.2818842061      0.0000000000
0.2851260665      2134101.4435623037      0.1520000000      15.5504874724      0.2883415911      0.0000000000
0.2915497286      1919260.8587128401      0.1540000000      15.4333624004      0.2949726417      0.0000000000
0.2981427242      1725429.5746601624      0.1560000000      15.3212777818      0.3017844628      0.0000000000
0.3049113855      1550592.5183544022      0.1580000000      15.2140220681      0.3087840709      0.0000000000
0.3118618881      1392936.2194851437      0.1600000000      15.1114054955      0.3159783564      0.0000000000
0.3190002355      1250824.0639473391      0.1620000000      15.0132557683      0.3233740693      0.0000000000
0.3263322400      1122776.8073155619      0.1640000000      14.9194158833      0.3309777986      0.0000000000
0.3338635075      1007455.5697336717      0.1660000000      14.8297418599      0.3387959588      0.0000000000
0.3415994182       903646.7845245302      0.1680000000      14.7441006898      0.3468347690      0.0000000000
0.3495451048       810249.6559512363      0.1700000000      14.6623681923      0.3551002312      0.0000000000
0.3577054395       726265.1406960501      0.1720000000      14.5844282522      0.3635981170      0.0000000000
0.3660850076       650785.6820171666      0.1740000000      14.5101706271      0.3723339398      0.0000000000
0.3746881145       582987.3238203432      0.1760000000      14.4394905074      0.3813129621      0.0000000000
0.3835187352       522121.6137329629      0.1780000000      14.3722872544      0.3905401427      0.0000000000
0.3925805214       467508.9473830680      0.1800000000      14.3084635911      0.4000201431      0.0000000000
0.4018767805       418532.3771835801      0.1820000000      14.2479246865      0.4097573050      0.0000000000
0.4114104658       374632.2890171393      0.1840000000      14.1905783353      0.4197556392      0.0000000000
0.4211841588       335301.2382693452      0.1860000000      14.1363335505      0.4300188057      0.0000000000
0.4312000632       300079.4547517688      0.1880000000      14.0851007508      0.4405501057      0.0000000000
0.4414599922       268550.7544646410      0.1900000000      14.0367913934      0.4513524673      0.0000000000
0.4519653612       240338.6876410638      0.1920000000      13.9913176772      0.4624284354      0.0000000000
0.4627171810       215103.0030195261      0.1940000000      13.9485922032      0.4737801623      0.0000000000
0.4737160534       192536.6147283808      0.1960000000      13.9085284219      0.4854094015      0.0000000000
0.4849621640       172362.4875886710      0.1980000000      13.8710399620      0.4973174963      0.0000000000
0.4964552835       154331.0029652901      0.2000000000      13.8360409439      0.5095053797      0.0000000000
0.5081947645       138217.4410098082      0.2020000000      13.8034458560      0.5219735671      0.0000000000
0.5201795429       123819.7192271824      0.2040000000      13.7731697580      0.5347221549      0.0000000000
0.5324081384       110956.2719484474      0.2060000000      13.7451280864      0.5477508177      0.0000000000
0.5448786594        99464.1029924131      0.2080000000      13.7192370197      0.5610588100      0.0000000000
0.5575888080        89197.0097939777      0.2100000000      13.6954133010      0.5746449676      0.0000000000
0.5705358840        80023.9828569423      0.2120000000      13.6735744400      0.5885077081      0.0000000000
0.5837167963        71827.6992763232      0.2140000000      13.6536389010      0.6026450392      0.0000000000
0.5971280675        64503.1834994269      0.2160000000      13.6355260389      0.6170545591      0.0000000000
0.6107658464        57956.5655663923      0.2180000000      13.6191563438      0.6317334667      0.0000000000
0.6246259187        52103.9580654590      0.2200000000      13.6044513833      0.6466785674      0.0000000000
0.6387037186        46870.4462427708      0.2220000000      13.5913341186      0.6618862823      0.0000000000
0.6529943435        42189.1506990459      0.2240000000      13.5797287833      0.6773526594      0.0000000000
0.6674925657        38000.4132479017      0.2260000000      13.5695611042      0.6930733816      0.0000000000
0.6821928508        34251.0118816481      0.2280000000      13.5607583054      0.7090437827      0.0000000000
0.6970893700        30893.5070221934      0.2300000000      13.5532491795      0.7252588560      0.0000000000
0.7121760200        27885.6190717195      0.2320000000      13.5469643707      0.7417132716      0.0000000000
0.7274464370        25189.6681172717      0.2340000000      13.5418360037      0.7584013876      0.0000000000
0.7428940163        22772.0923114784      0.2360000000      13.5377980918      0.7753172672      0.0000000000
0.7585119290        20602.9963149580      0.2380000000      13.5347865136      0.7924546930      0.0000000000
0.7742931422        18655.7526183045      0.2400000000      13.5327389340      0.8098071850      0.0000000000
0.7902304350        16906.6480995275      0.2420000000      13.5315949117      0.8273680144      0.0000000000
0.8063164201        15334.5612973395      0.2440000000      13.5312959475      0.8451302238      0.0000000000
0.8225435595        13920.6841087183      0.2460000000      13.5317853921      0.8630866408      0.0000000000
0.8389041870        12648.2604851626      0.2480000000      13.5330085988      0.8812299001      0.0000000000
0.8553905222        11502.3661658072      0.2500000000      13.5349127777      0.8995524551      0.0000000000
0.8719946946        10469.7007333643      0.2520000000      13.5374471006      0.9180466024      0.0000000000
0.8887087567         9538.4147481754      0.2540000000      13.5405626356      0.9367044931      0.0000000000
0.9055247064         8697.9427644361      0.2560000000      13.5442124333      0.9555181559      0.0000000000
0.9224345008         7938.8649541771      0.2580000000      13.5483512108      0.9744795098      0.0000000000
0.9394300775         7252.7794885293      0.2600000000      13.5529358408      0.9935803860      0.0000000000
0.9565033673         6632.1901833270      0.2620000000      13.5579247483      1.0128125407      0.0000000000
0.9736463138         6070.4056275677      0.2640000000      13.5632783922      1.0321676754      0.0000000000
0.9908508870         5561.4503966746      0.2660000000      13.5689588020      1.0516374507      0.0000000000
1.0081090995         5099.9876038137      0.2680000000      13.5749298928      1.0712135040      0.0000000000
1.0254130205         4681.2466659437      0.2700000000      13.5811572176      1.0908874643      0.0000000000
1.0427547897         4300.9617471799      0.2720000000      13.5876079461      1.1106509674      0.0000000000
1.0601266305         3955.3167418810      0.2740000000      13.5942509475      1.1304956707      0.0000000000
1.0775208618         3640.8963145037      0.2760000000      13.6010566340      1.1504132668      0.0000000000
1.0949299108         3354.6409217252      0.2780000000      13.6079968960      1.1703954975      0.0000000000
1.1123463224         3093.8097312558      0.2800000000      13.6150451788      1.1904341657      0.0000000000
1.1297627710         2855.9447460954      0.2820000000      13.6221763722      1.2105211491      0.0000000000
1.1471720685         2638.8410013440      0.2840000000      13.6293667088      1.2306484104      0.0000000000
1.1645671735         2440.5193188811      0.2860000000      13.6365938033      1.2508080086      0.0000000000
1.1819411994         2259.2017672684      0.2880000000      13.6438365614      1.2709921095      0.0000000000
1.1992874216         2093.2901852342      0.2900000000      13.6510751811      1.2911929959      0.0000000000
1.2165992840         1941.3473506762      0.2920000000      13.6582910220      1.3114030759      0.0000000000
1.2338704023         1802.0797924724      0.2940000000      13.6654666430      1.3316148890      0.0000000000
1.2510945739         1674.3225553692      0.2960000000      13.6725857282      1.3518211186      0.0000000000
1.2682657778         1557.0258933798      0.2980000000      13.6796329997      1.3720145949      0.0000000000
1.2853781811         1449.2429753460      0.3000000000      13.6865942817      1.3921883035      0.0000000000
1.3024261431         1350.1194640246      0.3020000000      13.6934563465      1.4123353930      0.0000000000
1.3194042079         1258.8838130660      0.3040000000      13.7002069011      1.4324491682      0.0000000000
1.3363071215         1174.8388654874      0.3060000000      13.7068345818      1.4525231127      0.0000000000
1.3531298235         1097.3540169631      0.3080000000      13.7133289329      1.4725508815      0.0000000000
1.3698674493         1025.8587152191      0.3100000000      13.7196802250      1.4925263061      0.0000000000
1.3865153319          959.8361423343      0.3120000000      13.7258796387      1.5124433988      0.0000000000
1.4030689998          898.8180798466      0.3140000000      13.7319189960      1.5322963533      0.0000000000
1.4195241784          842.3797651238      0.3160000000      13.7377909263      1.5520795484      0.0000000000
1.4358767870          790.1357906451      0.3180000000      13.7434886850      1.5717875475      0.0000000000
1.4521229389          741.7360435717      0.3200000000      13.7490061870      1.5914151010      0.0000000000
1.4682589385          696.8623828394      0.3220000000      13.7543379883      1.6109571456      0.0000000000
1.4842812795          655.2253867441      0.3240000000      13.7594791774      1.6304088049      0.0000000000
1.5001866424          616.5617435556      0.3260000000      13.7644254237      1.6497653886      0.0000000000
1.5159718922          580.6314756261      0.3280000000      13.7691729319      1.6690223929      0.0000000000
1.5316340743          547.2159637626      0.3300000000      13.7737183720      1.6881754975      0.0000000000
1.5471704125          516.1157145308      0.3320000000      13.7780588970      1.7072205660      0.0000000000
1.5625783043          487.1487195188      0.3340000000      13.7821920761      1.7261536432      0.0000000000
1.5778553184          460.1486198632      0.3360000000      13.7861159232      1.7449709538      0.0000000000
1.5929991903          434.9634276259      0.3380000000      13.7898288350      1.7636688997      0.0000000000
1.6080078181          411.4540983986      0.3400000000      13.7933295386      1.7822440574      0.0000000000
1.6228792591          389.4933333165      0.3420000000      13.7966171528      1.8006931763      0.0000000000
1.6376117252          368.9645197961      0.3440000000      13.7996910837      1.8190131748      0.0000000000
1.6522035786          349.7608067099      0.3460000000      13.8025510550      1.8372011379      0.0000000000
1.6666533280          331.7841222317      0.3480000000      13.8051970754      1.8552543141      0.0000000000
1.6809596233          314.9444927908      0.3500000000      13.8076294056      1.8731701114      0.0000000000
1.6951212522          299.1592250300      0.3520000000      13.8098485554      1.8909460952      0.0000000000
1.7091371327          284.3523385879      0.3540000000      13.8118552477      1.9085799804      0.0000000000
1.7230063183          270.4539488199      0.3560000000      13.8136504593      1.9260696401      0.0000000000
1.7367279799          257.3997003331      0.3580000000      13.8152353292      1.9434130853      0.0000000000
1.7503014098          245.1303569064      0.3600000000      13.8166111878      1.9606084710      0.0000000000
1.7637260161          233.5912849360      0.3620000000      13.8177795206      1.9776540914      0.0000000000
1.7770013173          222.7321346720      0.3640000000      13.8187419905      1.9945483746      0.0000000000
1.7901269392          212.5064009231      0.3660000000      13.8195003990      2.0112898798      0.0000000000
1.8031026091          202.8711645006      0.3680000000      13.8200566513      2.0278772929      0.0000000000
1.8159281530          193.7867562476      0.3700000000      13.8204128129      2.0443094227      0.0000000000
1.8286034907          185.2164882810      0.3720000000      13.8205710353      2.0605851973      0.0000000000
1.8411286320          177.1264254984      0.3740000000      13.8205335655      2.0767036599      0.0000000000
1.8535036727          169.4851459218      0.3760000000      13.8203027515      2.0926639657      0.0000000000
1.8657287906          162.2635329048      0.3780000000      13.8198810125      2.1084653772      0.0000000000
1.8778042420          155.4346043124      0.3800000000      13.8192708537      2.1241072612      0.0000000000
1.8897303572          148.9733323376      0.3820000000      13.8184748123      2.1395890844      0.0000000000
1.9015075378          142.8564748808      0.3840000000      13.8174955213      2.1549104106      0.0000000000
1.9131362528          137.0624617153      0.3860000000      13.8163356532      2.1700708967      0.0000000000
1.9246170347          131.5712455308      0.3880000000      13.8149979051      2.1850702886      0.0000000000
1.9359504766          126.3641840944      0.3900000000      13.8134850204      2.1999084186      0.0000000000
1.9471372292          121.4239328269      0.3920000000      13.8117997801      2.2145852016      0.0000000000
1.9581779971          116.7343486642      0.3940000000      13.8099449871      2.2291006318      0.0000000000
1.9690735355          112.2803928081      0.3960000000      13.8079234691      2.2434547791      0.0000000000
1.9798246483          108.0480557639      0.3980000000      13.8057380530      2.2576477861      0.0000000000
1.9904321841          104.0242636432      0.4000000000      13.8033915863      2.2716798655      0.0000000000
2.0008970342          100.1968270426      0.4020000000      13.8008869407      2.2855512962      0.0000000000
2.0112201295           96.5543637945      0.4040000000      13.7982269602      2.2992624206      0.0000000000
2.0214024379           93.0862470804      0.4060000000      13.7954145215      2.3128136416      0.0000000000
2.0314449620           89.7825349366      0.4080000000      13.7924524606      2.3262054203      0.0000000000
2.0413487367           86.6339441780      0.4100000000      13.7893436380      2.3394382722      0.0000000000
2.0511148267           83.6317826765      0.4120000000      13.7860908913      2.3525127656      0.0000000000
2.0607443245           80.7679150931      0.4140000000      13.7826970604      2.3654295184      0.0000000000
2.0702383480           78.0347213596      0.4160000000      13.7791649266      2.3781891953      0.0000000000
2.0795980386           75.4250663262      0.4180000000      13.7754973072      2.3907925060      0.0000000000
2.0888245596           72.9322557684      0.4200000000      13.7716969776      2.4032402028      0.0000000000
2.0979190935           70.5500138159      0.4220000000      13.7677666839      2.4155330775      0.0000000000
2.1068828407           68.2724491592      0.4240000000      13.7637091657      2.4276719597      0.0000000000
2.1157170179           66.0940317386      0.4260000000      13.7595271170      2.4396577147      0.0000000000
2.1244228561           64.0095684489      0.4280000000      13.7552232352      2.4514912416      0.0000000000
2.1330015995           62.0141738632      0.4300000000      13.7508001756      2.4631734709      0.0000000000
2.1414545032           60.1032594683      0.4320000000      13.7462605504      2.4747053621      0.0000000000
2.1497828325           58.2725065416      0.4340000000      13.7416069669      2.4860879031      0.0000000000
2.1579878613           56.5178500408      0.4360000000      13.7368419918      2.4973221073      0.0000000000
2.1660708707           54.8354639966      0.4380000000      13.7319681596      2.5084090124      0.0000000000
2.1740331478           53.2217426859      0.4400000000      13.7269879788      2.5193496782      0.0000000000
2.1818759847           51.6732899542      0.4420000000      13.7219038995      2.5301451857      0.0000000000
2.1896006769           50.1869004720      0.4440000000      13.7167183900      2.5407966349      0.0000000000
2.1972085229           48.7595541450      0.4460000000      13.7114338325      2.5513051438      0.0000000000
2.2047008227           47.3883987730      0.4480000000      13.7060526094      2.5616718468      0.0000000000
2.2120788770           46.0707417560      0.4500000000      13.7005770496      2.5718978928      0.0000000000
2.2193439862           44.8040405840      0.4520000000      13.6950094601      2.5819844448      0.0000000000
2.2264974498           43.5858923581      0.4540000000      13.6893521130      2.5919326779      0.0000000000
2.2335405653           42.4140251181      0.4560000000      13.6836072193      2.6017437787      0.0000000000
2.2404746274           41.2862905104      0.4580000000      13.6777769966      2.6114189431      0.0000000000
2.2473009279           40.2006582850      0.4600000000      13.6718636009      2.6209593769      0.0000000000
2.2540207542           39.1552009814      0.4620000000      13.6658691516      2.6303662927      0.0000000000
2.2606353889           38.1480999366      0.4640000000      13.6597957498      2.6396409105      0.0000000000
2.2671461097           37.1776284788      0.4660000000      13.6536454488      2.6487844560      0.0000000000
2.2735541883           36.2421512613      0.4680000000      13.6474202648      2.6577981597      0.0000000000
2.2798608898           35.3401189712      0.4700000000      13.6411221904      2.6666832560      0.0000000000
2.2860674729           34.4700606181      0.4720000000      13.6347531829      2.6754409828      0.0000000000
2.2921751885           33.6305827470      0.4740000000      13.6283151488      2.6840725801      0.0000000000
2.2981852799           32.8203599365      0.4760000000      13.6218099809      2.6925792891      0.0000000000
2.3040989827           32.0381362143      0.4780000000      13.6152395274      2.7009623529      0.0000000000
2.3099175231           31.2827176053      0.4800000000      13.6086056015      2.7092230134      0.0000000000
2.3156421191           30.5529702827      0.4820000000      13.6019099880      2.7173625129      0.0000000000
2.3212739796           29.8478152597      0.4840000000      13.5951544408      2.7253820927      0.0000000000
2.3268143035           29.1662285429      0.4860000000      13.5883406712      2.7332829916      0.0000000000
2.3322642802           28.5072334880      0.4880000000      13.5814703687      2.7410664465      0.0000000000
2.3376250892           27.8699035013      0.4900000000      13.5745451853      2.7487336913      0.0000000000
2.3428978996           27.2533549034      0.4920000000      13.5675667456      2.7562859569      0.0000000000
2.3480838704           26.6567470582      0.4940000000      13.5605366445      2.7637244701      0.0000000000
2.3531841497           26.0792787195      0.4960000000      13.5534564207      2.7710504534      0.0000000000
2.3581998745           25.5201862371      0.4980000000      13.5463276323      2.7782651242      0.0000000000
2.3631321718           24.9787430310      0.5000000000      13.5391517636      2.7853696958      0.0000000000
2.3679821567           24.4542552923      0.5020000000      13.5319302866      2.7923653753      0.0000000000
2.3727509336           23.9460614203      0.5040000000      13.5246646429      2.7992533638      0.0000000000
2.3774395963           23.4535304763      0.5060000000      13.5173562465      2.8060348578      0.0000000000
2.3820492242           22.9760590090      0.5080000000      13.5100064760      2.8127110432      0.0000000000
2.3865808886           22.5130731788      0.5100000000      13.5026166969      2.8192831030      0.0000000000
2.3910356481           22.0640241379      0.5120000000      13.4951882279      2.8257522121      0.0000000000
2.3954145497           21.6283860526      0.5140000000      13.4877223822      2.8321195379      0.0000000000
2.3997186287           21.2056585504      0.5160000000      13.4802204212      2.8383862398      0.0000000000
2.4039489090           20.7953620304      0.5180000000      13.4726836072      2.8445534701      0.0000000000
2.4081064028           20.3970384071      0.5200000000      13.4651131613      2.8506223725      0.0000000000
2.4121921106           20.0102496199      0.5220000000      13.4575102668      2.8565940828      0.0000000000
2.4162070212           19.6345763331      0.5240000000      13.4498761114      2.8624697281      0.0000000000
2.4201521117           19.2696174937      0.5260000000      13.4422118425      2.8682504273      0.0000000000
2.4240283478           18.9149886191      0.5280000000      13.4345185806      2.8739372903      0.0000000000
2.4278366833           18.5703221329      0.5300000000      13.4267974282      2.8795314183      0.0000000000
2.4315780607           18.2352664615      0.5320000000      13.4190494600      2.8850339034      0.0000000000
2.4352534108           17.9094835636      0.5340000000      13.4112757424      2.8904458288      0.0000000000
2.4388636528           17.5926496622      0.5360000000      13.4034772943      2.8957682680      0.0000000000
2.4424096948           17.2844558581      0.5380000000      13.3956551317      2.9010022861      0.0000000000
2.4458924331           16.9846034548      0.5400000000      13.3878102496      2.9061489380      0.0000000000
2.4493127530           16.6928085416      0.5420000000      13.3799436081      2.9112092693      0.0000000000
2.4526715284           16.4087970469      0.5440000000      13.3720561550      2.9161843165      0.0000000000
2.4559696218           16.1323064256      0.5460000000      13.3641488210      2.9210751060      0.0000000000
2.4592078849           15.8630851026      0.5480000000      13.3562225102      2.9258826551      0.0000000000
2.4623871583           15.6008907859      0.5500000000      13.3482781104      2.9306079710      0.0000000000
2.4655082716           15.3454913216      0.5520000000      13.3403164888      2.9352520516      0.0000000000
2.4685720431           15.0966635596      0.5540000000      13.3323384954      2.9398158844      0.0000000000
2.4715792811           14.8541930194      0.5560000000      13.3243449621      2.9443004481      0.0000000000
2.4745307825           14.6178736275      0.5580000000      13.3163366958      2.9487067110      0.0000000000
2.4774273339           14.3875074042      0.5600000000      13.3083144967      2.9530356318      0.0000000000
2.4802697114           14.1629034850      0.5620000000      13.3002791381      2.9572881597      0.0000000000
2.4830586804           13.9438790300      0.5640000000      13.2922313773      2.9614652337      0.0000000000
2.4857949963           13.7302577618      0.5660000000      13.2841719661      2.9655677833      0.0000000000
2.4884794043           13.5218695811      0.5680000000      13.2761016188      2.9695967289      0.0000000000
2.4911126388           13.3185518855      0.5700000000      13.2680210601      2.9735529797      0.0000000000
2.4936954252           13.1201470104      0.5720000000      13.2599309689      2.9774374368      0.0000000000
2.4962284780           12.9265039897      0.5740000000      13.2518320383      2.9812509906      0.0000000000
2.4987125027           12.7374770454      0.5760000000      13.2437249221      2.9849945226      0.0000000000
2.5011481944           12.5529256695      0.5780000000      13.2356102709      2.9886689041      0.0000000000
2.5035362392           12.3727145627      0.5800000000      13.2274887252      2.9922749975      0.0000000000
2.5058773130           12.1967134483      0.5820000000      13.2193608979      2.9958136551      0.0000000000
2.5081720831           12.0247966376      0.5840000000      13.2112273996      2.9992857204      0.0000000000
2.5104212068           11.8568430086      0.5860000000      13.2030888182      3.0026920266      0.0000000000
2.5126253327           11.6927355186      0.5880000000      13.1949457340      3.0060333985      0.0000000000
2.5147850999           11.5323615308      0.5900000000      13.1867987117      3.0093106509      0.0000000000
2.5169011392           11.3756123306      0.5920000000      13.1786483052      3.0125245903      0.0000000000
2.5189740719           11.2223830550      0.5940000000      13.1704950558      3.0156760131      0.0000000000
2.5210045106           11.0725722112      0.5960000000      13.1623394881      3.0187657065      0.0000000000
2.5229930598           10.9260821892      0.5980000000      13.1541821212      3.0217944495      0.0000000000
2.5249403149           10.7828183022      0.6000000000      13.1460234544      3.0247630118      0.0000000000
2.5268468630           10.6426896804      0.6020000000      13.1378639809      3.0276721536      0.0000000000
2.5287132831           10.5056082556      0.6040000000      13.1297041852      3.0305226269      0.0000000000
2.5305401458           10.3714884499      0.6060000000      13.1215445279      3.0333151747      0.0000000000
2.5323280136           10.2402486265      0.6080000000      13.1133854762      3.0360505317      0.0000000000
2.5340774410           10.1118088622      0.6100000000      13.1052274724      3.0387294228      0.0000000000
2.5357889747            9.9860926139      0.6120000000      13.0970709583      3.0413525656      0.0000000000
2.5374631534            9.8630252853      0.6140000000      13.0889163517      3.0439206685      0.0000000000
2.5391005085            9.7425352280      0.6160000000      13.0807640804      3.0464344320      0.0000000000
2.5407015634            9.6245531147      0.6180000000      13.0726145487      3.0488945477      0.0000000000
2.5422668341            9.5090113171      0.6200000000      13.0644681442      3.0513016991      0.0000000000
2.5437968293            9.3958450083      0.6220000000      13.0563252680      3.0536565616      0.0000000000
2.5452920506            9.2849912217      0.6240000000      13.0481862908      3.0559598027      0.0000000000
2.5467529918            9.1763890997      0.6260000000      13.0400515838      3.0582120812      0.0000000000
2.5481801405            9.0699795056      0.6280000000      13.0319215118      3.0604140487      0.0000000000
2.5495739766            8.9657053097      0.6300000000      13.0237964226      3.0625663486      0.0000000000
2.5509349732            8.8635112469      0.6320000000      13.0156766592      3.0646696159      0.0000000000
2.5522635971            8.7633437317      0.6340000000      13.0075625581      3.0667244791      0.0000000000
2.5535603075            8.6651508284      0.6360000000      12.9994544448      3.0687315577      0.0000000000
2.5548255583            8.5688822487      0.6380000000      12.9913526403      3.0706914651      0.0000000000
2.5560597956            8.4744892655      0.6400000000      12.9832574555      3.0726048060      0.0000000000
2.5572634597            8.3819245456      0.6420000000      12.9751691977      3.0744721780      0.0000000000
2.5584369845            8.2911423870      0.6440000000      12.9670881589      3.0762941716      0.0000000000
2.5595807975            8.2020984276      0.6460000000      12.9590146294      3.0780713695      0.0000000000
2.5606953207            8.1147493007      0.6480000000      12.9509488858      3.0798043487      0.0000000000
2.5617809688            8.0290535601      0.6500000000      12.9428912080      3.0814936766      0.0000000000
2.5628381518            7.9449705655      0.6520000000      12.9348418692      3.0831399160      0.0000000000
2.5638672729            7.8624608805      0.6540000000      12.9268011165      3.0847436211      0.0000000000
2.5648687300            7.7814865370      0.6560000000      12.9187692158      3.0863053405      0.0000000000
2.5658429153            7.7020104550      0.6580000000      12.9107464120      3.0878256151      0.0000000000
2.5667902149            7.6239966639      0.6600000000      12.9027329425      3.0893049790      0.0000000000
2.5677110098            7.5474102662      0.6620000000      12.8947290522      3.0907439605      0.0000000000
2.5686056752            7.4722174459      0.6640000000      12.8867349607      3.0921430805      0.0000000000
2.5694745814            7.3983852371      0.6660000000      12.8787508999      3.0935028541      0.0000000000
2.5703180928            7.3258817696      0.6680000000      12.8707770859      3.0948237896      0.0000000000
2.5711365690            7.2546759260      0.6700000000      12.8628137218      3.0961063889      0.0000000000
2.5719303637            7.1847375950      0.6720000000      12.8548610235      3.0973511469      0.0000000000
2.5726998268            7.1160375397      0.6740000000      12.8469191942      3.0985585546      0.0000000000
2.5734453022            7.0485470904      0.6760000000      12.8389884178      3.0997290947      0.0000000000
2.5741671290            6.9822387937      0.6780000000      12.8310688982      3.1008632446      0.0000000000
2.5748656417            6.9170855846      0.6800000000      12.8231608153      3.1019614756      0.0000000000
2.5755411698            6.8530614903      0.6820000000      12.8152643511      3.1030242534      0.0000000000
2.5761940382            6.7901409860      0.6840000000      12.8073796727      3.1040520374      0.0000000000
2.5768245670            6.7282992501      0.6860000000      12.7995069615      3.1050452817      0.0000000000
2.5774330720            6.6675123037      0.6880000000      12.7916463842      3.1060044345      0.0000000000
2.5780198641            6.6077568036      0.6900000000      12.7837980965      3.1069299380      0.0000000000
2.5785852501            6.5490099624      0.6920000000      12.7759622578      3.1078222295      0.0000000000
2.5791295324            6.4912496241      0.6940000000      12.7681390212      3.1086817407      0.0000000000
2.5796530086            6.4344542157      0.6960000000      12.7603285344      3.1095088972      0.0000000000
2.5801559727            6.3786027691      0.6980000000      12.7525309421      3.1103041200      0.0000000000
2.5806387142            6.3236748839      0.7000000000      12.7447463861      3.1110678249      0.0000000000
2.5811015184            6.2696506860      0.7020000000      12.7369750006      3.1118004213      0.0000000000
2.5815446668            6.2165108276      0.7040000000      12.7292169195      3.1125023149      0.0000000000
2.5819684367            6.1642364228      0.7060000000      12.7214722694      3.1131739056      0.0000000000
2.5823731012            6.1128090782      0.7080000000      12.7137411759      3.1138155878      0.0000000000
2.5827589303            6.0622110246      0.7100000000      12.7060237620      3.1144277521      0.0000000000
2.5831261893            6.0124248805      0.7120000000      12.6983201383      3.1150107832      0.0000000000
2.5834751402            5.9634336281      0.7140000000      12.6906304262      3.1155650611      0.0000000000
2.5838060413            5.9152206895      0.7160000000      12.6829547308      3.1160909616      0.0000000000
2.5841191472            5.8677699130      0.7180000000      12.6752931654      3.1165888553      0.0000000000
2.5844147086            5.8210657975      0.7200000000      12.6676458246      3.1170591079      0.0000000000
2.5846929732            5.7750929223      0.7220000000      12.6600128167      3.1175020814      0.0000000000
2.5849541846            5.7298363021      0.7240000000      12.6523942362      3.1179181320      0.0000000000
2.5851985834            5.6852815769      0.7260000000      12.6447901742      3.1183076123      0.0000000000
2.5854264066            5.6414144265      0.7280000000      12.6372007245      3.1186708702      0.0000000000
2.5856378882            5.5982210214      0.7300000000      12.6296259794      3.1190082496      0.0000000000
2.5858332583            5.5556880134      0.7320000000      12.6220660165      3.1193200891      0.0000000000
2.5860127442            5.5138020928      0.7340000000      12.6145209239      3.1196067241      0.0000000000
2.5861765699            5.4725505896      0.7360000000      12.6069907768      3.1198684852      0.0000000000
2.5863249563            5.4319208111      0.7380000000      12.5994756548      3.1201056989      0.0000000000
2.5864581211            5.3919007197      0.7400000000      12.5919756301      3.1203186877      0.0000000000
2.5865762789            5.3524782513      0.7420000000      12.5844907772      3.1205077699      0.0000000000
2.5866796415            5.3136419279      0.7440000000      12.5770211583      3.1206732600      0.0000000000
2.5867684176            5.2753802850      0.7460000000      12.5695668522      3.1208154684      0.0000000000
2.5868428131            5.2376822227      0.7480000000      12.5621279112      3.1209347017      0.0000000000
2.5869030309            5.2005370291      0.7500000000      12.5547044034      3.1210312628      0.0000000000
2.5869492711            5.1639340768      0.7520000000      12.5472963855      3.1211054503      0.0000000000
2.5869817309            5.1278631088      0.7540000000      12.5399039140      3.1211575595      0.0000000000
2.5870006048            5.0923139869      0.7560000000      12.5325270457      3.1211878813      0.0000000000
2.5870060850            5.0572769680      0.7580000000      12.5251658338      3.1211967044      0.0000000000
2.5869983606            5.0227423223      0.7600000000      12.5178203244      3.1211843125      0.0000000000
2.5869776178            4.9887008191      0.7620000000      12.5104905669      3.1211509858      0.0000000000
2.5869440410            4.9551431698      0.7640000000      12.5031766151      3.1210970020      0.0000000000
2.5868978115            4.9220605101      0.7660000000      12.4958785078      3.1210226347      0.0000000000
2.5868391080            4.8894439748      0.7680000000      12.4885962809      3.1209281535      0.0000000000
2.5867681072            4.8572851487      0.7700000000      12.4813299820      3.1208138256      0.0000000000
2.5866849830            4.8255756416      0.7720000000      12.4740796486      3.1206799145      0.0000000000
2.5865899069            4.7943071929      0.7740000000      12.4668453194      3.1205266801      0.0000000000
2.5864830482            4.7634719157      0.7760000000      12.4596270272      3.1203543793      0.0000000000
2.5863645742            4.7330619846      0.7780000000      12.4524248060      3.1201632667      0.0000000000
2.5862346487            4.7030697789      0.7800000000      12.4452386849      3.1199535914      0.0000000000
2.5860934346            4.6734878240      0.7820000000      12.4380686941      3.1197256017      0.0000000000
2.5859410919            4.6443088034      0.7840000000      12.4309148601      3.1194795416      0.0000000000
2.5857777784            4.6155256041      0.7860000000      12.4237772118      3.1192156522      0.0000000000
2.5856036498            4.5871312480      0.7880000000      12.4166557741      3.1189341721      0.0000000000
2.5854188602            4.5591189144      0.7900000000      12.4095505712      3.1186353369      0.0000000000
2.5852235603            4.5314819268      0.7920000000      12.4024616223      3.1183193777      0.0000000000
2.5850179002            4.5042137539      0.7940000000      12.3953889502      3.1179865251      0.0000000000
2.5848020269            4.4773079863      0.7960000000      12.3883325723      3.1176370049      0.0000000000
2.5845760862            4.4507583780      0.7980000000      12.3812925048      3.1172710418      0.0000000000
2.5843402208            4.4245588209      0.8000000000      12.3742687636      3.1168888554      0.0000000000
2.5840945729            4.3987033336      0.8020000000      12.3672613655      3.1164906653      0.0000000000
2.5838392818            4.3731860478      0.8040000000      12.3602703237      3.1160766865      0.0000000000
2.5835744848            4.3480012294      0.8060000000      12.3532956504      3.1156471316      0.0000000000
2.5833003180            4.3231432498      0.8080000000      12.3463373541      3.1152022110      0.0000000000
2.5830169151            4.2986066184      0.8100000000      12.3393954489      3.1147421320      0.0000000000
2.5827244085            4.2743859775      0.8120000000      12.3324699437      3.1142671002      0.0000000000
2.5824229283            4.2504759569      0.8140000000      12.3255608377      3.1137773176      0.0000000000
2.5821126032            4.2268715010      0.8160000000      12.3186681412      3.1132729845      0.0000000000
2.5817935598            4.2035675510      0.8180000000      12.3117918596      3.1127542979      0.0000000000
2.5814659233            4.1805591218      0.8200000000      12.3049319980      3.1122214532      0.0000000000
2.5811298172            4.1578413637      0.8220000000      12.2980885614      3.1116746428      0.0000000000
2.5807853633            4.1354095091      0.8240000000      12.2912615434      3.1111140573      0.0000000000
2.5804326816            4.1132589671      0.8260000000      12.2844509490      3.1105398843      0.0000000000
2.5800718905            4.0913851541      0.8280000000      12.2776567801      3.1099523091      0.0000000000
2.5797031072            4.0697835463      0.8300000000      12.2708790344      3.1093515156      0.0000000000
2.5793264469            4.0484498355      0.8320000000      12.2641177070      3.1087376846      0.0000000000
2.5789420234            4.0273797377      0.8340000000      12.2573727942      3.1081109945      0.0000000000
2.5785499491            4.0065689740      0.8360000000      12.2506442995      3.1074716226      0.0000000000
2.5781503347            3.9860135010      0.8380000000      12.2439322091      3.1068197430      0.0000000000
2.5777432892            3.9657092865      0.8400000000      12.2372365189      3.1061555270      0.0000000000
2.5773289210            3.9456522687      0.8420000000      12.2305572260      3.1054791461      0.0000000000
2.5769073362            3.9258386919      0.8440000000      12.2238943181      3.1047907679      0.0000000000
2.5764786397            3.9062646964      0.8460000000      12.2172477934      3.1040905581      0.0000000000
2.5760429353            3.8869265291      0.8480000000      12.2106176349      3.1033786810      0.0000000000
2.5756003252            3.8678206166      0.8500000000      12.2040038358      3.1026552983      0.0000000000
2.5751509101            3.8489432281      0.8520000000      12.1974063871      3.1019205701      0.0000000000
2.5746947895            3.8302910291      0.8540000000      12.1908252720      3.1011746539      0.0000000000
2.5742320618            3.8118603975      0.8560000000      12.1842604877      3.1004177063      0.0000000000
2.5737628236            3.7936480858      0.8580000000      12.1777120110      3.0996498812      0.0000000000
2.5732871709            3.7756506776      0.8600000000      12.1711798373      3.0988713308      0.0000000000
2.5728051978            3.7578649943      0.8620000000      12.1646639440      3.0980822057      0.0000000000
2.5723169975            3.7402877770      0.8640000000      12.1581643236      3.0972826541      0.0000000000
2.5718226618            3.7229159595      0.8660000000      12.1516809532      3.0964728230      0.0000000000
2.5713222814            3.7057463893      0.8680000000      12.1452138240      3.0956528570      0.0000000000
2.5708159458            3.6887761561      0.8700000000      12.1387629124      3.0948228997      0.0000000000
2.5703037434            3.6720021462      0.8720000000      12.1323282088      3.0939830924      0.0000000000
2.5697857609            3.6554216267      0.8740000000      12.1259096877      3.0931335740      0.0000000000
2.5692620850            3.6390315730      0.8760000000      12.1195073326      3.0922744838      0.0000000000
2.5687328000            3.6228293542      0.8780000000      12.1131211257      3.0914059572      0.0000000000
2.5681979897            3.6068121365      0.8800000000      12.1067510447      3.0905281288      0.0000000000
2.5676577371            3.5909772238      0.8820000000      12.1003970746      3.0896411322      0.0000000000
2.5671121234            3.5753220053      0.8840000000      12.0940591918      3.0887450982      0.0000000000
2.5665612293            3.5598437865      0.8860000000      12.0877373724      3.0878401569      0.0000000000
2.5660051344            3.5445401520      0.8880000000      12.0814315979      3.0869264366      0.0000000000
2.5654439167            3.5294085741      0.8900000000      12.0751418456      3.0860040634      0.0000000000
2.5648776539            3.5144464120      0.8920000000      12.0688680933      3.0850731628      0.0000000000
2.5643064222            3.4996514922      0.8940000000      12.0626103150      3.0841338582      0.0000000000
2.5637302974            3.4850213541      0.8960000000      12.0563684919      3.0831862722      0.0000000000
2.5631493536            3.4705535509      0.8980000000      12.0501425967      3.0822305251      0.0000000000
2.5625636643            3.4562459804      0.9000000000      12.0439326051      3.0812667358      0.0000000000
2.5619733020            3.4420962873      0.9020000000      12.0377384945      3.0802950223      0.0000000000
2.5613783381            3.4281022834      0.9040000000      12.0315602363      3.0793155005      0.0000000000
2.5607788436            3.4142617762      0.9060000000      12.0253978095      3.0783282860      0.0000000000
2.5601748880            3.4005726982      0.9080000000      12.0192511837      3.0773334918      0.0000000000
2.5595665399            3.3870329192      0.9100000000      12.0131203345      3.0763312296      0.0000000000
2.5589538676            3.3736403508      0.9120000000      12.0070052354      3.0753216108      0.0000000000
2.5583369380            3.3603929831      0.9140000000      12.0009058605      3.0743047447      0.0000000000
2.5577158173            3.3472888968      0.9160000000      11.9948221795      3.0732807394      0.0000000000
2.5570905706            3.3343260537      0.9180000000      11.9887541669      3.0722497013      0.0000000000
2.5564612628            3.3215026160      0.9200000000      11.9827017951      3.0712117364      0.0000000000
2.5558279573            3.3088165730      0.9220000000      11.9766650339      3.0701669489      0.0000000000
2.5551907168            3.2962661843      0.9240000000      11.9706438552      3.0691154410      0.0000000000
2.5545496038            3.2838496193      0.9260000000      11.9646382312      3.0680573157      0.0000000000
2.5539046792            3.2715650192      0.9280000000      11.9586481323      3.0669926729      0.0000000000
2.5532560036            3.2594106980      0.9300000000      11.9526735286      3.0659216118      0.0000000000
2.5526036365            3.2473848917      0.9320000000      11.9467143932      3.0648442305      0.0000000000
2.5519476370            3.2354858450      0.9340000000      11.9407706909      3.0637606261      0.0000000000
2.5512880630            3.2237119468      0.9360000000      11.9348423952      3.0626708943      0.0000000000
2.5506249722            3.2120615766      0.9380000000      11.9289294728      3.0615751297      0.0000000000
2.5499584210            3.2005330684      0.9400000000      11.9230318968      3.0604734255      0.0000000000
2.5492884658            3.1891248239      0.9420000000      11.9171496337      3.0593658749      0.0000000000
2.5486151613            3.1778352977      0.9440000000      11.9112826521      3.0582525679      0.0000000000
2.5479385625            3.1666629658      0.9460000000      11.9054309222      3.0571335959      0.0000000000
2.5472587231            3.1556062996      0.9480000000      11.8995944121      3.0560090476      0.0000000000
2.5465756960            3.1446637877      0.9500000000      11.8937730904      3.0548790103      0.0000000000
2.5458895338            3.1338339820      0.9520000000      11.8879669251      3.0537435715      0.0000000000
2.5452002886            3.1231154433      0.9540000000      11.8821758813      3.0526028173      0.0000000000
2.5445080113            3.1125067370      0.9560000000      11.8763999287      3.0514568325      0.0000000000
2.5438127526            3.1020064875      0.9580000000      11.8706390350      3.0503057008      0.0000000000
2.5431145621            3.0916133218      0.9600000000      11.8648931675      3.0491495052      0.0000000000
2.5424134893            3.0813258933      0.9620000000      11.8591622923      3.0479883276      0.0000000000
2.5417095827            3.0711428656      0.9640000000      11.8534463778      3.0468222488      0.0000000000
2.5410028902            3.0610629298      0.9660000000      11.8477453899      3.0456513486      0.0000000000
2.5402934593            3.0510847991      0.9680000000      11.8420592958      3.0444757062      0.0000000000
2.5395813367            3.0412072070      0.9700000000      11.8363880621      3.0432953996      0.0000000000
2.5388665687            3.0314289071      0.9720000000      11.8307316550      3.0421105058      0.0000000000
2.5381492009            3.0217486729      0.9740000000      11.8250900408      3.0409211012      0.0000000000
2.5374292783            3.0121652969      0.9760000000      11.8194631860      3.0397272608      0.0000000000
2.5367068454            3.0026775908      0.9780000000      11.8138510565      3.0385290592      0.0000000000
2.5359819462            2.9932843902      0.9800000000      11.8082536179      3.0373265700      0.0000000000
2.5352546237            2.9839845401      0.9820000000      11.8026708355      3.0361198651      0.0000000000
2.5345249212            2.9747768860      0.9840000000      11.7971026754      3.0349090175      0.0000000000
2.5337928806            2.9656603336      0.9860000000      11.7915491015      3.0336940969      0.0000000000
2.5330585438            2.9566337798      0.9880000000      11.7860100815      3.0324751739      0.0000000000
2.5323219520            2.9476961416      0.9900000000      11.7804855805      3.0312523177      0.0000000000
2.5315831459            2.9388463374      0.9920000000      11.7749755658      3.0300255968      0.0000000000
2.5308421657            2.9300833412      0.9940000000      11.7694800014      3.0287950786      0.0000000000
2.5300990511            2.9214061137      0.9960000000      11.7639988516      3.0275608300      0.0000000000
2.5293538413            2.9128136329      0.9980000000      11.7585320800      3.0263229171      0.0000000000
2.5286065749            2.9043048949      1.0000000000      11.7530796529      3.0250814046      0.0000000000
2.5278572902            2.8958789117      1.0020000000      11.7476415375      3.0238363576      0.0000000000
2.5271060248            2.8875347225      1.0040000000      11.7422176982      3.0225878393      0.0000000000
2.5263528161            2.8792713551      1.0060000000      11.7368080935      3.0213359126      0.0000000000
2.5255977009            2.8710878774      1.0080000000      11.7314126927      3.0200806402      0.0000000000
2.5248407154            2.8629833420      1.0100000000      11.7260314627      3.0188220828      0.0000000000
2.5240818956            2.8549568395      1.0120000000      11.7206643686      3.0175603016      0.0000000000
2.5233212770            2.8470074883      1.0140000000      11.7153113698      3.0162953565      0.0000000000
2.5225588945            2.8391343765      1.0160000000      11.7099724350      3.0150273067      0.0000000000
2.5217947825            2.8313366283      1.0180000000      11.7046475310      3.0137562106      0.0000000000
2.5210289753            2.8236134013      1.0200000000      11.6993366106      3.0124821264      0.0000000000
2.5202615067            2.8159638352      1.0220000000      11.6940396485      3.0112051112      0.0000000000
2.5194924096            2.8083870656      1.0240000000      11.6887566108      3.0099252211      0.0000000000
2.5187217173            2.8008823126      1.0260000000      11.6834874555      3.0086425125      0.0000000000
2.5179494621            2.7934487340      1.0280000000      11.6782321523      3.0073570405      0.0000000000
2.5171756759            2.7860855154      1.0300000000      11.6729906607      3.0060688593      0.0000000000
2.5164003904            2.7787919233      1.0320000000      11.6677629426      3.0047780228      0.0000000000
2.5156236370            2.7715670998      1.0340000000      11.6625489738      3.0034845844      0.0000000000
2.5148454465            2.7644103432      1.0360000000      11.6573487081      3.0021885969      0.0000000000
2.5140658494            2.7573208679      1.0380000000      11.6521621182      3.0008901121      0.0000000000
2.5132848756            2.7502979137      1.0400000000      11.6469891560      2.9995891810      0.0000000000
2.5125025552            2.7433407881      1.0420000000      11.6418297957      2.9982858551      0.0000000000
2.5117189174            2.7364487170      1.0440000000      11.6366840015      2.9969801842      0.0000000000
2.5109339911            2.7296210335      1.0460000000      11.6315517357      2.9956722178      0.0000000000
2.5101478050            2.7228569710      1.0480000000      11.6264329595      2.9943620048      0.0000000000
2.5093603874            2.7161559153      1.0500000000      11.6213276384      2.9930495936      0.0000000000
2.5085717661            2.7095171090      1.0520000000      11.6162357412      2.9917350322      0.0000000000
2.5077819691            2.7029399309      1.0540000000      11.6111572315      2.9904183681      0.0000000000
2.5069910231            2.6964236521      1.0560000000      11.6060920649      2.9890996474      0.0000000000
2.5061989554            2.6899676839      1.0580000000      11.6010402152      2.9877789168      0.0000000000
2.5054057924            2.6835713428      1.0600000000      11.5960016431      2.9864562215      0.0000000000
2.5046115604            2.6772339752      1.0620000000      11.5909763167      2.9851316068      0.0000000000
2.5038162855            2.6709550123      1.0640000000      11.5859641896      2.9838051176      0.0000000000
2.5030199928            2.6647337585      1.0660000000      11.5809652397      2.9824767969      0.0000000000
2.5022227080            2.6585696573      1.0680000000      11.5759794270      2.9811466891      0.0000000000
2.5014244562            2.6524620562      1.0700000000      11.5710067072      2.9798148370      0.0000000000
2.5006252614            2.6464103976      1.0720000000      11.5660470560      2.9784812823      0.0000000000
2.4998251487            2.6404141006      1.0740000000      11.5611004345      2.9771460681      0.0000000000
2.4990241418            2.6344725220      1.0760000000      11.5561668045      2.9758092355      0.0000000000
2.4982222643            2.6285851614      1.0780000000      11.5512461323      2.9744708248      0.0000000000
2.4974195401            2.6227514377      1.0800000000      11.5463383844      2.9731308773      0.0000000000
2.4966159920            2.6169707399      1.0820000000      11.5414435224      2.9717894328      0.0000000000
2.4958116430            2.6112425885      1.0840000000      11.5365615114      2.9704465304      0.0000000000
2.4950065159            2.6055664300      1.0860000000      11.5316923199      2.9691022099      0.0000000000
2.4942006326            2.5999416681      1.0880000000      11.5268359055      2.9677565093      0.0000000000
2.4933940155            2.5943678422      1.0900000000      11.5219922395      2.9664094669      0.0000000000
2.4925866862            2.5888444210      1.0920000000      11.5171612861      2.9650611204      0.0000000000
2.4917786665            2.5833708628      1.0940000000      11.5123430022      2.9637115075      0.0000000000
2.4909699772            2.5779466776      1.0960000000      11.5075373639      2.9623606643      0.0000000000
2.4901606397            2.5725713520      1.0980000000      11.5027443321      2.9610086278      0.0000000000
2.4893506743            2.5672444337      1.1000000000      11.4979638650      2.9596554332      0.0000000000
2.4885401019            2.5619653961      1.1020000000      11.4931959381      2.9583011168      0.0000000000
2.4877289423            2.5567337352      1.1040000000      11.4884405105      2.9569457133      0.0000000000
2.4869172158            2.5515490354      1.1060000000      11.4836975479      2.9555892574      0.0000000000
2.4861049418            2.5464108007      1.1080000000      11.4789670181      2.9542317830      0.0000000000
2.4852921402            2.5413185771      1.1100000000      11.4742488791      2.9528733248      0.0000000000
2.4844788299            2.5362718860      1.1120000000      11.4695431078      2.9515139159      0.0000000000
2.4836650300            2.5312702649      1.1140000000      11.4648496611      2.9501535891      0.0000000000
2.4828507591            2.5263133248      1.1160000000      11.4601685054      2.9487923771      0.0000000000
2.4820360359            2.5214005882      1.1180000000      11.4554996099      2.9474303124      0.0000000000
2.4812208786            2.5165316395      1.1200000000      11.4508429325      2.9460674267      0.0000000000
2.4804053055            2.5117060477      1.1220000000      11.4461984496      2.9447037518      0.0000000000
2.4795893342            2.5069233424      1.1240000000      11.4415661164      2.9433393188      0.0000000000
2.4787729824            2.5021831720      1.1260000000      11.4369459064      2.9419741581      0.0000000000
2.4779562676            2.4974850681      1.1280000000      11.4323377828      2.9406083006      0.0000000000
2.4771392066            2.4928286909      1.1300000000      11.4277417069      2.9392417756      0.0000000000
2.4763218170            2.4882135845      1.1320000000      11.4231576532      2.9378746138      0.0000000000
2.4755041152            2.4836393843      1.1340000000      11.4185855781      2.9365068439      0.0000000000
2.4746861178            2.4791056798      1.1360000000      11.4140254581      2.9351384949      0.0000000000
2.4738678413            2.4746120854      1.1380000000      11.4094772480      2.9337695957      0.0000000000
2.4730493015            2.4701582301      1.1400000000      11.4049409250      2.9324001741      0.0000000000
2.4722305147            2.4657436960      1.1420000000      11.4004164449      2.9310302586      0.0000000000
2.4714114965            2.4613681697      1.1440000000      11.3959037836      2.9296598766      0.0000000000
2.4705922625            2.4570312267      1.1460000000      11.3914028997      2.9282890552      0.0000000000
2.4697728283            2.4527325647      1.1480000000      11.3869137651      2.9269178219      0.0000000000
2.4689532087            2.4484717578      1.1500000000      11.3824363436      2.9255462030      0.0000000000
2.4681334189            2.4442485220      1.1520000000      11.3779706018      2.9241742247      0.0000000000
2.4673134738            2.4400624350      1.1540000000      11.3735165080      2.9228019135      0.0000000000
2.4664933875            2.4359132250      1.1560000000      11.3690740254      2.9214292940      0.0000000000
2.4656731752            2.4318004761      1.1580000000      11.3646431261      2.9200563931      0.0000000000
2.4648528506            2.4277239202      1.1600000000      11.3602237712      2.9186832348      0.0000000000
2.4640324283            2.4236831551      1.1620000000      11.3558159336      2.9173098448      0.0000000000
2.4632119213            2.4196779196      1.1640000000      11.3514195734      2.9159362461      0.0000000000
2.4623913444            2.4157078195      1.1660000000      11.3470346651      2.9145624646      0.0000000000
2.4615707102            2.4117726028      1.1680000000      11.3426611689      2.9131885227      0.0000000000
2.4607500331            2.4078718807      1.1700000000      11.3382990582      2.9118144454      0.0000000000
2.4599293253            2.4040054132      1.1720000000      11.3339482953      2.9104402548      0.0000000000
2.4591086008            2.4001728132      1.1740000000      11.3296088513      2.9090659752      0.0000000000
2.4582878717            2.3963738510      1.1760000000      11.3252806917      2.9076916280      0.0000000000
2.4574671514            2.3926081455      1.1780000000      11.3209637840      2.9063172370      0.0000000000
2.4566464521            2.3888754747      1.1800000000      11.3166580989      2.9049428237      0.0000000000
2.4558257861            2.3851754665      1.1820000000      11.3123635968      2.9035684097      0.0000000000
2.4550051660            2.3815078891      1.1840000000      11.3080802553      2.9021940175      0.0000000000
2.4541846039            2.3778724173      1.1860000000      11.3038080317      2.9008196683      0.0000000000
2.4533641115            2.3742687768      1.1880000000      11.2995469055      2.8994453831      0.0000000000
2.4525437009            2.3706966962      1.1900000000      11.2952968341      2.8980711831      0.0000000000
2.4517233836            2.3671558709      1.1920000000      11.2910577943      2.8966970886      0.0000000000
2.4509031710            2.3636460680      1.1940000000      11.2868297464      2.8953231200      0.0000000000
2.4500830749            2.3601669582      1.1960000000      11.2826126664      2.8939492982      0.0000000000
2.4492631060            2.3567183472      1.1980000000      11.2784065162      2.8925756420      0.0000000000
2.4484432757            2.3532998848      1.2000000000      11.2742112660      2.8912021717      0.0000000000
