# M(M_sol)                 Lambda          n_Bc(fm^-3)         R(km)            m_B(M_sol)        m_Bquar/M_B
0.1538347100     15716639.3262479436      0.1550000000      18.2334502448      0.1540456522      0.0000000000
0.1590778845     13184356.0132883135      0.1570000000      17.6756131773      0.1593639669      0.0000000000
0.1645670811     11072634.3141468447      0.1590000000      17.1714555794      0.1649367048      0.0000000000
0.1703048303      9309990.7189966161      0.1610000000      16.7152554235      0.1707670699      0.0000000000
0.1762935025      7837399.8494477300      0.1630000000      16.3019913849      0.1768581371      0.0000000000
0.1825353034      6606023.2450100901      0.1650000000      15.9272491983      0.1832128471      0.0000000000
0.1890322832      5575384.3688862566      0.1670000000      15.5871370175      0.1898340158      0.0000000000
0.1957862796      4711914.0159034887      0.1690000000      15.2782184785      0.1967242761      0.0000000000
0.2027989922      3987749.1244973163      0.1710000000      14.9974543171      0.2038861530      0.0000000000
0.2100718326      3379751.0112135638      0.1730000000      14.7421449400      0.2113219103      0.0000000000
0.2176061104      2868699.1470828452      0.1750000000      14.5098965425      0.2190337397      0.0000000000
0.2254028337      2438616.5125434482      0.1770000000      14.2985712829      0.2270235562      0.0000000000
0.2334627747      2076218.6886055954      0.1790000000      14.1062598910      0.2352930639      0.0000000000
0.2417865553      1770456.9754740156      0.1810000000      13.9312618358      0.2438438433      0.0000000000
0.2503744293      1512131.6118945179      0.1830000000      13.7720433218      0.2526771256      0.0000000000
0.2592264883      1293581.7802931226      0.1850000000      13.6272337136      0.2617940037      0.0000000000
0.2683425126      1108421.0552741827      0.1870000000      13.4955960538      0.2711952764      0.0000000000
0.2777220142       951321.4714403399      0.1890000000      13.3760147256      0.2808814917      0.0000000000
0.2873642428       817834.5507646590      0.1910000000      13.2674827646      0.2908529505      0.0000000000
0.2972681632       704242.3839850888      0.1930000000      13.1690885478      0.3011096817      0.0000000000
0.3074324390       607434.1299981218      0.1950000000      13.0800037232      0.3116514227      0.0000000000
0.3178554554       524804.4461358392      0.1970000000      12.9994764278      0.3224776409      0.0000000000
0.3285353167       454168.8660977993      0.1990000000      12.9268230709      0.3335875285      0.0000000000
0.3394698235       393693.4334864512      0.2010000000      12.8614191971      0.3449799767      0.0000000000
0.3506564924       341836.7799072113      0.2030000000      12.8026950193      0.3566535926      0.0000000000
0.3620925429       297301.7383648028      0.2050000000      12.7501286414      0.3686066836      0.0000000000
0.3737749279       258995.3350025275      0.2070000000      12.7032432716      0.3808372859      0.0000000000
0.3857003003       225995.4076227176      0.2090000000      12.6616004058      0.3933431263      0.0000000000
0.3978650384       197522.8224973150      0.2110000000      12.6247969746      0.4061216463      0.0000000000
0.4102652525       172918.5322994170      0.2130000000      12.5924627379      0.4191700057      0.0000000000
0.4228967828       151624.2176796696      0.2150000000      12.5642561592      0.4324850766      0.0000000000
0.4357552065       133166.2787141271      0.2170000000      12.5398618632      0.4460634484      0.0000000000
0.4488358696       117142.4612394483      0.2190000000      12.5189901420      0.4599014578      0.0000000000
0.4621338358       103210.5284451033      0.2210000000      12.5013698280      0.4739951312      0.0000000000
0.4756439889        91079.0891142215      0.2230000000      12.4867542885      0.4883402903      0.0000000000
0.4893609375        80499.4867706353      0.2250000000      12.4749105464      0.5029324472      0.0000000000
0.5032791143        71259.4085544690      0.2270000000      12.4656255283      0.5177669071      0.0000000000
0.5173927382        63177.2318527058      0.2290000000      12.4587003344      0.5328387247      0.0000000000
0.5316958436        56097.4047256419      0.2310000000      12.4539504866      0.5481427320      0.0000000000
0.5461822745        49886.4980638849      0.2330000000      12.4512032845      0.5636735291      0.0000000000
0.5608457357        44429.9304592870      0.2350000000      12.4502999886      0.5794255360      0.0000000000
0.5756797554        39629.1423232811      0.2370000000      12.4510908232      0.5953929492      0.0000000000
0.5906777401        35399.2608520070      0.2390000000      12.4534374735      0.6115697987      0.0000000000
0.6058329629        31667.0851663399      0.2410000000      12.4572102964      0.6279499314      0.0000000000
0.6211385917        28369.4051410106      0.2430000000      12.4622889148      0.6445270405      0.0000000000
0.6365876969        25451.5572106510      0.2450000000      12.4685605398      0.6612946697      0.0000000000
0.6521732444        22866.2095812514      0.2470000000      12.4759196254      0.6782462046      0.0000000000
0.6678881567        20572.3246315364      0.2490000000      12.4842685546      0.6953749359      0.0000000000
0.6837252763        18534.2690279145      0.2510000000      12.4935147326      0.7126740180      0.0000000000
0.6996774204        16721.0698728190      0.2530000000      12.5035732824      0.7301365269      0.0000000000
0.7157373578        15105.7628290032      0.2550000000      12.5143635638      0.7477554327      0.0000000000
0.7318978449        13664.8454157947      0.2570000000      12.5258106848      0.7655236378      0.0000000000
0.7481516310        12377.8074175443      0.2590000000      12.5378447235      0.7834339815      0.0000000000
0.7644914693        11226.7246821708      0.2610000000      12.5504001401      0.8014792500      0.0000000000
0.7809101320        10195.9147140422      0.2630000000      12.5634158758      0.8196521931      0.0000000000
0.7974004146         9271.6382234360      0.2650000000      12.5768344137      0.8379455270      0.0000000000
0.8139551589         8441.8443275106      0.2670000000      12.5906026232      0.8563519603      0.0000000000
0.8305672555         7695.9485975788      0.2690000000      12.6046707478      0.8748641945      0.0000000000
0.8472296466         7024.6435255582      0.2710000000      12.6189915681      0.8934749283      0.0000000000
0.8639353558         6419.7363424426      0.2730000000      12.6335220709      0.9121768896      0.0000000000
0.8806774796         5874.0041607376      0.2750000000      12.6482215773      0.9309628267      0.0000000000
0.8974492010         5381.0730172149      0.2770000000      12.6630519893      0.9498255226      0.0000000000
0.9142437955         4935.3105119645      0.2790000000      12.6779775318      0.9687578029      0.0000000000
0.9310546631         4531.7361305009      0.2810000000      12.6929668126      0.9877525719      0.0000000000
0.9478752824         4165.9366107378      0.2830000000      12.7079876463      1.0068027612      0.0000000000
0.9646992726         3834.0003190173      0.2850000000      12.7230121989      1.0259014004      0.0000000000
0.9815203698         3532.4549845386      0.2870000000      12.7380140847      1.0450415913      0.0000000000
0.9983324384         3258.2147193137      0.2890000000      12.7529687098      1.0642165220      0.0000000000
1.0151294772         3008.5339696294      0.2910000000      12.7678532402      1.0834194741      0.0000000000
1.0319056198         2780.9674410582      0.2930000000      12.7826461561      1.1026438249      0.0000000000
1.0486551523         2573.3353657766      0.2950000000      12.7973284852      1.1218830687      0.0000000000
1.0653725027         2383.6916489019      0.2970000000      12.8118822178      1.1411308062      0.0000000000
1.0820522443         2210.2973788717      0.2990000000      12.8262903166      1.1603807498      0.0000000000
1.0986891103         2051.5972683478      0.3010000000      12.8405377671      1.1796267415      0.0000000000
1.1152779853         1906.1985600854      0.3030000000      12.8546104917      1.1988627455      0.0000000000
1.1318139110         1772.8529096692      0.3050000000      12.8684955421      1.2180828554      0.0000000000
1.1482920884         1650.4400038301      0.3070000000      12.8821811872      1.2372812999      0.0000000000
1.1647078771         1537.9537624496      0.3090000000      12.8956566875      1.2564524425      0.0000000000
1.1810567976         1434.4894856550      0.3110000000      12.9089122592      1.2755907865      0.0000000000
1.1973345311         1339.2329844674      0.3130000000      12.9219391620      1.2946909770      0.0000000000
1.2135369190         1251.4506993601      0.3150000000      12.9347293549      1.3137478015      0.0000000000
1.2296599627         1170.4811847335      0.3170000000      12.9472756893      1.3327561925      0.0000000000
1.2456998253         1095.7273409042      0.3190000000      12.9595718501      1.3517112306      0.0000000000
1.2616528265         1026.6497099988      0.3210000000      12.9716122133      1.3706081411      0.0000000000
1.2775154439          962.7603435638      0.3230000000      12.9833916331      1.3894422971      0.0000000000
1.2932843139          903.6176789409      0.3250000000      12.9949059873      1.4082092232      0.0000000000
1.3089562258          848.8214919962      0.3270000000      13.0061514610      1.4269045895      0.0000000000
1.3245281204          798.0089071562      0.3290000000      13.0171247182      1.4455242135      0.0000000000
1.3399970909          750.8505347217      0.3310000000      13.0278230687      1.4640640611      0.0000000000
1.3553603813          707.0471409292      0.3330000000      13.0382445817      1.4825202485      0.0000000000
1.3706153792          666.3265779378      0.3350000000      13.0483874650      1.5008890348      0.0000000000
1.3857596170          628.4412037104      0.3370000000      13.0582504902      1.5191668254      0.0000000000
1.4007907661          593.1654107547      0.3390000000      13.0678325633      1.5373501668      0.0000000000
1.4157066404          560.2935661950      0.3410000000      13.0771335086      1.5554357531      0.0000000000
1.4305051838          529.6379784407      0.3430000000      13.0861527914      1.5734204125      0.0000000000
1.4451844772          501.0273001298      0.3450000000      13.0948907901      1.5913011178      0.0000000000
1.4597427289          474.3049241580      0.3470000000      13.1033479712      1.6090749765      0.0000000000
1.4741782738          449.3275706633      0.3490000000      13.1115250664      1.6267392312      0.0000000000
1.4884895697          425.9641041509      0.3510000000      13.1194230942      1.6442912576      0.0000000000
1.5026751941          404.0943841753      0.3530000000      13.1270433371      1.6617285618      0.0000000000
1.5167338412          383.6082365588      0.3550000000      13.1343872488      1.6790487781      0.0000000000
1.5306643184          364.4045727745      0.3570000000      13.1414565192      1.6962496665      0.0000000000
1.5444655440          346.3905866849      0.3590000000      13.1482531826      1.7133291120      0.0000000000
1.5581365399          329.4809527870      0.3610000000      13.1547790419      1.7302851157      0.0000000000
1.5716764357          313.5972354247      0.3630000000      13.1610366273      1.7471158032      0.0000000000
1.5850844542          298.6672013239      0.3650000000      13.1670277654      1.7638194063      0.0000000000
1.5983599240          284.6243674922      0.3670000000      13.1727555858      1.7803942813      0.0000000000
1.6115022594          271.4074246869      0.3690000000      13.1782223578      1.7968388846      0.0000000000
1.6245109688          258.9598303725      0.3710000000      13.1834309599      1.8131517848      0.0000000000
1.6373856456          247.2294077109      0.3730000000      13.1883841763      1.8293316523      0.0000000000
1.6501259673          236.1679331441      0.3750000000      13.1930848805      1.8453772599      0.0000000000
1.6627316935          225.7308700432      0.3770000000      13.1975362675      1.8612874806      0.0000000000
1.6752026585          215.8769916956      0.3790000000      13.2017412280      1.8770612801      0.0000000000
1.6875387742          206.5681681786      0.3810000000      13.2057031523      1.8926977215      0.0000000000
1.6997400198          197.7690604119      0.3830000000      13.2094249169      1.9081959525      0.0000000000
1.7118064475          189.4469371891      0.3850000000      13.2129100911      1.9235552147      0.0000000000
1.7237381715          181.5714274706      0.3870000000      13.2161617894      1.9387748296      0.0000000000
1.7355353713          174.1143573595      0.3890000000      13.2191835046      1.9538542044      0.0000000000
1.7471982832          167.0495611050      0.3910000000      13.2219783449      1.9687928215      0.0000000000
1.7587272047          160.3527278763      0.3930000000      13.2245500007      1.9835902454      0.0000000000
1.7701224842          154.0012573222      0.3950000000      13.2269016248      1.9982461097      0.0000000000
1.7813845258          147.9741143570      0.3970000000      13.2290369082      2.0127601243      0.0000000000
1.7925137794          142.2517336382      0.3990000000      13.2309590639      2.0271320634      0.0000000000
1.8035107443          136.8158782364      0.4010000000      13.2326715907      2.0413617708      0.0000000000
1.8143759635          131.6495557739      0.4030000000      13.2341778720      2.0554491528      0.0000000000
1.8251100237          126.7369238009      0.4050000000      13.2354814876      2.0693941793      0.0000000000
1.8357135490          122.0631967664      0.4070000000      13.2365855771      2.0831968756      0.0000000000
1.8461872063          117.6145732561      0.4090000000      13.2374940176      2.0968573307      0.0000000000
1.8565316920          113.3781562768      0.4110000000      13.2382097262      2.1103756794      0.0000000000
1.8667477418          109.3418989030      0.4130000000      13.2387364094      2.1237521165      0.0000000000
1.8768361210          105.4945267491      0.4150000000      13.2390774076      2.1369868839      0.0000000000
1.8867976229          101.8255015208      0.4170000000      13.2392357892      2.1500802693      0.0000000000
1.8966330742           98.3249463817      0.4190000000      13.2392153960      2.1630326134      0.0000000000
1.9063433209           94.9836186861      0.4210000000      13.2390189678      2.1758442916      0.0000000000
1.9159292395           91.7928511480      0.4230000000      13.2386501386      2.1885157296      0.0000000000
1.9253917266           88.7445203925      0.4250000000      13.2381120816      2.2010473891      0.0000000000
1.9347317002           85.8310012073      0.4270000000      13.2374079615      2.2134397705      0.0000000000
1.9439500986           83.0451431910      0.4290000000      13.2365410008      2.2256934114      0.0000000000
1.9530478778           80.3802234321      0.4310000000      13.2355142836      2.2378088830      0.0000000000
1.9620260123           77.8299325076      0.4330000000      13.2343311581      2.2497867925      0.0000000000
1.9708854892           75.3883364918      0.4350000000      13.2329944526      2.2616277738      0.0000000000
1.9796273112           73.0498553196      0.4370000000      13.2315072278      2.2733324930      0.0000000000
1.9882524955           70.8092366077      0.4390000000      13.2298726942      2.2849016460      0.0000000000
1.9967620687           68.6615390803      0.4410000000      13.2280937438      2.2963359529      0.0000000000
2.0051570675           66.6021071661      0.4430000000      13.2261731524      2.3076361580      0.0000000000
2.0134385404           64.6265550558      0.4450000000      13.2241139964      2.3188030327      0.0000000000
2.0216075422           62.7307486285      0.4470000000      13.2219190745      2.3298373684      0.0000000000
2.0296651364           60.9107885051      0.4490000000      13.2195913093      2.3407399789      0.0000000000
2.0376123916           59.1629929743      0.4510000000      13.2171333829      2.3515116964      0.0000000000
2.0454503822           57.4838936633      0.4530000000      13.2145480590      2.3621533723      0.0000000000
2.0531801869           55.8702085501      0.4550000000      13.2118379966      2.3726658746      0.0000000000
2.0608028885           54.3188404041      0.4570000000      13.2090058931      2.3830500885      0.0000000000
2.0683195734           52.8268602813      0.4590000000      13.2060545283      2.3933069153      0.0000000000
2.0757313278           51.3914996893      0.4610000000      13.2029862868      2.4034372669      0.0000000000
2.0830392405           50.0101392094      0.4630000000      13.1998037080      2.4134420701      0.0000000000
2.0902444008           48.6803007924      0.4650000000      13.1965093152      2.4233222633      0.0000000000
2.0973478993           47.3996384229      0.4670000000      13.1931057531      2.4330787980      0.0000000000
2.1043508239           46.1659281459      0.4690000000      13.1895953174      2.4427126326      0.0000000000
2.1112542615           44.9770652232      0.4710000000      13.1859803079      2.4522247352      0.0000000000
2.1180592980           43.8310552640      0.4730000000      13.1822631313      2.4616160832      0.0000000000
2.1247670174           42.7260028972      0.4750000000      13.1784462528      2.4708876626      0.0000000000
2.1313784991           41.6601152257      0.4770000000      13.1745317742      2.4800404632      0.0000000000
2.1378948200           40.6316879452      0.4790000000      13.1705219216      2.4890754821      0.0000000000
2.1443170532           39.6391038078      0.4810000000      13.1664188870      2.4979937216      0.0000000000
2.1506462685           38.6808273566      0.4830000000      13.1622250107      2.5067961902      0.0000000000
2.1568835291           37.7554000092      0.4850000000      13.1579422288      2.5154838970      0.0000000000
2.1630298940           36.8614346846      0.4870000000      13.1535725869      2.5240578557      0.0000000000
2.1690864176           35.9976137130      0.4890000000      13.1491182359      2.5325190837      0.0000000000
2.1750541482           35.1626832799      0.4910000000      13.1445812684      2.5408685999      0.0000000000
2.1809341266           34.3554506143      0.4930000000      13.1399633950      2.5491074226      0.0000000000
2.1867273894           33.5747808545      0.4950000000      13.1352667334      2.5572365739      0.0000000000
2.1924349656           32.8195934823      0.4970000000      13.1304931705      2.5652570749      0.0000000000
2.1980578773           32.0888595514      0.4990000000      13.1256445876      2.5731699469      0.0000000000
2.2035971389           31.3815986308      0.5010000000      13.1207226450      2.5809762093      0.0000000000
2.2090537593           30.6968757703      0.5030000000      13.1157293778      2.5886768835      0.0000000000
2.2144287385           30.0338015710      0.5050000000      13.1106665082      2.5962729872      0.0000000000
2.2197230681           29.3915257170      0.5070000000      13.1055355886      2.6037655357      0.0000000000
2.2249377337           28.7692386477      0.5090000000      13.1003385089      2.6111555442      0.0000000000
2.2300737121           28.1661669033      0.5110000000      13.0950769598      2.6184440249      0.0000000000
2.2351319705           27.5815721174      0.5130000000      13.0897523443      2.6256319848      0.0000000000
2.2401134698           27.0147504840      0.5150000000      13.0843664544      2.6327204304      0.0000000000
2.2450191615           26.4650286831      0.5170000000      13.0789208429      2.6397103637      0.0000000000
2.2498499888           25.9317638739      0.5190000000      13.0734170589      2.6466027829      0.0000000000
2.2546068860           25.4143406956      0.5210000000      13.0678566125      2.6533986817      0.0000000000
2.2592907781           24.9121727496      0.5230000000      13.0622408511      2.6600990488      0.0000000000
2.2639025829           24.4246980005      0.5250000000      13.0565714481      2.6667048705      0.0000000000
2.2684432084           23.9513785348      0.5270000000      13.0508497909      2.6732171272      0.0000000000
2.2729135524           23.4917011064      0.5290000000      13.0450771100      2.6796367917      0.0000000000
2.2773145062           23.0451723133      0.5310000000      13.0392549926      2.6859648360      0.0000000000
2.2816469503           22.6113222074      0.5330000000      13.0333846858      2.6922022234      0.0000000000
2.2859117562           22.1896991683      0.5350000000      13.0274674562      2.6983499118      0.0000000000
2.2901097871           21.7798711404      0.5370000000      13.0215046728      2.7044088547      0.0000000000
2.2942418970           21.3814236929      0.5390000000      13.0154976498      2.7103799989      0.0000000000
2.2983089302           20.9939598863      0.5410000000      13.0094475625      2.7162642846      0.0000000000
2.3023117220           20.6170993484      0.5430000000      13.0033556260      2.7220626458      0.0000000000
2.3062510989           20.2504771154      0.5450000000      12.9972230793      2.7277760105      0.0000000000
2.3101278784           19.8937434087      0.5470000000      12.9910510962      2.7334053005      0.0000000000
2.3139428681           19.5465624389      0.5490000000      12.9848408267      2.7389514297      0.0000000000
2.3176968667           19.2086115161      0.5510000000      12.9785932169      2.7444153051      0.0000000000
2.3213906653           18.8795813977      0.5530000000      12.9723096552      2.7497978296      0.0000000000
2.3250250437           18.5591752399      0.5550000000      12.9659910374      2.7550998955      0.0000000000
2.3286007745           18.2471075561      0.5570000000      12.9596385127      2.7603223911      0.0000000000
2.3321186200           17.9431043267      0.5590000000      12.9532530038      2.7654661951      0.0000000000
2.3355793351           17.6469018458      0.5610000000      12.9468357394      2.7705321816      0.0000000000
2.3389836639           17.3582475757      0.5630000000      12.9403875044      2.7755212148      0.0000000000
2.3423323429           17.0768974488      0.5650000000      12.9339093163      2.7804341532      0.0000000000
2.3456260998           16.8026178196      0.5670000000      12.9274021909      2.7852718482      0.0000000000
2.3488656532           16.5351836162      0.5690000000      12.9208670512      2.7900351432      0.0000000000
2.3520517131           16.2743781935      0.5710000000      12.9143048203      2.7947248745      0.0000000000
2.3551849808           16.0199931855      0.5730000000      12.9077163990      2.7993418706      0.0000000000
2.3582661492           15.7718279842      0.5750000000      12.9011026635      2.8038869530      0.0000000000
2.3612959025           15.5296893533      0.5770000000      12.8944644779      2.8083609358      0.0000000000
2.3642749163           15.2933916181      0.5790000000      12.8878026627      2.8127646246      0.0000000000
2.3672038577           15.0627556531      0.5810000000      12.8811179757      2.8170988183      0.0000000000
2.3700833867           14.8376086764      0.5830000000      12.8744114074      2.8213643093      0.0000000000
2.3729141537           14.6177846753      0.5850000000      12.8676836566      2.8255618810      0.0000000000
2.3756968010           14.4031234157      0.5870000000      12.8609354301      2.8296923093      0.0000000000
2.3784319637           14.1934702802      0.5890000000      12.8541676601      2.8337563640      0.0000000000
2.3811202679           13.9886764691      0.5910000000      12.8473809061      2.8377548059      0.0000000000
2.3837623322           13.7885984981      0.5930000000      12.8405760233      2.8416883889      0.0000000000
2.3863587677           13.5930972821      0.5950000000      12.8337537639      2.8455578606      0.0000000000
2.3889101762           13.4020397557      0.5970000000      12.8269146246      2.8493639584      0.0000000000
2.3914171536           13.2152966200      0.5990000000      12.8200594509      2.8531074152      0.0000000000
2.3938802872           13.0327435272      0.6010000000      12.8131889439      2.8567889553      0.0000000000
2.3963001568           12.8542601987      0.6030000000      12.8063037082      2.8604092953      0.0000000000
2.3986773344           12.6797305869      0.6050000000      12.7994043763      2.8639691447      0.0000000000
2.4010123852           12.5090425895      0.6070000000      12.7924915767      2.8674692059      0.0000000000
2.4033058664           12.3420879402      0.6090000000      12.7855659260      2.8709101738      0.0000000000
2.4055583285           12.1787620783      0.6110000000      12.7786280322      2.8742927366      0.0000000000
2.4077703144           12.0189639761      0.6130000000      12.7716784899      2.8776175743      0.0000000000
2.4099423601           11.8625959433      0.6150000000      12.7647178962      2.8808853608      0.0000000000
2.4120749947           11.7095633761      0.6170000000      12.7577468565      2.8840967626      0.0000000000
2.4141687399           11.5597752424      0.6190000000      12.7507658993      2.8872524388      0.0000000000
2.4162241104           11.4131429012      0.6210000000      12.7437754225      2.8903530407      0.0000000000
2.4182416149           11.2695812407      0.6230000000      12.7367761490      2.8933992145      0.0000000000
2.4202217552           11.1290074762      0.6250000000      12.7297685938      2.8963915987      0.0000000000
2.4221650251           10.9913417656      0.6270000000      12.7227530701      2.8993308231      0.0000000000
2.4240719142           10.8565066233      0.6290000000      12.7157303863      2.9022175143      0.0000000000
2.4259429033           10.7244272899      0.6310000000      12.7087006789      2.9050522881      0.0000000000
2.4277784687           10.5950311136      0.6330000000      12.7016647759      2.9078357573      0.0000000000
2.4295790784           10.4682481997      0.6350000000      12.6946228460      2.9105685240      0.0000000000
2.4313451963           10.3440101175      0.6370000000      12.6875755344      2.9132511876      0.0000000000
2.4330772784           10.2222514011      0.6390000000      12.6805232952      2.9158843384      0.0000000000
2.4347757752           10.1029082422      0.6410000000      12.6734663851      2.9184685602      0.0000000000
2.4364411315            9.9859186382      0.6430000000      12.6664053773      2.9210044319      0.0000000000
2.4380737861            9.8712227425      0.6450000000      12.6593407321      2.9234925251      0.0000000000
2.4396741711            9.7587626542      0.6470000000      12.6522727993      2.9259334041      0.0000000000
2.4412427139            9.6484820363      0.6490000000      12.6452019767      2.9283276285      0.0000000000
2.4427798351            9.5403263109      0.6510000000      12.6381286243      2.9306757499      0.0000000000
2.4442859507            9.4342425743      0.6530000000      12.6310531671      2.9329783153      0.0000000000
2.4457614703            9.3301795386      0.6550000000      12.6239759883      2.9352358642      0.0000000000
2.4472067986            9.2280874323      0.6570000000      12.6168974582      2.9374489315      0.0000000000
2.4486223344            9.1279179808      0.6590000000      12.6098179371      2.9396180443      0.0000000000
2.4500084712            9.0296242566      0.6610000000      12.6027377469      2.9417437247      0.0000000000
2.4513655975            8.9331608889      0.6630000000      12.5956572383      2.9438264890      0.0000000000
2.4526940962            8.8384838410      0.6650000000      12.5885767686      2.9458668470      0.0000000000
2.4539943455            8.7455500045      0.6670000000      12.5814966744      2.9478653034      0.0000000000
2.4552667181            8.6543179339      0.6690000000      12.5744173280      2.9498223565      0.0000000000
2.4565115818            8.5647472737      0.6710000000      12.5673389784      2.9517384993      0.0000000000
2.4577292993            8.4767988512      0.6730000000      12.5602618705      2.9536142185      0.0000000000
2.4589202287            8.3904343837      0.6750000000      12.5531864325      2.9554499958      0.0000000000
2.4600847234            8.3056170087      0.6770000000      12.5461129540      2.9572463077      0.0000000000
2.4612231310            8.2223107634      0.6790000000      12.5390415733      2.9590036233      0.0000000000
2.4623357962            8.1404806064      0.6810000000      12.5319727982      2.9607224096      0.0000000000
2.4634230572            8.0600927171      0.6830000000      12.5249066941      2.9624031248      0.0000000000
2.4644852490            7.9811139608      0.6850000000      12.5178436946      2.9640462241      0.0000000000
2.4655227012            7.9035123406      0.6870000000      12.5107839348      2.9656521558      0.0000000000
2.4665357399            7.8272565929      0.6890000000      12.5037278134      2.9672213650      0.0000000000
2.4675246854            7.7523164579      0.6910000000      12.4966753925      2.9687542888      0.0000000000
2.4684898556            7.6786623917      0.6930000000      12.4896271548      2.9702513627      0.0000000000
2.4694315620            7.6062655643      0.6950000000      12.4825831310      2.9717130137      0.0000000000
2.4703501134            7.5350982506      0.6970000000      12.4755436525      2.9731396660      0.0000000000
2.4712458143            7.4651332650      0.6990000000      12.4685090120      2.9745317386      0.0000000000
2.4721189643            7.3963440387      0.7010000000      12.4614793079      2.9758896446      0.0000000000
2.4729698595            7.3287050058      0.7030000000      12.4544547845      2.9772137931      0.0000000000
2.4737987925            7.2621910283      0.7050000000      12.4474357454      2.9785045887      0.0000000000
2.4746060511            7.1967777971      0.7070000000      12.4404223668      2.9797624306      0.0000000000
2.4753919197            7.1324416211      0.7090000000      12.4334148381      2.9809877136      0.0000000000
2.4761566784            7.0691592837      0.7110000000      12.4264133089      2.9821808271      0.0000000000
2.4769006042            7.0069083536      0.7130000000      12.4194180179      2.9833421574      0.0000000000
2.4776239703            6.9456669404      0.7150000000      12.4124291722      2.9844720856      0.0000000000
2.4783270458            6.8854137059      0.7170000000      12.4054469562      2.9855709879      0.0000000000
2.4790100966            6.8261278534      0.7190000000      12.3984715526      2.9866392370      0.0000000000
2.4796733845            6.7677891325      0.7210000000      12.3915031384      2.9876771998      0.0000000000
2.4803171687            6.7103778007      0.7230000000      12.3845418898      2.9886852407      0.0000000000
2.4809417041            6.6538746396      0.7250000000      12.3775879768      2.9896637185      0.0000000000
2.4815472425            6.5982609212      0.7270000000      12.3706415671      2.9906129882      0.0000000000
2.4821340324            6.5435183812      0.7290000000      12.3637028254      2.9915334006      0.0000000000
2.4827023188            6.4896291268      0.7310000000      12.3567719080      2.9924253023      0.0000000000
2.4832523438            6.4365758827      0.7330000000      12.3498489371      2.9932890362      0.0000000000
2.4837843455            6.3843417266      0.7350000000      12.3429340692      2.9941249403      0.0000000000
2.4842985599            6.3329101398      0.7370000000      12.3360274790      2.9949333499      0.0000000000
2.4847952190            6.2822650292      0.7390000000      12.3291293250      2.9957145953      0.0000000000
2.4852745522            6.2323906146      0.7410000000      12.3222397778      2.9964690038      0.0000000000
2.4857367855            6.1832716408      0.7430000000      12.3153588829      2.9971968976      0.0000000000
2.4861821420            6.1348931949      0.7450000000      12.3084867776      2.9978985959      0.0000000000
2.4866108420            6.0872407149      0.7470000000      12.3016236742      2.9985744145      0.0000000000
2.4870231032            6.0402997699      0.7490000000      12.2947697107      2.9992246655      0.0000000000
2.4874191390            5.9940567050      0.7510000000      12.2879248435      2.9998496555      0.0000000000
2.4877991620            5.9484979353      0.7530000000      12.2810893717      3.0004496904      0.0000000000
2.4881633804            5.9036100654      0.7550000000      12.2742633726      3.0010250702      0.0000000000
2.4885120000            5.8593804049      0.7570000000      12.2674468562      3.0015760918      0.0000000000
2.4888452248            5.8157961116      0.7590000000      12.2606401338      3.0021030504      0.0000000000
2.4891632545            5.7728450868      0.7610000000      12.2538430838      3.0026062345      0.0000000000
2.4894662879            5.7305151773      0.7630000000      12.2470560084      3.0030859326      0.0000000000
2.4897545197            5.6887947127      0.7650000000      12.2402788694      3.0035424271      0.0000000000
2.4900281431            5.6476721686      0.7670000000      12.2335118817      3.0039759991      0.0000000000
2.4902873480            5.6071364026      0.7690000000      12.2267550325      3.0043869248      0.0000000000
2.4905323224            5.5671763822      0.7710000000      12.2200085503      3.0047754785      0.0000000000
2.4907632514            5.5277815848      0.7730000000      12.2132723531      3.0051419301      0.0000000000
2.4909803178            5.4889412917      0.7750000000      12.2065467353      3.0054865471      0.0000000000
2.4911837021            5.4506455429      0.7770000000      12.1998315914      3.0058095935      0.0000000000
2.4913735822            5.4128842246      0.7790000000      12.1931271422      3.0061113301      0.0000000000
2.4915501345            5.3756476275      0.7810000000      12.1864334640      3.0063920162      0.0000000000
2.4917135315            5.3389262809      0.7830000000      12.1797504948      3.0066519048      0.0000000000
2.4918639450            5.3027107266      0.7850000000      12.1730784994      3.0068912493      0.0000000000
2.4920015440            5.2669919501      0.7870000000      12.1664175054      3.0071102983      0.0000000000
2.4921264948            5.2317610443      0.7890000000      12.1597674494      3.0073092976      0.0000000000
2.4922389624            5.1970093375      0.7910000000      12.1531285596      3.0074884911      0.0000000000
2.4923391089            5.1627281089      0.7930000000      12.1465008890      3.0076481181      0.0000000000
2.4924270949            5.1289092500      0.7950000000      12.1398844813      3.0077884171      0.0000000000
2.4925030785            5.0955445316      0.7970000000      12.1332793219      3.0079096225      0.0000000000
2.4925672156            5.0626260241      0.7990000000      12.1266855618      3.0080119658      0.0000000000
2.4926196611            5.0301458639      0.8010000000      12.1201033038      3.0080956775      0.0000000000
2.4926605666            4.9980963834      0.8030000000      12.1135325498      3.0081609833      0.0000000000
2.4926900825            4.9664702154      0.8050000000      12.1069733701      3.0082081078      0.0000000000
2.4927083569            4.9352600408      0.8070000000      12.1004258008      3.0082372716      0.0000000000
2.4927155362            4.9044586907      0.8090000000      12.0938898836      3.0082486939      0.0000000000
2.4927117649            4.8740591647      0.8110000000      12.0873657064      3.0082425909      0.0000000000
2.4926971856            4.8440546256      0.8130000000      12.0808533208      3.0082191765      0.0000000000
2.4926719392            4.8144383647      0.8150000000      12.0743527757      3.0081786619      0.0000000000
2.4926361644            4.7852038144      0.8170000000      12.0678641211      3.0081212556      0.0000000000
2.4925899986            4.7563445389      0.8190000000      12.0613874156      3.0080471643      0.0000000000
2.4925335771            4.7278542613      0.8210000000      12.0549226761      3.0079565914      0.0000000000
2.4924670336            4.6997268195      0.8230000000      12.0484699573      3.0078497391      0.0000000000
2.4923905001            4.6719561813      0.8250000000      12.0420293013      3.0077268063      0.0000000000
2.4923041066            4.6445364404      0.8270000000      12.0356007433      3.0075879895      0.0000000000
2.4922079821            4.6174618059      0.8290000000      12.0291843298      3.0074334840      0.0000000000
2.4921022535            4.5907266055      0.8310000000      12.0227801132      3.0072634821      0.0000000000
2.4919870458            4.5643252921      0.8330000000      12.0163881177      3.0070781733      0.0000000000
2.4918624832            4.5382524251      0.8350000000      12.0100083804      3.0068777461      0.0000000000
2.4917286877            4.5125026770      0.8370000000      12.0036409332      3.0066623861      0.0000000000
2.4915857798            4.4870708433      0.8390000000      11.9972858115      3.0064322768      0.0000000000
2.4914338788            4.4619518003      0.8410000000      11.9909429964      3.0061875997      0.0000000000
2.4912731020            4.4371404986      0.8430000000      11.9846125681      3.0059285339      0.0000000000
2.4911035659            4.4126320392      0.8450000000      11.9782945496      3.0056552576      0.0000000000
2.4909253847            4.3884216289      0.8470000000      11.9719889689      3.0053679447      0.0000000000
2.4907386720            4.3645044886      0.8490000000      11.9656958995      3.0050667697      0.0000000000
2.4905435394            4.3408760674      0.8510000000      11.9594153280      3.0047519035      0.0000000000
2.4903400970            4.3175318161      0.8530000000      11.9531472098      3.0044235147      0.0000000000
2.4901284539            4.2944671975      0.8550000000      11.9468916248      3.0040817711      0.0000000000
2.4899087178            4.2716779497      0.8570000000      11.9406486142      3.0037268382      0.0000000000
2.4896809948            4.2491597156      0.8590000000      11.9344182362      3.0033588791      0.0000000000
2.4894453897            4.2269084106      0.8610000000      11.9282004127      3.0029780555      0.0000000000
2.4892020061            4.2049197874      0.8630000000      11.9219951771      3.0025845271      0.0000000000
2.4889509464            4.1831898892      0.8650000000      11.9158026130      3.0021784521      0.0000000000
2.4886923119            4.1617147741      0.8670000000      11.9096227550      3.0017599869      0.0000000000
2.4884262015            4.1404904892      0.8690000000      11.9034554597      3.0013292845      0.0000000000
2.4881527142            4.1195133045      0.8710000000      11.8973008810      3.0008864984      0.0000000000
2.4878719473            4.0987794396      0.8730000000      11.8911590769      3.0004317792      0.0000000000
2.4875839966            4.0782852124      0.8750000000      11.8850298758      2.9999652757      0.0000000000
2.4872889571            4.0580270720      0.8770000000      11.8789134355      2.9994871356      0.0000000000
2.4869869226            4.0380015054      0.8790000000      11.8728097792      2.9989975046      0.0000000000
2.4866779850            4.0182049469      0.8810000000      11.8667187800      2.9984965259      0.0000000000
2.4863622363            3.9986340729      0.8830000000      11.8606406089      2.9979843427      0.0000000000
2.4860397664            3.9792855545      0.8850000000      11.8545751607      2.9974610953      0.0000000000
2.4857106645            3.9601561035      0.8870000000      11.8485224738      2.9969269229      0.0000000000
2.4853750185            3.9412425153      0.8890000000      11.8424826230      2.9963819630      0.0000000000
2.4850329152            3.9225416160      0.8910000000      11.8364554608      2.9958263515      0.0000000000
2.4846844409            3.9040503177      0.8930000000      11.8304412251      2.9952602233      0.0000000000
2.4843296795            3.8857655493      0.8950000000      11.8244396414      2.9946837101      0.0000000000
2.4839687157            3.8676843742      0.8970000000      11.8184509681      2.9940969446      0.0000000000
2.4836016316            3.8498038256      0.8990000000      11.8124750028      2.9935000559      0.0000000000
2.4832285089            3.8321210592      0.9010000000      11.8065119298      2.9928931723      0.0000000000
2.4828494283            3.8146332101      0.9030000000      11.8005615794      2.9922764209      0.0000000000
2.4824644697            3.7973375437      0.9050000000      11.7946241291      2.9916499275      0.0000000000
2.4820737115            3.7802312813      0.9070000000      11.7886993885      2.9910138158      0.0000000000
2.4816772318            3.7633117866      0.9090000000      11.7827875681      2.9903682088      0.0000000000
2.4812751067            3.7465764063      0.9110000000      11.7768884222      2.9897132270      0.0000000000
2.4808674129            3.7300225571      0.9130000000      11.7710022101      2.9890489913      0.0000000000
2.4804542247            3.7136477192      0.9150000000      11.7651287225      2.9883756195      0.0000000000
2.4800356163            3.6974493824      0.9170000000      11.7592680834      2.9876932292      0.0000000000
2.4796116609            3.6814251275      0.9190000000      11.7534202502      2.9870019362      0.0000000000
2.4791824304            3.6655724867      0.9210000000      11.7475851639      2.9863018549      0.0000000000
2.4787479963            3.6498891253      0.9230000000      11.7417629443      2.9855930984      0.0000000000
2.4783084292            3.6343727243      0.9250000000      11.7359534365      2.9848757792      0.0000000000
2.4778637986            3.6190209971      0.9270000000      11.7301567595      2.9841500078      0.0000000000
2.4774141731            3.6038317016      0.9290000000      11.7243728943      2.9834158936      0.0000000000
2.4769596205            3.5888026010      0.9310000000      11.7186016962      2.9826735444      0.0000000000
2.4765002084            3.5739315498      0.9330000000      11.7128433542      2.9819230682      0.0000000000
2.4760360028            3.5592164369      0.9350000000      11.7070977765      2.9811645703      0.0000000000
2.4755670689            3.5446551117      0.9370000000      11.7013648605      2.9803981549      0.0000000000
2.4750934721            3.5302455504      0.9390000000      11.6956447702      2.9796239267      0.0000000000
2.4746152756            3.5159857246      0.9410000000      11.6899374354      2.9788419866      0.0000000000
2.4741325430            3.5018736314      0.9430000000      11.6842427277      2.9780524367      0.0000000000
2.4736453363            3.4879073196      0.9450000000      11.6785607930      2.9772553763      0.0000000000
2.4731537176            3.4740848409      0.9470000000      11.6728915921      2.9764509052      0.0000000000
2.4726577473            3.4604043579      0.9490000000      11.6672350625      2.9756391202      0.0000000000
2.4721574856            3.4468639342      0.9510000000      11.6615911716      2.9748201182      0.0000000000
2.4716529923            3.4334617850      0.9530000000      11.6559600231      2.9739939955      0.0000000000
2.4711443260            3.4201960827      0.9550000000      11.6503415430      2.9731608462      0.0000000000
2.4706315446            3.4070650994      0.9570000000      11.6447356906      2.9723207636      0.0000000000
2.4701147052            3.3940670380      0.9590000000      11.6391424377      2.9714738401      0.0000000000
2.4695938648            3.3812002108      0.9610000000      11.6335618610      2.9706201675      0.0000000000
2.4690690793            3.3684629174      0.9630000000      11.6279939098      2.9697598359      0.0000000000
2.4685404040            3.3558535166      0.9650000000      11.6224385760      2.9688929350      0.0000000000
2.4680078932            3.3433703836      0.9670000000      11.6168957683      2.9680195526      0.0000000000
2.4674716012            3.3310118734      0.9690000000      11.6113655313      2.9671397765      0.0000000000
2.4669315813            3.3187764291      0.9710000000      11.6058478936      2.9662536931      0.0000000000
2.4663878861            3.3066624906      0.9730000000      11.6003428094      2.9653613878      0.0000000000
2.4658405677            3.2946685248      0.9750000000      11.5948502580      2.9644629450      0.0000000000
2.4652896777            3.2827930423      0.9770000000      11.5893702300      2.9635584485      0.0000000000
2.4647352666            3.2710345573      0.9790000000      11.5839026534      2.9626479808      0.0000000000
2.4641773850            3.2593916015      0.9810000000      11.5784475642      2.9617316236      0.0000000000
2.4636160820            3.2478627270      0.9830000000      11.5730049464      2.9608094572      0.0000000000
2.4630514075            3.2364465292      0.9850000000      11.5675748207      2.9598815628      0.0000000000
2.4624834095            3.2251416218      0.9870000000      11.5621571223      2.9589480189      0.0000000000
2.4619121356            3.2139466424      0.9890000000      11.5567518436      2.9580089027      0.0000000000
2.4613376338            3.2028602273      0.9910000000      11.5513589686      2.9570642929      0.0000000000
2.4607599504            3.1918810630      0.9930000000      11.5459784839      2.9561142650      0.0000000000
2.4601791317            3.1810078387      0.9950000000      11.5406103509      2.9551588950      0.0000000000
2.4595952234            3.1702392695      0.9970000000      11.5352545535      2.9541982574      0.0000000000
2.4590082706            3.1595740865      0.9990000000      11.5299110899      2.9532324261      0.0000000000
2.4584183181            3.1490110426      1.0010000000      11.5245799426      2.9522614747      0.0000000000
2.4578254097            3.1385489138      1.0030000000      11.5192610903      2.9512854748      0.0000000000
2.4572295893            3.1281864709      1.0050000000      11.5139545161      2.9503044986      0.0000000000
2.4566308997            3.1179225372      1.0070000000      11.5086602010      2.9493186164      0.0000000000
2.4560293837            3.1077559402      1.0090000000      11.5033781261      2.9483278984      0.0000000000
2.4554250830            3.0976855197      1.0110000000      11.4981082818      2.9473324134      0.0000000000
2.4548180395            3.0877101422      1.0130000000      11.4928506382      2.9463322304      0.0000000000
2.4542082939            3.0778286869      1.0150000000      11.4876051688      2.9453274160      0.0000000000
2.4535958872            3.0680400493      1.0170000000      11.4823718584      2.9443180382      0.0000000000
2.4529808592            3.0583431422      1.0190000000      11.4771506880      2.9433041627      0.0000000000
2.4523632496            3.0487368939      1.0210000000      11.4719416365      2.9422858546      0.0000000000
2.4517430979            3.0392202482      1.0230000000      11.4667446848      2.9412631796      0.0000000000
2.4511204425            3.0297921665      1.0250000000      11.4615598067      2.9402362009      0.0000000000
2.4504953217            3.0204516237      1.0270000000      11.4563869847      2.9392049819      0.0000000000
2.4498677736            3.0111976055      1.0290000000      11.4512262122      2.9381695856      0.0000000000
2.4492378351            3.0020291215      1.0310000000      11.4460774579      2.9371300732      0.0000000000
2.4486055436            2.9929451728      1.0330000000      11.4409407003      2.9360865067      0.0000000000
2.4479709354            2.9839448142      1.0350000000      11.4358159162      2.9350389463      0.0000000000
2.4473340469            2.9750270935      1.0370000000      11.4307030869      2.9339874522      0.0000000000
2.4466949133            2.9661910747      1.0390000000      11.4256021894      2.9329320832      0.0000000000
2.4460535702            2.9574358306      1.0410000000      11.4205132031      2.9318728983      0.0000000000
2.4454100524            2.9487604491      1.0430000000      11.4154361060      2.9308099553      0.0000000000
2.4447643943            2.9401640351      1.0450000000      11.4103708441      2.9297433113      0.0000000000
2.4441166300            2.9316456862      1.0470000000      11.4053174312      2.9286730235      0.0000000000
2.4434667930            2.9232045468      1.0490000000      11.4002758390      2.9275991475      0.0000000000
2.4428149169            2.9148397606      1.0510000000      11.3952460464      2.9265217390      0.0000000000
2.4421610343            2.9065504741      1.0530000000      11.3902280316      2.9254408529      0.0000000000
2.4415051780            2.8983358544      1.0550000000      11.3852217617      2.9243565437      0.0000000000
2.4408473800            2.8901950240      1.0570000000      11.3802272545      2.9232688647      0.0000000000
2.4401876719            2.8821272321      1.0590000000      11.3752444577      2.9221778690      0.0000000000
2.4395260855            2.8741316769      1.0610000000      11.3702733504      2.9210836096      0.0000000000
2.4388626512            2.8662075601      1.0630000000      11.3653138749      2.9199861374      0.0000000000
2.4381974001            2.8583540808      1.0650000000      11.3603660298      2.9188855045      0.0000000000
2.4375303624            2.8505705057      1.0670000000      11.3554298038      2.9177817617      0.0000000000
2.4368615682            2.8428560673      1.0690000000      11.3505051734      2.9166749591      0.0000000000
2.4361910472            2.8352099667      1.0710000000      11.3455921235      2.9155651467      0.0000000000
2.4355188286            2.8276315169      1.0730000000      11.3406906430      2.9144523734      0.0000000000
2.4348449412            2.8201200063      1.0750000000      11.3358006911      2.9133366878      0.0000000000
2.4341694137            2.8126746841      1.0770000000      11.3309221767      2.9122181379      0.0000000000
2.4334922742            2.8052948731      1.0790000000      11.3260551514      2.9110967712      0.0000000000
2.4328135512            2.7979798696      1.0810000000      11.3211995775      2.9099726355      0.0000000000
2.4321332720            2.7907289181      1.0830000000      11.3163554637      2.9088457766      0.0000000000
2.4314514639            2.7835414286      1.0850000000      11.3115227704      2.9077162407      0.0000000000
2.4307681540            2.7764167042      1.0870000000      11.3067014157      2.9065840734      0.0000000000
2.4300833690            2.7693540893      1.0890000000      11.3018914066      2.9054493197      0.0000000000
2.4293971353            2.7623529360      1.0910000000      11.2970927307      2.9043120243      0.0000000000
2.4287094790            2.7554125405      1.0930000000      11.2923054002      2.9031722312      0.0000000000
2.4280204260            2.7485323526      1.0950000000      11.2875293731      2.9020299841      0.0000000000
2.4273300015            2.7417117060      1.0970000000      11.2827645399      2.9008853256      0.0000000000
2.4266382310            2.7349500193      1.0990000000      11.2780109525      2.8997382990      0.0000000000
2.4259451394            2.7282466137      1.1010000000      11.2732685867      2.8985889461      0.0000000000
2.4252507514            2.7216009395      1.1030000000      11.2685374532      2.8974373092      0.0000000000
2.4245550911            2.7150124025      1.1050000000      11.2638174346      2.8962834286      0.0000000000
2.4238581827            2.7084804311      1.1070000000      11.2591085424      2.8951273456      0.0000000000
2.4231600501            2.7020043903      1.1090000000      11.2544107745      2.8939691006      0.0000000000
2.4224607169            2.6955837531      1.1110000000      11.2497241476      2.8928087339      0.0000000000
2.4217602062            2.6892179583      1.1130000000      11.2450485306      2.8916462846      0.0000000000
2.4210585409            2.6829064722      1.1150000000      11.2403839475      2.8904817916      0.0000000000
2.4203557442            2.6766486590      1.1170000000      11.2357304018      2.8893152943      0.0000000000
2.4196518382            2.6704440676      1.1190000000      11.2310878939      2.8881468302      0.0000000000
2.4189468451            2.6642921387      1.1210000000      11.2264562643      2.8869764374      0.0000000000
2.4182407869            2.6581923436      1.1230000000      11.2218355866      2.8858041529      0.0000000000
2.4175336858            2.6521441306      1.1250000000      11.2172258996      2.8846300149      0.0000000000
2.4168255627            2.6461470323      1.1270000000      11.2126270589      2.8834540588      0.0000000000
2.4161164391            2.6402005536      1.1290000000      11.2080390678      2.8822763214      0.0000000000
2.4154063358            2.6343041060      1.1310000000      11.2034619481      2.8810968381      0.0000000000
2.4146952740            2.6284572861      1.1330000000      11.1988956628      2.8799156451      0.0000000000
2.4139832737            2.6226595967      1.1350000000      11.1943401211      2.8787327768      0.0000000000
2.4132703554            2.6169104844      1.1370000000      11.1897953708      2.8775482676      0.0000000000
2.4125565393            2.6112095489      1.1390000000      11.1852614128      2.8763621528      0.0000000000
2.4118418448            2.6055563172      1.1410000000      11.1807380932      2.8751744652      0.0000000000
2.4111262922            2.5999502589      1.1430000000      11.1762254980      2.8739852394      0.0000000000
2.4104099003            2.5943909822      1.1450000000      11.1717236277      2.8727945078      0.0000000000
2.4096926882            2.5888780397      1.1470000000      11.1672323157      2.8716023031      0.0000000000
2.4089746753            2.5834109092      1.1490000000      11.1627516583      2.8704086587      0.0000000000
2.4082558805            2.5779892254      1.1510000000      11.1582816364      2.8692136069      0.0000000000
2.4075363214            2.5726125570      1.1530000000      11.1538221199      2.8680171776      0.0000000000
2.4068160170            2.5672803821      1.1550000000      11.1493731856      2.8668194039      0.0000000000
2.4060949853            2.5619923711      1.1570000000      11.1449347831      2.8656203164      0.0000000000
2.4053732439            2.5567480879      1.1590000000      11.1405068337      2.8644199453      0.0000000000
2.4046508110            2.5515470696      1.1610000000      11.1360894089      2.8632183222      0.0000000000
2.4039277039            2.5463889585      1.1630000000      11.1316823953      2.8620154766      0.0000000000
2.4032039396            2.5412733265      1.1650000000      11.1272857848      2.8608114379      0.0000000000
2.4024795358            2.5361997698      1.1670000000      11.1228996625      2.8596062365      0.0000000000
2.4017545086            2.5311679438      1.1690000000      11.1185238071      2.8583999001      0.0000000000
2.4010288755            2.5261773573      1.1710000000      11.1141583457      2.8571924589      0.0000000000
2.4003026526            2.5212277172      1.1730000000      11.1098032180      2.8559839407      0.0000000000
2.3995758561            2.5163186204      1.1750000000      11.1054583348      2.8547743734      0.0000000000
2.3988485026            2.5114496580      1.1770000000      11.1011238236      2.8535637856      0.0000000000
2.3981206078            2.5066205277      1.1790000000      11.0967994686      2.8523522045      0.0000000000
2.3973921875            2.5018307613      1.1810000000      11.0924853735      2.8511396574      0.0000000000
2.3966632574            2.4970800838      1.1830000000      11.0881814878      2.8499261712      0.0000000000
2.3959338327            2.4923681083      1.1850000000      11.0838877290      2.8487117726      0.0000000000
2.3952039293            2.4876944647      1.1870000000      11.0796042235      2.8474964889      0.0000000000
2.3944735613            2.4830588498      1.1890000000      11.0753307294      2.8462803442      0.0000000000
2.3937427445            2.4784608520      1.1910000000      11.0710674058      2.8450633665      0.0000000000
2.3930114932            2.4739001915      1.1930000000      11.0668141242      2.8438455799      0.0000000000
2.3922798221            2.4693764710      1.1950000000      11.0625708973      2.8426270103      0.0000000000
2.3915477456            2.4648894113      1.1970000000      11.0583377284      2.8414076826      0.0000000000
2.3908152779            2.4604386615      1.1990000000      11.0541145040      2.8401876213      0.0000000000
