# M(M_sol)                 Lambda          n_Bc(fm^-3)         R(km)            m_B(M_sol)        m_Bquar/M_B
0.1509727634     46428918.6481684074      0.0940000000      23.6977109667      0.1511797606      0.0000000000
0.1563005433     39165918.8176982477      0.0960000000      22.8169505629      0.1565794179      0.0000000000
0.1616972304     33243633.1444413997      0.0980000000      22.0500525505      0.1620529824      0.0000000000
0.1671602614     28368903.1432692260      0.1000000000      21.3769577782      0.1675979822      0.0000000000
0.1726877760     24324381.5977362879      0.1020000000      20.7819775988      0.1732126559      0.0000000000
0.1782785302     20945525.3655627258      0.1040000000      20.2526772190      0.1788958664      0.0000000000
0.1839318253     18105632.1965927370      0.1060000000      19.7790802188      0.1846470308      0.0000000000
0.1896474527     15705775.8946627211      0.1080000000      19.3530972441      0.1904660661      0.0000000000
0.1954256436     13667824.2038371190      0.1100000000      18.9681043350      0.1963533397      0.0000000000
0.2012670233     11929457.7539983764      0.1120000000      18.6186297063      0.2023096242      0.0000000000
0.2071156957     10453740.7640539836      0.1140000000      18.3030296794      0.2082779960      0.0000000000
0.2129203759      9204567.2676345166      0.1160000000      18.0190830541      0.2142060673      0.0000000000
0.2187309457      8132128.6056102440      0.1180000000      17.7602041880      0.2201447278      0.0000000000
0.2245625898      7205083.1650210386      0.1200000000      17.5226723261      0.2261095223      0.0000000000
0.2304245903      6399549.9584043147      0.1220000000      17.3036731534      0.2321100002      0.0000000000
0.2363240921      5696550.4407035159      0.1240000000      17.1009401797      0.2381535511      0.0000000000
0.2422672334      5080709.2692847261      0.1260000000      16.9125990046      0.2442465561      0.0000000000
0.2482596150      4539401.9759110678      0.1280000000      16.7370745841      0.2503948658      0.0000000000
0.2543065213      4062169.7126159216      0.1300000000      16.5730285925      0.2566040249      0.0000000000
0.2604130501      3640276.6519211140      0.1320000000      16.4193146134      0.2628794058      0.0000000000
0.2665841721      3266379.2908341233      0.1340000000      16.2749435969      0.2692262683      0.0000000000
0.2728247776      2934268.3756326218      0.1360000000      16.1390578655      0.2756498079      0.0000000000
0.2791396966      2638665.0171712697      0.1380000000      16.0109094212      0.2821551772      0.0000000000
0.2855337135      2375061.8413540618      0.1400000000      15.8898436971      0.2887475004      0.0000000000
0.2920115728      2139591.7831414058      0.1420000000      15.7752851264      0.2954318800      0.0000000000
0.2985779797      1928923.7707745600      0.1440000000      15.6667260718      0.3022133975      0.0000000000
0.3052376028      1740177.4660181722      0.1460000000      15.5637172112      0.3090971171      0.0000000000
0.3119950671      1570853.5574903181      0.1480000000      15.4658597294      0.3160880781      0.0000000000
0.3188549513      1418775.0961324691      0.1500000000      15.3727982306      0.3231912932      0.0000000000
0.3258217804      1282041.5015765950      0.1520000000      15.2842159159      0.3304117410      0.0000000000
0.3329000211      1158986.8162727321      0.1540000000      15.1998287042      0.3377543613      0.0000000000
0.3400940776      1048147.3735231365      0.1560000000      15.1193818438      0.3452240521      0.0000000000
0.3474082555       948234.0707751489      0.1580000000      15.0426462225      0.3528256314      0.0000000000
0.3548467990       858107.8380284314      0.1600000000      14.9694149883      0.3605638768      0.0000000000
0.3624138475       776760.1848891057      0.1620000000      14.8995008623      0.3684434810      0.0000000000
0.3701134373       703296.4754323157      0.1640000000      14.8327342230      0.3764690529      0.0000000000
0.3779494895       636920.9900838021      0.1660000000      14.7689607194      0.3846451061      0.0000000000
0.3859258018       576924.7309908044      0.1680000000      14.7080395481      0.3929760502      0.0000000000
0.3940460345       522674.9046432814      0.1700000000      14.6498418172      0.4014661761      0.0000000000
0.4023137039       473605.6251629128      0.1720000000      14.5942492464      0.4101196495      0.0000000000
0.4107321707       429210.1252598553      0.1740000000      14.5411529406      0.4189404984      0.0000000000
0.4193046299       389033.8469799228      0.1760000000      14.4904522023      0.4279326029      0.0000000000
0.4280340995       352668.6071088823      0.1780000000      14.4420536265      0.4370996825      0.0000000000
0.4369234070       319747.3957095100      0.1800000000      14.3958703414      0.4464452822      0.0000000000
0.4459752035       289939.7014996990      0.1820000000      14.3518209645      0.4559727868      0.0000000000
0.4551919165       262947.9003087715      0.1840000000      14.3098293439      0.4656853704      0.0000000000
0.4645757653       238503.4888059594      0.1860000000      14.2698234820      0.4755860127      0.0000000000
0.4741287505       216364.1216310707      0.1880000000      14.2317355106      0.4856774867      0.0000000000
0.4838526407       196310.9593630054      0.1900000000      14.1955007906      0.4959623439      0.0000000000
0.4937489690       178146.2056364138      0.1920000000      14.1610577178      0.5064429099      0.0000000000
0.5038190259       161691.0430494262      0.1940000000      14.1283474058      0.5171212756      0.0000000000
0.5140638506       146783.7194271271      0.1960000000      14.0973132070      0.5279992872      0.0000000000
0.5244842295       133277.8576205941      0.1980000000      14.0679004293      0.5390785428      0.0000000000
0.5350806883       121041.0033274794      0.2000000000      14.0400563562      0.5503603829      0.0000000000
0.5458534901       109953.2111193704      0.2020000000      14.0137296576      0.5618458868      0.0000000000
0.5568026337        99905.8905571473      0.2040000000      13.9888706495      0.5735358693      0.0000000000
0.5679278459        90800.7172104898      0.2060000000      13.9654306545      0.5854308705      0.0000000000
0.5792285865        82548.6226098980      0.2080000000      13.9433621456      0.5975311593      0.0000000000
0.5907040438        75068.9535734948      0.2100000000      13.9226187261      0.6098367266      0.0000000000
0.6023531364        68288.6695775536      0.2120000000      13.9031547710      0.6223472855      0.0000000000
0.6141745138        62141.6212631039      0.2140000000      13.8849256115      0.6350622691      0.0000000000
0.6261665582        56567.9007949997      0.2160000000      13.8678872635      0.6479808307      0.0000000000
0.6383273877        51513.2653356528      0.2180000000      13.8519965175      0.6611018450      0.0000000000
0.6506548600        46928.5956391372      0.2200000000      13.8372107597      0.6744239090      0.0000000000
0.6631465767        42769.4219361377      0.2220000000      13.8234882018      0.6879453450      0.0000000000
0.6757998873        38995.4947270457      0.2240000000      13.8107875165      0.7016642015      0.0000000000
0.6886118978        35570.3759877283      0.2260000000      13.7990682517      0.7155782609      0.0000000000
0.7015794748        32461.0829727383      0.2280000000      13.7882903460      0.7296850404      0.0000000000
0.7146992534        29637.7758937200      0.2300000000      13.7784145191      0.7439817984      0.0000000000
0.7279676465        27073.4466861281      0.2320000000      13.7694021014      0.7584655421      0.0000000000
0.7413808521        24743.6566515511      0.2340000000      13.7612150536      0.7731330324      0.0000000000
0.7549348630        22626.3003642927      0.2360000000      13.7538160865      0.7879807922      0.0000000000
0.7686254750        20701.3758555167      0.2380000000      13.7471683706      0.8030051124      0.0000000000
0.7824482998        18950.7881910505      0.2400000000      13.7412359946      0.8182020636      0.0000000000
0.7963987731        17358.1718058159      0.2420000000      13.7359836599      0.8335675025      0.0000000000
0.8104721668        15908.7203988833      0.2440000000      13.7313768117      0.8490970824      0.0000000000
0.8246635993        14589.0409821193      0.2460000000      13.7273816109      0.8647862628      0.0000000000
0.8389680477        13387.0188787661      0.2480000000      13.7239649785      0.8806303195      0.0000000000
0.8533803591        12291.6946120629      0.2500000000      13.7210946106      0.8966243558      0.0000000000
0.8678952624        11293.1539907337      0.2520000000      13.7187389962      0.9127633126      0.0000000000
0.8825073803        10382.4274680724      0.2540000000      13.7168673850      0.9290419798      0.0000000000
0.8972112413         9551.4000869301      0.2560000000      13.7154498655      0.9454550076      0.0000000000
0.9120012919         8792.7270556542      0.2580000000      13.7144573138      0.9619969188      0.0000000000
0.9268719082         8099.7634688009      0.2600000000      13.7138614751      0.9786621185      0.0000000000
0.9418174081         7466.4931767049      0.2620000000      13.7136348927      0.9954449076      0.0000000000
0.9568320623         6887.4712729277      0.2640000000      13.7137509656      1.0123394927      0.0000000000
0.9719101067         6357.7665423021      0.2660000000      13.7141838504      1.0293399988      0.0000000000
0.9870457537         5872.9136841383      0.2680000000      13.7149086621      1.0464404809      0.0000000000
1.0022332027         5428.8680878617      0.2700000000      13.7159013046      1.0636349346      0.0000000000
1.0174666513         5021.9651589241      0.2720000000      13.7171384861      1.0809173074      0.0000000000
1.0327403062         4648.8833655585      0.2740000000      13.7185978102      1.0982815110      0.0000000000
1.0480483926         4306.6121358964      0.2760000000      13.7202576672      1.1157214306      0.0000000000
1.0633851647         3992.4213004843      0.2780000000      13.7220972870      1.1332309361      0.0000000000
1.0787449150         3703.8344660187      0.2800000000      13.7240967156      1.1508038929      0.0000000000
1.0941219826         3438.6049882030      0.2820000000      13.7262367704      1.1684341706      0.0000000000
1.1095107634         3194.6931981312      0.2840000000      13.7284991344      1.1861156550      0.0000000000
1.1249057168         2970.2474504161      0.2860000000      13.7308662090      1.2038422549      0.0000000000
1.1403013739         2763.5858504608      0.2880000000      13.7333211953      1.2216079128      0.0000000000
1.1556923454         2573.1801319805      0.2900000000      13.7358480421      1.2394066128      0.0000000000
1.1710733274         2397.6412370580      0.2920000000      13.7384314582      1.2572323894      0.0000000000
1.1864391086         2235.7055842190      0.2940000000      13.7410568405      1.2750793348      0.0000000000
1.2017845761         2086.2241451001      0.2960000000      13.7437103458      1.2929416067      0.0000000000
1.2171047202         1948.1508553722      0.2980000000      13.7463788249      1.3108134351      0.0000000000
1.2323946401         1820.5332558807      0.3000000000      13.7490497298      1.3286891289      0.0000000000
1.2476495485         1702.5038697231      0.3020000000      13.7517112808      1.3465630829      0.0000000000
1.2628647749         1593.2719577682      0.3040000000      13.7543522808      1.3644297822      0.0000000000
1.2780357699         1492.1166238185      0.3060000000      13.7569621295      1.3822838084      0.0000000000
1.2931581086         1398.3802457623      0.3080000000      13.7595309149      1.4001198450      0.0000000000
1.3082274944         1311.4626488819      0.3100000000      13.7620492556      1.4179326831      0.0000000000
1.3232397548         1230.8157758489      0.3120000000      13.7645083262      1.4357172172      0.0000000000
1.3381908538         1155.9390615989      0.3140000000      13.7668998941      1.4534684619      0.0000000000
1.3530768871         1086.3749363192      0.3160000000      13.7692162359      1.4711815472      0.0000000000
1.3678940839         1021.7048591682      0.3180000000      13.7714501395      1.4888517228      0.0000000000
1.3826388091          961.5460627770      0.3200000000      13.7735948921      1.5064743610      0.0000000000
1.3973075630          905.5480865414      0.3220000000      13.7756442546      1.5240449591      0.0000000000
1.4118969817          853.3899402489      0.3240000000      13.7775924567      1.5415591410      0.0000000000
1.4264038375          804.7774918452      0.3260000000      13.7794341371      1.5590126592      0.0000000000
1.4408250377          759.4410941472      0.3280000000      13.7811643838      1.5764013952      0.0000000000
1.4551576252          717.1333058783      0.3300000000      13.7827786693      1.5937213616      0.0000000000
1.4693987764          677.6271451631      0.3320000000      13.7842728948      1.6109687015      0.0000000000
1.4835458009          640.7140496018      0.3340000000      13.7856432847      1.6281396899      0.0000000000
1.4975961399          606.2024752257      0.3360000000      13.7868864198      1.6452307329      0.0000000000
1.5115473646          573.9163065100      0.3380000000      13.7879992620      1.6622383683      0.0000000000
1.5253971750          543.6935234172      0.3400000000      13.7889790416      1.6791592649      0.0000000000
1.5391433975          515.3850430888      0.3420000000      13.7898233570      1.6959902216      0.0000000000
1.5527839828          488.8535798174      0.3440000000      13.7905300350      1.7127281669      0.0000000000
1.5663170042          463.9726888906      0.3460000000      13.7910972220      1.7293701576      0.0000000000
1.5797406554          440.6257151521      0.3480000000      13.7915233190      1.7459133785      0.0000000000
1.5930532470          418.7051726098      0.3500000000      13.7918069702      1.7623551393      0.0000000000
1.6062532056          398.1118108858      0.3520000000      13.7919470558      1.7786928746      0.0000000000
1.6193390699          378.7540028249      0.3540000000      13.7919427062      1.7949241420      0.0000000000
1.6323094884          360.5471073823      0.3560000000      13.7917932357      1.8110466191      0.0000000000
1.6451632173          343.4128745362      0.3580000000      13.7914981713      1.8270581034      0.0000000000
1.6578991166          327.2789435367      0.3600000000      13.7910572352      1.8429565086      0.0000000000
1.6705161483          312.0783558029      0.3620000000      13.7904702934      1.8587398636      0.0000000000
1.6830133730          297.7491132077      0.3640000000      13.7897374425      1.8744063101      0.0000000000
1.6953899469          284.2338019880      0.3660000000      13.7888588936      1.8899540996      0.0000000000
1.7076451191          271.4791894327      0.3680000000      13.7878349865      1.9053815917      0.0000000000
1.7197782292          259.4359177731      0.3700000000      13.7866662603      1.9206872521      0.0000000000
1.7317887031          248.0582047411      0.3720000000      13.7853533299      1.9358696487      0.0000000000
1.7436760516          237.3035245773      0.3740000000      13.7838969643      1.9509274508      0.0000000000
1.7554398647          227.1324072510      0.3760000000      13.7822980265      1.9658594234      0.0000000000
1.7670798156          217.5081487826      0.3780000000      13.7805574978      1.9806644329      0.0000000000
1.7785956486          208.3966438071      0.3800000000      13.7786764446      1.9953414330      0.0000000000
1.7899871820          199.7661512157      0.3820000000      13.7766560267      2.0098894697      0.0000000000
1.8012543043          191.5871331474      0.3840000000      13.7744974960      2.0243076768      0.0000000000
1.8123969712          183.8320840143      0.3860000000      13.7722021854      2.0385952734      0.0000000000
1.8234152025          176.4753728153      0.3880000000      13.7697714598      2.0527515610      0.0000000000
1.8343090804          169.4931121449      0.3900000000      13.7672068095      2.0667759215      0.0000000000
1.8450787457          162.8630270664      0.3920000000      13.7645097329      2.0806678142      0.0000000000
1.8557243965          156.5643211650      0.3940000000      13.7616818230      2.0944267736      0.0000000000
1.8662462846          150.5775847036      0.3960000000      13.7587246768      2.1080524064      0.0000000000
1.8766447135          144.8846939505      0.3980000000      13.7556399729      2.1215443897      0.0000000000
1.8869200362          139.4687034105      0.4000000000      13.7524294256      2.1349024682      0.0000000000
1.8970726525          134.3137722236      0.4020000000      13.7490947660      2.1481264516      0.0000000000
1.9071030068          129.4050908599      0.4040000000      13.7456377637      2.1612162125      0.0000000000
1.9170115859          124.7287904925      0.4060000000      13.7420602211      2.1741716839      0.0000000000
1.9267989169          120.2718801522      0.4080000000      13.7383639648      2.1869928574      0.0000000000
1.9364655651          116.0222089296      0.4100000000      13.7345508398      2.1996797801      0.0000000000
1.9460121319          111.9683736288      0.4120000000      13.7306227045      2.2122325529      0.0000000000
1.9554392526          108.0996874245      0.4140000000      13.7265814392      2.2246513286      0.0000000000
1.9647475948          104.4061260000      0.4160000000      13.7224289279      2.2369363090      0.0000000000
1.9739378565          100.8782793241      0.4180000000      13.7181670588      2.2490877436      0.0000000000
1.9830107639           97.5073160071      0.4200000000      13.7137977479      2.2611059269      0.0000000000
1.9919670705           94.2849327203      0.4220000000      13.7093228876      2.2729911973      0.0000000000
2.0008075542           91.2033352440      0.4240000000      13.7047443879      2.2847439341      0.0000000000
2.0095330168           88.2551896278      0.4260000000      13.7000641651      2.2963645566      0.0000000000
2.0181442817           85.4335974484      0.4280000000      13.6952841007      2.3078535212      0.0000000000
2.0266421929           82.7320728160      0.4300000000      13.6904061103      2.3192113211      0.0000000000
2.0350276131           80.1445010684      0.4320000000      13.6854320942      2.3304384831      0.0000000000
2.0433014224           77.6651317866      0.4340000000      13.6803639243      2.3415355665      0.0000000000
2.0514645171           75.2885411031      0.4360000000      13.6752034809      2.3525031621      0.0000000000
2.0595178084           73.0096159929      0.4380000000      13.6699526307      2.3633418891      0.0000000000
2.0674622209           70.8235383246      0.4400000000      13.6646132243      2.3740523953      0.0000000000
2.0752986917           68.7257602492      0.4420000000      13.6591871167      2.3846353542      0.0000000000
2.0830281691           66.7119907020      0.4440000000      13.6536761312      2.3950914645      0.0000000000
2.0906516112           64.7781776578      0.4460000000      13.6480820624      2.4054214479      0.0000000000
2.0981699857           62.9204902840      0.4480000000      13.6424067412      2.4156260487      0.0000000000
2.1055842677           61.1353159932      0.4500000000      13.6366519169      2.4257060314      0.0000000000
2.1128954399           59.4192321073      0.4520000000      13.6308193727      2.4356621806      0.0000000000
2.1201044908           57.7690057881      0.4540000000      13.6249108479      2.4454952985      0.0000000000
2.1272124144           56.1815779684      0.4560000000      13.6189280732      2.4552062049      0.0000000000
2.1342202088           54.6540519808      0.4580000000      13.6128727515      2.4647957354      0.0000000000
2.1411288759           53.1836886027      0.4600000000      13.6067465752      2.4742647404      0.0000000000
2.1479394203           51.7678886262      0.4620000000      13.6005512128      2.4836140840      0.0000000000
2.1546528491           50.4041934933      0.4640000000      13.5942883114      2.4928446434      0.0000000000
2.1612701700           49.0902707247      0.4660000000      13.5879594997      2.5019573071      0.0000000000
2.1677923923           47.8239082935      0.4680000000      13.5815663799      2.5109529750      0.0000000000
2.1742205247           46.6030084014      0.4700000000      13.5751105366      2.5198325563      0.0000000000
2.1805555760           45.4255816362      0.4720000000      13.5685935376      2.5285969700      0.0000000000
2.1867985536           44.2897376006      0.4740000000      13.5620169220      2.5372471427      0.0000000000
2.1929504632           43.1936820979      0.4760000000      13.5553822108      2.5457840086      0.0000000000
2.1990123086           42.1357117371      0.4780000000      13.5486908997      2.5542085087      0.0000000000
2.2049850911           41.1142052846      0.4800000000      13.5419444680      2.5625215897      0.0000000000
2.2108698087           40.1276243734      0.4820000000      13.5351443583      2.5707242036      0.0000000000
2.2166674562           39.1745047721      0.4840000000      13.5282920179      2.5788173069      0.0000000000
2.2223790242           38.2534537892      0.4860000000      13.5213888430      2.5868018598      0.0000000000
2.2280054993           37.3631458501      0.4880000000      13.5144362237      2.5946788259      0.0000000000
2.2335478635           36.5023200958      0.4900000000      13.5074355273      2.6024491714      0.0000000000
2.2390070935           35.6697756298      0.4920000000      13.5003880930      2.6101138643      0.0000000000
2.2443841612           34.8643679925      0.4940000000      13.4932952528      2.6176738745      0.0000000000
2.2496800327           34.0850073643      0.4960000000      13.4861582877      2.6251301727      0.0000000000
2.2548956682           33.3306554406      0.4980000000      13.4789784882      2.6324837299      0.0000000000
2.2600320218           32.6003205780      0.5000000000      13.4717571056      2.6397355174      0.0000000000
2.2650900414           31.8930588266      0.5020000000      13.4644953792      2.6468865059      0.0000000000
2.2700706683           31.2079699062      0.5040000000      13.4571945106      2.6539376651      0.0000000000
2.2749748369           30.5441927567      0.5060000000      13.4498557011      2.6608899638      0.0000000000
2.2798034747           29.9009067122      0.5080000000      13.4424801219      2.6677443686      0.0000000000
2.2845575023           29.2773276756      0.5100000000      13.4350689245      2.6745018447      0.0000000000
2.2892378324           28.6727070961      0.5120000000      13.4276232343      2.6811633540      0.0000000000
2.2938453709           28.0863301824      0.5140000000      13.4201441704      2.6877298566      0.0000000000
2.2983810156           27.5175125548      0.5160000000      13.4126327988      2.6942023087      0.0000000000
2.3028456569           26.9656013562      0.5180000000      13.4050902107      2.7005816638      0.0000000000
2.3072401773           26.4299704431      0.5200000000      13.3975174553      2.7068688715      0.0000000000
2.3115654511           25.9100238454      0.5220000000      13.3899155546      2.7130648773      0.0000000000
2.3158223449           25.4051871058      0.5240000000      13.3822855213      2.7191706226      0.0000000000
2.3200117173           24.9149147662      0.5260000000      13.3746283524      2.7251870449      0.0000000000
2.3241344180           24.4386818681      0.5280000000      13.3669450181      2.7311150760      0.0000000000
2.3281912894           23.9759866179      0.5300000000      13.3592364760      2.7369556441      0.0000000000
2.3321831649           23.5263484476      0.5320000000      13.3515036595      2.7427096711      0.0000000000
2.3361108699           23.0893062667      0.5340000000      13.3437474911      2.7483780749      0.0000000000
2.3399752213           22.6644188619      0.5360000000      13.3359688726      2.7539617669      0.0000000000
2.3437770277           22.2512632326      0.5380000000      13.3281686864      2.7594616534      0.0000000000
2.3475170889           21.8494336005      0.5400000000      13.3203478001      2.7648786350      0.0000000000
2.3511961968           21.4585404558      0.5420000000      13.3125070599      2.7702136062      0.0000000000
2.3548151344           21.0782104312      0.5440000000      13.3046473035      2.7754674558      0.0000000000
2.3583746764           20.7080855642      0.5460000000      13.2967693491      2.7806410660      0.0000000000
2.3618755891           20.3478217324      0.5480000000      13.2888739860      2.7857353133      0.0000000000
2.3653186302           19.9970884629      0.5500000000      13.2809620136      2.7907510673      0.0000000000
2.3687045490           19.6555694911      0.5520000000      13.2730341940      2.7956891913      0.0000000000
2.3720340864           19.3229590469      0.5540000000      13.2650912712      2.8005505421      0.0000000000
2.3753079748           18.9989650041      0.5560000000      13.2571340009      2.8053359700      0.0000000000
2.3785269384           18.6833062096      0.5580000000      13.2491630974      2.8100463183      0.0000000000
2.3816916928           18.3757122727      0.5600000000      13.2411792685      2.8146824238      0.0000000000
2.3848029455           18.0759231323      0.5620000000      13.2331832102      2.8192451160      0.0000000000
2.3878613955           17.7836888001      0.5640000000      13.2251756035      2.8237352181      0.0000000000
2.3908677338           17.4987687221      0.5660000000      13.2171571127      2.8281535458      0.0000000000
2.3938226430           17.2209317154      0.5680000000      13.2091283907      2.8325009084      0.0000000000
2.3967267975           16.9499552517      0.5700000000      13.2010900781      2.8367781073      0.0000000000
2.3995808638           16.6856241341      0.5720000000      13.1930427940      2.8409859379      0.0000000000
2.4023855001           16.4277327642      0.5740000000      13.1849871578      2.8451251876      0.0000000000
2.4051413568           16.1760824283      0.5760000000      13.1769237698      2.8491966371      0.0000000000
2.4078490763           15.9304811516      0.5780000000      13.1688532110      2.8532010602      0.0000000000
2.4105092929           15.6907450909      0.5800000000      13.1607760632      2.8571392230      0.0000000000
2.4131226335           15.4566959061      0.5820000000      13.1526928799      2.8610118849      0.0000000000
2.4156897167           15.2281629338      0.5840000000      13.1446042198      2.8648197978      0.0000000000
2.4182111538           15.0049806615      0.5860000000      13.1365106233      2.8685637069      0.0000000000
2.4206875481           14.7869898064      0.5880000000      13.1284126104      2.8722443496      0.0000000000
2.4231194957           14.5740370205      0.5900000000      13.1203107028      2.8758624570      0.0000000000
2.4255075848           14.3659739817      0.5920000000      13.1122054058      2.8794187521      0.0000000000
2.4278523965           14.1626579052      0.5940000000      13.1040972138      2.8829139514      0.0000000000
2.4301545043           13.9639507101      0.5960000000      13.0959866100      2.8863487645      0.0000000000
2.4324144745           13.7697193027      0.5980000000      13.0878740663      2.8897238933      0.0000000000
2.4346328659           13.5798350914      0.6000000000      13.0797600455      2.8930400328      0.0000000000
2.4368102304           13.3941740088      0.6020000000      13.0716450014      2.8962978711      0.0000000000
2.4389471129           13.2126162295      0.6040000000      13.0635293770      2.8994980894      0.0000000000
2.4410440508           13.0350460024      0.6060000000      13.0554136075      2.9026413615      0.0000000000
2.4431015750           12.8613512668      0.6080000000      13.0472981156      2.9057283545      0.0000000000
2.4451202094           12.6914240842      0.6100000000      13.0391833214      2.9087597288      0.0000000000
2.4471004710           12.5251597609      0.6120000000      13.0310696192      2.9117361373      0.0000000000
2.4490428700           12.3624575195      0.6140000000      13.0229574120      2.9146582267      0.0000000000
2.4509479101           12.2032196491      0.6160000000      13.0148470921      2.9175266361      0.0000000000
2.4528160882           12.0473515030      0.6180000000      13.0067390252      2.9203419987      0.0000000000
2.4546478952           11.8947620354      0.6200000000      12.9986335935      2.9231049405      0.0000000000
2.4564438148           11.7453625578      0.6220000000      12.9905311555      2.9258160805      0.0000000000
2.4582043247           11.5990679094      0.6240000000      12.9824320677      2.9284760314      0.0000000000
2.4599298966           11.4557948431      0.6260000000      12.9743366707      2.9310853998      0.0000000000
2.4616209954           11.3154636860      0.6280000000      12.9662453083      2.9336447843      0.0000000000
2.4632780802           11.1779970258      0.6300000000      12.9581583035      2.9361547785      0.0000000000
2.4649016042           11.0433191012      0.6320000000      12.9500759896      2.9386159687      0.0000000000
2.4664920140           10.9113578614      0.6340000000      12.9419986767      2.9410289349      0.0000000000
2.4680497507           10.7820426673      0.6360000000      12.9339266735      2.9433942506      0.0000000000
2.4695752494           10.6553054241      0.6380000000      12.9258602804      2.9457124834      0.0000000000
2.4710689397           10.5310796407      0.6400000000      12.9177997921      2.9479841942      0.0000000000
2.4725312448           10.4093015732      0.6420000000      12.9097454968      2.9502099375      0.0000000000
2.4739625832           10.2899091313      0.6440000000      12.9016976758      2.9523902626      0.0000000000
2.4753633667           10.1728421019      0.6460000000      12.8936566027      2.9545257111      0.0000000000
2.4767340027           10.0580421384      0.6480000000      12.8856225458      2.9566168203      0.0000000000
2.4780748925            9.9454526794      0.6500000000      12.8775957659      2.9586641200      0.0000000000
2.4793864321            9.8350188744      0.6520000000      12.8695765207      2.9606681349      0.0000000000
2.4806690122            9.7266874047      0.6540000000      12.8615650569      2.9626293832      0.0000000000
2.4819230186            9.6204067262      0.6560000000      12.8535616123      2.9645483779      0.0000000000
2.4831488315            9.5161266591      0.6580000000      12.8455664356      2.9664256256      0.0000000000
2.4843468262            9.4137985787      0.6600000000      12.8375797558      2.9682616275      0.0000000000
2.4855173729            9.3133756298      0.6620000000      12.8296017926      2.9700568786      0.0000000000
2.4866608370            9.2148115656      0.6640000000      12.8216327715      2.9718118691      0.0000000000
2.4877775786            9.1180621542      0.6660000000      12.8136729072      2.9735270825      0.0000000000
2.4888679535            9.0230842424      0.6680000000      12.8057224111      2.9752029980      0.0000000000
2.4899323124            8.9298356751      0.6700000000      12.7977814843      2.9768400884      0.0000000000
2.4909710012            8.8382758932      0.6720000000      12.7898503330      2.9784388213      0.0000000000
2.4919843613            8.7483654647      0.6740000000      12.7819291462      2.9799996588      0.0000000000
2.4929727296            8.6600656445      0.6760000000      12.7740181150      2.9815230581      0.0000000000
2.4939364383            8.5733393620      0.6780000000      12.7661174286      2.9830094710      0.0000000000
2.4948758152            8.4881500737      0.6800000000      12.7582272624      2.9844593436      0.0000000000
2.4957911838            8.4044627489      0.6820000000      12.7503477953      2.9858731173      0.0000000000
2.4966828629            8.3222428682      0.6840000000      12.7424792035      2.9872512282      0.0000000000
2.4975511675            8.2414573331      0.6860000000      12.7346216388      2.9885941074      0.0000000000
2.4983964080            8.1620733646      0.6880000000      12.7267752843      2.9899021813      0.0000000000
2.4992188909            8.0840597687      0.6900000000      12.7189402880      2.9911758709      0.0000000000
2.5000189180            8.0073857476      0.6920000000      12.7111167970      2.9924155919      0.0000000000
2.5007967881            7.9320213907      0.6940000000      12.7033049792      2.9936217567      0.0000000000
2.5015527949            7.8579377809      0.6960000000      12.6955049714      2.9947947711      0.0000000000
2.5022872288            7.7851067646      0.6980000000      12.6877169182      2.9959350373      0.0000000000
2.5030003761            7.7135006516      0.7000000000      12.6799409489      2.9970429524      0.0000000000
2.5036925193            7.6430928061      0.7020000000      12.6721772121      2.9981189089      0.0000000000
2.5043639370            7.5738571625      0.7040000000      12.6644258368      2.9991632947      0.0000000000
2.5050149042            7.5057684641      0.7060000000      12.6566869478      3.0001764934      0.0000000000
2.5056456922            7.4388019431      0.7080000000      12.6489606693      3.0011588839      0.0000000000
2.5062565686            7.3729335924      0.7100000000      12.6412471235      3.0021108404      0.0000000000
2.5068477975            7.3081400281      0.7120000000      12.6335464280      3.0030327333      0.0000000000
2.5074196390            7.2443984784      0.7140000000      12.6258586955      3.0039249275      0.0000000000
2.5079723508            7.1816867347      0.7160000000      12.6181840398      3.0047877858      0.0000000000
2.5085061859            7.1199831519      0.7180000000      12.6105225674      3.0056216644      0.0000000000
2.5090213948            7.0592666617      0.7200000000      12.6028743813      3.0064269165      0.0000000000
2.5095182244            6.9995167589      0.7220000000      12.5952395860      3.0072038915      0.0000000000
2.5099969179            6.9407134448      0.7240000000      12.5876182790      3.0079529334      0.0000000000
2.5104577158            6.8828371651      0.7260000000      12.5800105614      3.0086743832      0.0000000000
2.5109008553            6.8258687894      0.7280000000      12.5724165169      3.0093685779      0.0000000000
2.5113265701            6.7697899682      0.7300000000      12.5648362408      3.0100358497      0.0000000000
2.5117350911            6.7145826577      0.7320000000      12.5572698203      3.0106765278      0.0000000000
2.5121266461            6.6602292262      0.7340000000      12.5497173390      3.0112909369      0.0000000000
2.5125014595            6.6067122898      0.7360000000      12.5421788822      3.0118793981      0.0000000000
2.5128597534            6.5540152349      0.7380000000      12.5346545266      3.0124422289      0.0000000000
2.5132017464            6.5021217243      0.7400000000      12.5271443488      3.0129797430      0.0000000000
2.5135276543            6.4510158385      0.7420000000      12.5196484261      3.0134922500      0.0000000000
2.5138376902            6.4006818715      0.7440000000      12.5121668299      3.0139800565      0.0000000000
2.5141320642            6.3511047783      0.7460000000      12.5046996271      3.0144434648      0.0000000000
2.5144109836            6.3022696631      0.7480000000      12.4972468883      3.0148827741      0.0000000000
2.5146746533            6.2541620924      0.7500000000      12.4898086802      3.0152982804      0.0000000000
2.5149232749            6.2067680213      0.7520000000      12.4823850599      3.0156902751      0.0000000000
2.5151570478            6.1600735017      0.7540000000      12.4749760945      3.0160590472      0.0000000000
2.5153761685            6.1140653035      0.7560000000      12.4675818378      3.0164048816      0.0000000000
2.5155808313            6.0687300439      0.7580000000      12.4602023504      3.0167280607      0.0000000000
2.5157712274            6.0240551573      0.7600000000      12.4528376826      3.0170288626      0.0000000000
2.5159475457            5.9800278586      0.7620000000      12.4454878918      3.0173075627      0.0000000000
2.5161099728            5.9366361433      0.7640000000      12.4381530234      3.0175644333      0.0000000000
2.5162586928            5.8938679168      0.7660000000      12.4308331323      3.0177997430      0.0000000000
2.5163938869            5.8517115844      0.7680000000      12.4235282579      3.0180137574      0.0000000000
2.5165157346            5.8101557619      0.7700000000      12.4162384515      3.0182067391      0.0000000000
2.5166244126            5.7691891722      0.7720000000      12.4089637501      3.0183789475      0.0000000000
2.5167200953            5.7288010991      0.7740000000      12.4017041984      3.0185306389      0.0000000000
2.5168029553            5.6889808169      0.7760000000      12.3944598413      3.0186620673      0.0000000000
2.5168731620            5.6497178874      0.7780000000      12.3872307039      3.0187734820      0.0000000000
2.5169308835            5.6110022817      0.7800000000      12.3800168326      3.0188651312      0.0000000000
2.5169762854            5.5728239371      0.7820000000      12.3728182584      3.0189372595      0.0000000000
2.5170095310            5.5351732019      0.7840000000      12.3656350200      3.0189901085      0.0000000000
2.5170307815            5.4980405464      0.7860000000      12.3584671361      3.0190239168      0.0000000000
2.5170401959            5.4614167497      0.7880000000      12.3513146472      3.0190389201      0.0000000000
2.5170379314            5.4252927055      0.7900000000      12.3441775756      3.0190353523      0.0000000000
2.5170241434            5.3896594606      0.7920000000      12.3370559589      3.0190134441      0.0000000000
2.5169989843            5.3545084572      0.7940000000      12.3299498126      3.0189734224      0.0000000000
2.5169626055            5.3198311235      0.7960000000      12.3228591569      3.0189155130      0.0000000000
2.5169151558            5.2856191285      0.7980000000      12.3157840236      3.0188399379      0.0000000000
2.5168567827            5.2518644150      0.8000000000      12.3087244324      3.0187469178      0.0000000000
2.5167876309            5.2185590218      0.8020000000      12.3016804007      3.0186366689      0.0000000000
2.5167078443            5.1856951297      0.8040000000      12.2946519477      3.0185094069      0.0000000000
2.5166175640            5.1532650808      0.8060000000      12.2876390942      3.0183653437      0.0000000000
2.5165169296            5.1212614968      0.8080000000      12.2806418533      3.0182046886      0.0000000000
2.5164060793            5.0896770790      0.8100000000      12.2736602413      3.0180276497      0.0000000000
2.5162851491            5.0585046711      0.8120000000      12.2666942710      3.0178344317      0.0000000000
2.5161542730            5.0277372843      0.8140000000      12.2597439550      3.0176252366      0.0000000000
2.5160135838            4.9973680752      0.8160000000      12.2528093044      3.0174002647      0.0000000000
2.5158632125            4.9673903450      0.8180000000      12.2458903306      3.0171597141      0.0000000000
2.5157032881            4.9377975399      0.8200000000      12.2389870426      3.0169037799      0.0000000000
2.5155339384            4.9085832377      0.8220000000      12.2320994493      3.0166326557      0.0000000000
2.5153552889            4.8797411505      0.8240000000      12.2252275569      3.0163465319      0.0000000000
2.5151674643            4.8512650744      0.8260000000      12.2183713724      3.0160455975      0.0000000000
2.5149705871            4.8231489875      0.8280000000      12.2115309024      3.0157300392      0.0000000000
2.5147647784            4.7953870150      0.8300000000      12.2047061492      3.0154000408      0.0000000000
2.5145501579            4.7679733987      0.8320000000      12.1978971173      3.0150557851      0.0000000000
2.5143268435            4.7409023934      0.8340000000      12.1911038065      3.0146974513      0.0000000000
2.5140949518            4.7141684065      0.8360000000      12.1843262191      3.0143252182      0.0000000000
2.5138545981            4.6877660974      0.8380000000      12.1775643557      3.0139392615      0.0000000000
2.5136058957            4.6616901362      0.8400000000      12.1708182155      3.0135397547      0.0000000000
2.5133489569            4.6359351737      0.8420000000      12.1640878021      3.0131268700      0.0000000000
2.5130838924            4.6104961851      0.8440000000      12.1573731114      3.0127007770      0.0000000000
2.5128108114            4.5853680477      0.8460000000      12.1506741338      3.0122616436      0.0000000000
2.5125298221            4.5605459433      0.8480000000      12.1439908719      3.0118096358      0.0000000000
2.5122410309            4.5360250325      0.8500000000      12.1373233185      3.0113449176      0.0000000000
2.5119445431            4.5118005416      0.8520000000      12.1306714768      3.0108676511      0.0000000000
2.5116404625            4.4878677549      0.8540000000      12.1240353277      3.0103779964      0.0000000000
2.5113288916            4.4642222803      0.8560000000      12.1174148714      3.0098761116      0.0000000000
2.5110099318            4.4408595906      0.8580000000      12.1108101000      3.0093621535      0.0000000000
2.5106836832            4.4177752773      0.8600000000      12.1042210074      3.0088362771      0.0000000000
2.5103502444            4.3949650437      0.8620000000      12.0976475816      3.0082986348      0.0000000000
2.5100097129            4.3724247865      0.8640000000      12.0910898113      3.0077493780      0.0000000000
2.5096621849            4.3501502589      0.8660000000      12.0845476928      3.0071886559      0.0000000000
2.5093077557            4.3281374165      0.8680000000      12.0780212105      3.0066166165      0.0000000000
2.5089465190            4.3063824197      0.8700000000      12.0715103541      3.0060334055      0.0000000000
2.5085785676            4.2848812002      0.8720000000      12.0650151108      3.0054391674      0.0000000000
2.5082039930            4.2636300545      0.8740000000      12.0585354676      3.0048340446      0.0000000000
2.5078228855            4.2426251594      0.8760000000      12.0520714180      3.0042181782      0.0000000000
2.5074353345            4.2218628252      0.8780000000      12.0456229395      3.0035917077      0.0000000000
2.5070414280            4.2013396047      0.8800000000      12.0391900219      3.0029547706      0.0000000000
2.5066412530            4.1810516904      0.8820000000      12.0327726469      3.0023075031      0.0000000000
2.5062348957            4.1609958291      0.8840000000      12.0263708021      3.0016500399      0.0000000000
2.5058224408            4.1411684340      0.8860000000      12.0199844730      3.0009825141      0.0000000000
2.5054039721            4.1215662892      0.8880000000      12.0136136390      3.0003050570      0.0000000000
2.5049795725            4.1021859917      0.8900000000      12.0072582888      2.9996177988      0.0000000000
2.5045493237            4.0830244075      0.8920000000      12.0009183986      2.9989208679      0.0000000000
2.5041133064            4.0640782700      0.8940000000      11.9945939554      2.9982143913      0.0000000000
2.5036716005            4.0453445631      0.8960000000      11.9882849384      2.9974984951      0.0000000000
2.5032242845            4.0268201279      0.8980000000      11.9819913312      2.9967733027      0.0000000000
2.5027714364            4.0085020708      0.9000000000      11.9757131123      2.9960389373      0.0000000000
2.5023131329            3.9903873082      0.9020000000      11.9694502625      2.9952955201      0.0000000000
2.5018494500            3.9724730775      0.9040000000      11.9632027628      2.9945431711      0.0000000000
2.5013804624            3.9547564100      0.9060000000      11.9569705895      2.9937820089      0.0000000000
2.5009062442            3.9372346476      0.9080000000      11.9507537242      2.9930121503      0.0000000000
2.5004268685            3.9199049705      0.9100000000      11.9445521434      2.9922337115      0.0000000000
2.4999424075            3.9027646556      0.9120000000      11.9383658301      2.9914468070      0.0000000000
2.4994529326            3.8858110995      0.9140000000      11.9321947614      2.9906515503      0.0000000000
2.4989585141            3.8690416154      0.9160000000      11.9260389094      2.9898480528      0.0000000000
2.4984592215            3.8524537978      0.9180000000      11.9198982553      2.9890364255      0.0000000000
2.4979551236            3.8360450867      0.9200000000      11.9137727758      2.9882167777      0.0000000000
2.4974462884            3.8198128405      0.9220000000      11.9076624492      2.9873892180      0.0000000000
2.4969327827            3.8037548417      0.9240000000      11.9015672492      2.9865538527      0.0000000000
2.4964146729            3.7878687057      0.9260000000      11.8954871505      2.9857107879      0.0000000000
2.4958920242            3.7721518794      0.9280000000      11.8894221330      2.9848601278      0.0000000000
2.4953649012            3.7566022636      0.9300000000      11.8833721684      2.9840019758      0.0000000000
2.4948333681            3.7412175962      0.9320000000      11.8773372348      2.9831364346      0.0000000000
2.4942974874            3.7259954443      0.9340000000      11.8713173027      2.9822636042      0.0000000000
2.4937573217            3.7109338609      0.9360000000      11.8653123489      2.9813835853      0.0000000000
2.4932129324            3.6960305706      0.9380000000      11.8593223492      2.9804964759      0.0000000000
2.4926643804            3.6812834896      0.9400000000      11.8533472750      2.9796023743      0.0000000000
2.4921117253            3.6666904859      0.9420000000      11.8473871006      2.9787013762      0.0000000000
2.4915550270            3.6522496145      0.9440000000      11.8414418004      2.9777935779      0.0000000000
2.4909943436            3.6379588055      0.9460000000      11.8355113471      2.9768790728      0.0000000000
2.4904297332            3.6238160985      0.9480000000      11.8295957135      2.9759579548      0.0000000000
2.4898612529            3.6098194727      0.9500000000      11.8236948718      2.9750303160      0.0000000000
2.4892889590            3.5959671651      0.9520000000      11.8178087947      2.9740962469      0.0000000000
2.4887129075            3.5822571680      0.9540000000      11.8119374549      2.9731558383      0.0000000000
2.4881331535            3.5686877216      0.9560000000      11.8060808245      2.9722091792      0.0000000000
2.4875497512            3.5552569304      0.9580000000      11.8002388756      2.9712563573      0.0000000000
2.4869627546            3.5419630127      0.9600000000      11.7944115776      2.9702974599      0.0000000000
2.4863722169            3.5288042975      0.9620000000      11.7885989044      2.9693325735      0.0000000000
2.4857781904            3.5157789552      0.9640000000      11.7828008274      2.9683617826      0.0000000000
2.4851807270            3.5028853223      0.9660000000      11.7770173161      2.9673851716      0.0000000000
2.4845798781            3.4901217488      0.9680000000      11.7712483428      2.9664028242      0.0000000000
2.4839756941            3.4774865243      0.9700000000      11.7654938792      2.9654148218      0.0000000000
2.4833682251            3.4649780137      0.9720000000      11.7597538911      2.9644212464      0.0000000000
2.4827575204            3.4525947119      0.9740000000      11.7540283523      2.9634221780      0.0000000000
2.4821436291            3.4403350080      0.9760000000      11.7483172334      2.9624176966      0.0000000000
2.4815265993            3.4281973291      0.9780000000      11.7426205062      2.9614078808      0.0000000000
2.4809064784            3.4161801539      0.9800000000      11.7369381361      2.9603928078      0.0000000000
2.4802833138            3.4042820145      0.9820000000      11.7312700952      2.9593725551      0.0000000000
2.4796571519            3.3925014269      0.9840000000      11.7256163540      2.9583471984      0.0000000000
2.4790280386            3.3808369367      0.9860000000      11.7199768813      2.9573168129      0.0000000000
2.4783960195            3.3692870976      0.9880000000      11.7143516483      2.9562814733      0.0000000000
2.4777611393            3.3578505083      0.9900000000      11.7087406230      2.9552412524      0.0000000000
2.4771234424            3.3465258008      0.9920000000      11.7031437716      2.9541962235      0.0000000000
2.4764829725            3.3353116042      0.9940000000      11.6975610652      2.9531464579      0.0000000000
2.4758397729            3.3242065737      0.9960000000      11.6919924734      2.9520920268      0.0000000000
2.4751938865            3.3132093905      0.9980000000      11.6864379654      2.9510330007      0.0000000000
2.4745453555            3.3023187528      1.0000000000      11.6808975100      2.9499694491      0.0000000000
2.4738942217            3.2915333788      1.0020000000      11.6753710759      2.9489014405      0.0000000000
2.4732405261            3.2808520059      1.0040000000      11.6698586305      2.9478290424      0.0000000000
2.4725843098            3.2702733912      1.0060000000      11.6643601437      2.9467523227      0.0000000000
2.4719256128            3.2597963100      1.0080000000      11.6588755826      2.9456713471      0.0000000000
2.4712644751            3.2494195578      1.0100000000      11.6534049165      2.9445861817      0.0000000000
2.4706009360            3.2391419464      1.0120000000      11.6479481134      2.9434968913      0.0000000000
2.4699350344            3.2289623067      1.0140000000      11.6425051417      2.9424035404      0.0000000000
2.4692668084            3.2188794880      1.0160000000      11.6370759690      2.9413061918      0.0000000000
2.4685962962            3.2088923548      1.0180000000      11.6316605631      2.9402049085      0.0000000000
2.4679235353            3.1989997899      1.0200000000      11.6262588933      2.9390997529      0.0000000000
2.4672485629            3.1892006925      1.0220000000      11.6208709269      2.9379907866      0.0000000000
2.4665714153            3.1794939606      1.0240000000      11.6154966311      2.9368780694      0.0000000000
2.4658921289            3.1698785381      1.0260000000      11.6101359722      2.9357616621      0.0000000000
2.4652107391            3.1603533874      1.0280000000      11.6047889184      2.9346416230      0.0000000000
2.4645272816            3.1509174613      1.0300000000      11.5994554386      2.9335180118      0.0000000000
2.4638417914            3.1415697110      1.0320000000      11.5941355030      2.9323908864      0.0000000000
2.4631543027            3.1323091527      1.0340000000      11.5888290765      2.9312603038      0.0000000000
2.4624648498            3.1231348034      1.0360000000      11.5835361280      2.9301263211      0.0000000000
2.4617734663            3.1140456610      1.0380000000      11.5782566231      2.9289889942      0.0000000000
2.4610801854            3.1050407801      1.0400000000      11.5729905289      2.9278483783      0.0000000000
2.4603850402            3.0961192012      1.0420000000      11.5677378147      2.9267045289      0.0000000000
2.4596880630            3.0872799865      1.0440000000      11.5624984484      2.9255574995      0.0000000000
2.4589892862            3.0785222060      1.0460000000      11.5572723975      2.9244073443      0.0000000000
2.4582887414            3.0698449449      1.0480000000      11.5520596242      2.9232541162      0.0000000000
2.4575864600            3.0612473460      1.0500000000      11.5468600987      2.9220978677      0.0000000000
2.4568824732            3.0527284738      1.0520000000      11.5416737934      2.9209386508      0.0000000000
2.4561768111            3.0442874711      1.0540000000      11.5365006705      2.9197765159      0.0000000000
2.4554695046            3.0359235016      1.0560000000      11.5313406976      2.9186115149      0.0000000000
2.4547605834            3.0276357057      1.0580000000      11.5261938440      2.9174436975      0.0000000000
2.4540500769            3.0194232281      1.0600000000      11.5210600771      2.9162731129      0.0000000000
2.4533380148            3.0112852460      1.0620000000      11.5159393593      2.9150998110      0.0000000000
2.4526244256            3.0032209898      1.0640000000      11.5108316611      2.9139238397      0.0000000000
2.4519093380            2.9952296055      1.0660000000      11.5057369531      2.9127452469      0.0000000000
2.4511927800            2.9873103284      1.0680000000      11.5006551970      2.9115640801      0.0000000000
2.4504747799            2.9794623977      1.0700000000      11.4955863650      2.9103803867      0.0000000000
2.4497553650            2.9716849878      1.0720000000      11.4905304207      2.9091942124      0.0000000000
2.4490345626            2.9639774028      1.0740000000      11.4854873290      2.9080056035      0.0000000000
2.4483123996            2.9563388544      1.0760000000      11.4804570658      2.9068146052      0.0000000000
2.4475889025            2.9487686127      1.0780000000      11.4754395904      2.9056212621      0.0000000000
2.4468640980            2.9412659903      1.0800000000      11.4704348753      2.9044256194      0.0000000000
2.4461380117            2.9338301921      1.0820000000      11.4654428829      2.9032277200      0.0000000000
2.4454106691            2.9264605880      1.0840000000      11.4604635807      2.9020276072      0.0000000000
2.4446820963            2.9191564289      1.0860000000      11.4554969429      2.9008253252      0.0000000000
2.4439523177            2.9119170585      1.0880000000      11.4505429296      2.8996209149      0.0000000000
2.4432213586            2.9047417684      1.0900000000      11.4456015134      2.8984144192      0.0000000000
2.4424892433            2.8976299172      1.0920000000      11.4406726538      2.8972058793      0.0000000000
2.4417559957            2.8905808166      1.0940000000      11.4357563272      2.8959953357      0.0000000000
2.4410216403            2.8835938420      1.0960000000      11.4308524963      2.8947828300      0.0000000000
2.4402862004            2.8766683187      1.0980000000      11.4259611309      2.8935684015      0.0000000000
2.4395496994            2.8698036444      1.1000000000      11.4210821918      2.8923520900      0.0000000000
2.4388121606            2.8629991624      1.1020000000      11.4162156559      2.8911339349      0.0000000000
2.4380736068            2.8562542874      1.1040000000      11.4113614864      2.8899139752      0.0000000000
2.4373340605            2.8495683583      1.1060000000      11.4065196494      2.8886922486      0.0000000000
2.4365935439            2.8429408369      1.1080000000      11.4016901125      2.8874687935      0.0000000000
2.4358520793            2.8363710784      1.1100000000      11.3968728462      2.8862436474      0.0000000000
2.4351096884            2.8298585155      1.1120000000      11.3920678181      2.8850168472      0.0000000000
2.4343663926            2.8234025749      1.1140000000      11.3872749888      2.8837884295      0.0000000000
2.4336222134            2.8170026690      1.1160000000      11.3824943358      2.8825584309      0.0000000000
2.4328771717            2.8106582688      1.1180000000      11.3777258233      2.8813268872      0.0000000000
2.4321312885            2.8043687426      1.1200000000      11.3729694147      2.8800938338      0.0000000000
2.4313845841            2.7981336251      1.1220000000      11.3682250821      2.8788593056      0.0000000000
2.4306370790            2.7919523544      1.1240000000      11.3634927944      2.8776233375      0.0000000000
2.4298887930            2.7858243307      1.1260000000      11.3587725152      2.8763859635      0.0000000000
2.4291397463            2.7797491077      1.1280000000      11.3540642152      2.8751472179      0.0000000000
2.4283899584            2.7737261461      1.1300000000      11.3493678635      2.8739071341      0.0000000000
2.4276394487            2.7677548657      1.1320000000      11.3446834252      2.8726657453      0.0000000000
2.4268882363            2.7618348398      1.1340000000      11.3400108694      2.8714230842      0.0000000000
2.4261363400            2.7559655531      1.1360000000      11.3353501659      2.8701791830      0.0000000000
2.4253837789            2.7501464351      1.1380000000      11.3307012793      2.8689340743      0.0000000000
2.4246305712            2.7443770858      1.1400000000      11.3260641810      2.8676877897      0.0000000000
2.4238767353            2.7386570002      1.1420000000      11.3214388404      2.8664403602      0.0000000000
2.4231222892            2.7329856499      1.1440000000      11.3168252188      2.8651918171      0.0000000000
2.4223672509            2.7273626287      1.1460000000      11.3122232917      2.8639421910      0.0000000000
2.4216116378            2.7217874328      1.1480000000      11.3076330258      2.8626915120      0.0000000000
2.4208554678            2.7162596248      1.1500000000      11.3030543865      2.8614398108      0.0000000000
2.4200987576            2.7107787356      1.1520000000      11.2984873462      2.8601871161      0.0000000000
2.4193415246            2.7053442947      1.1540000000      11.2939318708      2.8589334577      0.0000000000
2.4185837854            2.6999559144      1.1560000000      11.2893879291      2.8576788644      0.0000000000
2.4178255570            2.6946131331      1.1580000000      11.2848554940      2.8564233654      0.0000000000
2.4170668555            2.6893154931      1.1600000000      11.2803345250      2.8551669883      0.0000000000
2.4163076975            2.6840625985      1.1620000000      11.2758250004      2.8539097618      0.0000000000
2.4155480988            2.6788539965      1.1640000000      11.2713268846      2.8526517134      0.0000000000
2.4147880755            2.6736893149      1.1660000000      11.2668401459      2.8513928702      0.0000000000
2.4140276431            2.6685681228      1.1680000000      11.2623647570      2.8501332597      0.0000000000
2.4132668173            2.6634900000      1.1700000000      11.2579006798      2.8488729085      0.0000000000
2.4125056132            2.6584545584      1.1720000000      11.2534478908      2.8476118428      0.0000000000
2.4117440463            2.6534613722      1.1740000000      11.2490063540      2.8463500895      0.0000000000
2.4109821313            2.6485101080      1.1760000000      11.2445760420      2.8450876741      0.0000000000
2.4102198831            2.6436003290      1.1780000000      11.2401569227      2.8438246221      0.0000000000
2.4094573166            2.6387316789      1.1800000000      11.2357489641      2.8425609594      0.0000000000
2.4086944457            2.6339037803      1.1820000000      11.2313521392      2.8412967101      0.0000000000
2.4079312851            2.6291162328      1.1840000000      11.2269664101      2.8400318996      0.0000000000
2.4071678491            2.6243687011      1.1860000000      11.2225917564      2.8387665528      0.0000000000
2.4064041511            2.6196607707      1.1880000000      11.2182281377      2.8375006929      0.0000000000
2.4056402055            2.6149921535      1.1900000000      11.2138755313      2.8362343448      0.0000000000
2.4048760255            2.6103624231      1.1920000000      11.2095339021      2.8349675314      0.0000000000
2.4041116248            2.6057712842      1.1940000000      11.2052032221      2.8337002765      0.0000000000
2.4033470166            2.6012183482      1.1960000000      11.2008834607      2.8324326031      0.0000000000
2.4025822142            2.5967032992      1.1980000000      11.1965745863      2.8311645343      0.0000000000
2.4018172306            2.5922257840      1.2000000000      11.1922765723      2.8298960927      0.0000000000
