# M(M_sol)                 Lambda          n_Bc(fm^-3)         R(km)            m_B(M_sol)        m_Bquar/M_B
0.1500139377     48814123.7534934506      0.0920000000      23.9813125289      0.1502237408      0.0000000000
0.1555425671     40917090.4437827319      0.0940000000      23.0442534322      0.1558281478      0.0000000000
0.1611418914     34535364.5483469293      0.0960000000      22.2343673036      0.1615086149      0.0000000000
0.1668089062     29323153.3144101091      0.0980000000      21.5281791833      0.1672622234      0.0000000000
0.1725413480     25028226.3761860542      0.1000000000      20.9075725873      0.1730868026      0.0000000000
0.1783375790     21462240.0204624496      0.1020000000      20.3583566405      0.1789808156      0.0000000000
0.1841965022     18481820.9881170057      0.1040000000      19.8692649585      0.1849432743      0.0000000000
0.1901174849     15976145.1490899865      0.1060000000      19.4312471215      0.1909736637      0.0000000000
0.1961003021     13858451.4756296519      0.1080000000      19.0369540552      0.1970718858      0.0000000000
0.2021450824     12060080.7591785360      0.1100000000      18.6803607927      0.2032382053      0.0000000000
0.2082522659     10526183.3146871701      0.1120000000      18.3564844380      0.2094732085      0.0000000000
0.2144225635      9212582.7344569881      0.1140000000      18.0611705597      0.2157777627      0.0000000000
0.2205584863      8099887.8328449382      0.1160000000      17.7949887030      0.2220522813      0.0000000000
0.2266660243      7150981.7598235430      0.1180000000      17.5536824450      0.2283028024      0.0000000000
0.2327819734      6332903.6310133934      0.1200000000      17.3327032188      0.2345669512      0.0000000000
0.2389192772      5623370.4918297278      0.1220000000      17.1292227618      0.2408580152      0.0000000000
0.2450862862      5005074.7528647976      0.1240000000      16.9410462338      0.2471846118      0.0000000000
0.2512894574      4464128.4597724397      0.1260000000      16.7663856972      0.2535534423      0.0000000000
0.2575342663      3989197.1812525955      0.1280000000      16.6037501507      0.2599702216      0.0000000000
0.2638256083      3570921.8285171925      0.1300000000      16.4518786863      0.2664400873      0.0000000000
0.2701680009      3201505.6980180983      0.1320000000      16.3096936147      0.2729678062      0.0000000000
0.2765656915      2874408.8131048456      0.1340000000      16.1762667098      0.2795578833      0.0000000000
0.2830227294      2584107.2040148210      0.1360000000      16.0507930828      0.2862146359      0.0000000000
0.2895429979      2325913.8284641923      0.1380000000      15.9325711788      0.2929422256      0.0000000000
0.2961302465      2095828.6694141647      0.1400000000      15.8209860352      0.2997446915      0.0000000000
0.3027880990      1890424.0598856350      0.1420000000      15.7154967051      0.3066259586      0.0000000000
0.3095200701      1706749.9064455850      0.1440000000      15.6156247465      0.3135898536      0.0000000000
0.3163295642      1542258.4040621740      0.1460000000      15.5209462537      0.3206401052      0.0000000000
0.3232198818      1394740.2073714833      0.1480000000      15.4310836649      0.3277803494      0.0000000000
0.3301942187      1262273.5404027633      0.1500000000      15.3456997036      0.3350141285      0.0000000000
0.3372556671      1143181.1311592369      0.1520000000      15.2644921306      0.3423448934      0.0000000000
0.3444072117      1035995.7351088884      0.1540000000      15.1871895931      0.3497759977      0.0000000000
0.3516517382       939429.1784431824      0.1560000000      15.1135471806      0.3573107081      0.0000000000
0.3589919950       852348.3757261507      0.1580000000      15.0433437392      0.3649521632      0.0000000000
0.3664306409       773753.8942167287      0.1600000000      14.9763786186      0.3727034234      0.0000000000
0.3739702100       702761.9974179842      0.1620000000      14.9124692642      0.3805674345      0.0000000000
0.3816131160       638590.0875682581      0.1640000000      14.8514495147      0.3885470316      0.0000000000
0.3893616458       580543.3555419164      0.1660000000      14.7931672179      0.3966449321      0.0000000000
0.3972179616       528003.7584149424      0.1680000000      14.7374827714      0.4048637383      0.0000000000
0.4051840923       480420.9471652505      0.1700000000      14.6842682071      0.4132059273      0.0000000000
0.4132619333       437303.4708268354      0.1720000000      14.6334050146      0.4216738507      0.0000000000
0.4214532414       398212.4201312603      0.1740000000      14.5847839741      0.4302697291      0.0000000000
0.4297596326       362754.7792580246      0.1760000000      14.5383035692      0.4389956496      0.0000000000
0.4381825723       330578.4193606673      0.1780000000      14.4938695331      0.4478535540      0.0000000000
0.4467234016       301367.2043272625      0.1800000000      14.4513936939      0.4568452675      0.0000000000
0.4553832900       274837.3633622064      0.1820000000      14.4107938422      0.4659724469      0.0000000000
0.4641632643       250733.5503698115      0.1840000000      14.3719927021      0.4752366115      0.0000000000
0.4730641969       228826.0037244816      0.1860000000      14.3349175634      0.4846391296      0.0000000000
0.4820868072       208907.6617615040      0.1880000000      14.2994999554      0.4941812194      0.0000000000
0.4912316563       190791.8439150396      0.1900000000      14.2656749480      0.5038639428      0.0000000000
0.5004991503       174310.0910258401      0.1920000000      14.2333811398      0.5136882081      0.0000000000
0.5098895366       159310.2346598009      0.1940000000      14.2025599457      0.5236547651      0.0000000000
0.5194029043       145654.8429806649      0.1960000000      14.1731557486      0.5337642049      0.0000000000
0.5290391836       133219.6278845406      0.1980000000      14.1451152683      0.5440169582      0.0000000000
0.5387981483       121892.1304744562      0.2000000000      14.1183875636      0.5544132972      0.0000000000
0.5486794128       111570.5997032710      0.2020000000      14.0929236860      0.5649533312      0.0000000000
0.5586824356       102162.9072100545      0.2040000000      14.0686767227      0.5756370094      0.0000000000
0.5688065198        93585.5810290730      0.2060000000      14.0456013939      0.5864641206      0.0000000000
0.5790508152        85762.9759731578      0.2080000000      14.0236540647      0.5974342941      0.0000000000
0.5894143181        78626.5318415033      0.2100000000      14.0027925285      0.6085469985      0.0000000000
0.5998958770        72114.0711458439      0.2120000000      13.9829761168      0.6198015468      0.0000000000
0.6104941918        66169.1888883796      0.2140000000      13.9641652477      0.6311970938      0.0000000000
0.6212078193        60740.7157633418      0.2160000000      13.9463217265      0.6427326418      0.0000000000
0.6320351731        55782.2100063762      0.2180000000      13.9294083538      0.6544070384      0.0000000000
0.6429745306        51251.5048572538      0.2200000000      13.9133890978      0.6662189835      0.0000000000
0.6540240341        47110.3205308958      0.2220000000      13.8982288995      0.6781670285      0.0000000000
0.6651816960        43323.8858110424      0.2240000000      13.8838936883      0.6902495816      0.0000000000
0.6764454019        39860.6134619422      0.2260000000      13.8703502894      0.7024649093      0.0000000000
0.6878129159        36691.8072803059      0.2280000000      13.8575664797      0.7148111411      0.0000000000
0.6992818845        33791.3871591829      0.2300000000      13.8455108320      0.7272862722      0.0000000000
0.7108498414        31135.6464180000      0.2320000000      13.8341527795      0.7398881683      0.0000000000
0.7225142133        28703.0320064938      0.2340000000      13.8234626107      0.7526145698      0.0000000000
0.7342723235        26473.9435120581      0.2360000000      13.8134112309      0.7654630950      0.0000000000
0.7461213980        24430.5588911101      0.2380000000      13.8039705218      0.7784312453      0.0000000000
0.7580585711        22556.6616946346      0.2400000000      13.7951130135      0.7915164104      0.0000000000
0.7700808892        20837.4975123931      0.2420000000      13.7868118919      0.8047158714      0.0000000000
0.7821853194        19259.6404005438      0.2440000000      13.7790412658      0.8180268089      0.0000000000
0.7943687511        17810.8671518693      0.2460000000      13.7717756843      0.8314463034      0.0000000000
0.8066280053        16480.0491139802      0.2480000000      13.7649906427      0.8449713456      0.0000000000
0.8189598372        15257.0544749239      0.2500000000      13.7586621360      0.8585988364      0.0000000000
0.8313609445        14132.6518619623      0.2520000000      13.7527669759      0.8723255971      0.0000000000
0.8438279711        13098.4317887706      0.2540000000      13.7472825507      0.8861483712      0.0000000000
0.8563575135        12146.7302622861      0.2560000000      13.7421868982      0.9000638310      0.0000000000
0.8689461269        11270.5613486268      0.2580000000      13.7374587809      0.9140685837      0.0000000000
0.8815903295        10463.5555409869      0.2600000000      13.7330774955      0.9281591748      0.0000000000
0.8942866098         9719.9035265267      0.2620000000      13.7290230813      0.9423320966      0.0000000000
0.9070314302         9034.3063753447      0.2640000000      13.7252761029      0.9565837901      0.0000000000
0.9198212337         8401.9276705718      0.2660000000      13.7218178085      0.9709106529      0.0000000000
0.9326524481         7818.3540977004      0.2680000000      13.7186300060      0.9853090427      0.0000000000
0.9455214922         7279.5548219198      0.2700000000      13.7156951004      0.9997752844      0.0000000000
0.9584247805         6781.8489295234      0.2720000000      13.7129961150      1.0143056739      0.0000000000
0.9713587273         6321.8740947096      0.2740000000      13.7105166390      1.0288964830      0.0000000000
0.9843197528         5896.5560911362      0.2760000000      13.7082407901      1.0435439657      0.0000000000
0.9973042869         5503.0856779862      0.2780000000      13.7061533405      1.0582443622      0.0000000000
1.0103087732         5138.8931955753      0.2800000000      13.7042394417      1.0729939031      0.0000000000
1.0233296754         4801.6281571677      0.2820000000      13.7024850333      1.0877888164      0.0000000000
1.0363634786         4489.1393915776      0.2840000000      13.7008763239      1.1026253287      0.0000000000
1.0494066957         4199.4572988080      0.2860000000      13.6994002152      1.1174996727      0.0000000000
1.0624558697         3930.7789322597      0.2880000000      13.6980440295      1.1324080895      0.0000000000
1.0755075785         3681.4517043486      0.2900000000      13.6967956630      1.1473468343      0.0000000000
1.0885584372         3449.9616312934      0.2920000000      13.6956434275      1.1623121787      0.0000000000
1.1016051026         3234.9204791015      0.2940000000      13.6945761531      1.1773004161      0.0000000000
1.1146442752         3035.0551206068      0.2960000000      13.6935831044      1.1923078644      0.0000000000
1.1276727032         2849.1969471749      0.2980000000      13.6926540176      1.2073308704      0.0000000000
1.1406871840         2676.2741273573      0.3000000000      13.6917790789      1.2223658121      0.0000000000
1.1536845685         2515.3017811145      0.3020000000      13.6909489319      1.2374091036      0.0000000000
1.1666617616         2365.3754776081      0.3040000000      13.6901545619      1.2524571964      0.0000000000
1.1796157262         2225.6640113068      0.3060000000      13.6893874551      1.2675065835      0.0000000000
1.1925434835         2095.4031537663      0.3080000000      13.6886394350      1.2825538016      0.0000000000
1.2054421173         1973.8900270506      0.3100000000      13.6879027518      1.2975954352      0.0000000000
1.2183087712         1860.4778556228      0.3120000000      13.6871699949      1.3126281146      0.0000000000
1.2311406562         1754.5712846025      0.3140000000      13.6864341657      1.3276485245      0.0000000000
1.2439350477         1655.6220623039      0.3160000000      13.6856885950      1.3426534019      0.0000000000
1.2566892881         1563.1250740146      0.3180000000      13.6849269534      1.3576395391      0.0000000000
1.2694007880         1476.6146592784      0.3200000000      13.6841432668      1.3726037860      0.0000000000
1.2820670267         1395.6615589804      0.3220000000      13.6833318757      1.3875430510      0.0000000000
1.2946855534         1319.8696705775      0.3240000000      13.6824874104      1.4024543033      0.0000000000
1.3072539876         1248.8735049492      0.3260000000      13.6816048417      1.4173345736      0.0000000000
1.3197700194         1182.3355509267      0.3280000000      13.6806794284      1.4321809560      0.0000000000
1.3322314105         1119.9440069180      0.3300000000      13.6797066820      1.4469906087      0.0000000000
1.3446359935         1061.4108322342      0.3320000000      13.6786824118      1.4617607548      0.0000000000
1.3569816733         1006.4695728640      0.3340000000      13.6776026935      1.4764886841      0.0000000000
1.3692664257          954.8739371165      0.3360000000      13.6764638304      1.4911717525      0.0000000000
1.3814882983          906.3959047597      0.3380000000      13.6752624179      1.5058073839      0.0000000000
1.3936454116          860.8243754876      0.3400000000      13.6739952321      1.5203930713      0.0000000000
1.4057359522          817.9638915117      0.3420000000      13.6726593119      1.5349263710      0.0000000000
1.4177581821          777.6332945527      0.3440000000      13.6712519204      1.5494049130      0.0000000000
1.4297104319          739.6646226262      0.3460000000      13.6697704865      1.5638263944      0.0000000000
1.4415911015          703.9021815146      0.3480000000      13.6682126864      1.5781885806      0.0000000000
1.4533986599          670.2014712905      0.3500000000      13.6665763553      1.5924893063      0.0000000000
1.4651316441          638.4283451673      0.3520000000      13.6648595477      1.6067264745      0.0000000000
1.4767886588          608.4581917389      0.3540000000      13.6630604541      1.6208980567      0.0000000000
1.4883683750          580.1753200936      0.3560000000      13.6611774740      1.6350020927      0.0000000000
1.4998695296          553.4721366251      0.3580000000      13.6592091506      1.6490366900      0.0000000000
1.5112909238          528.2486197420      0.3600000000      13.6571541622      1.6630000230      0.0000000000
1.5226314215          504.4116782551      0.3620000000      13.6550113888      1.6768903320      0.0000000000
1.5338899535          481.8746834574      0.3640000000      13.6527798159      1.6907059286      0.0000000000
1.5450655077          460.5570118931      0.3660000000      13.6504585630      1.7044451843      0.0000000000
1.5561571339          440.3834923133      0.3680000000      13.6480468679      1.7181065380      0.0000000000
1.5671639413          421.2841017119      0.3700000000      13.6455441267      1.7316884923      0.0000000000
1.5780850972          403.1935610388      0.3720000000      13.6429498321      1.7451896139      0.0000000000
1.5889198257          386.0509763797      0.3740000000      13.6402635983      1.7586085316      0.0000000000
1.5996674066          369.7994931578      0.3760000000      13.6374851092      1.7719439361      0.0000000000
1.6103271744          354.3860620446      0.3780000000      13.6346142134      1.7851945792      0.0000000000
1.6208985163          339.7611386091      0.3800000000      13.6316507999      1.7983592725      0.0000000000
1.6313808718          325.8784010453      0.3820000000      13.6285948675      1.8114368864      0.0000000000
1.6417737308          312.6945793043      0.3840000000      13.6254464949      1.8244263496      0.0000000000
1.6520766325          300.1691872300      0.3860000000      13.6222058533      1.8373266474      0.0000000000
1.6622891644          288.2643538953      0.3880000000      13.6188731923      1.8501368214      0.0000000000
1.6724109603          276.9446378263      0.3900000000      13.6154488035      1.8628559676      0.0000000000
1.6824416998          266.1768434698      0.3920000000      13.6119330826      1.8754832361      0.0000000000
1.6923811066          255.9298819592      0.3940000000      13.6083264733      1.8880178295      0.0000000000
1.7022289470          246.1746096296      0.3960000000      13.6046294767      1.9004590019      0.0000000000
1.7119850292          236.8837196397      0.3980000000      13.6008426628      1.9128060578      0.0000000000
1.7216492015          228.0315864370      0.4000000000      13.5969666415      1.9250583513      0.0000000000
1.7312213514          219.5941675800      0.4020000000      13.5930020646      1.9372152844      0.0000000000
1.7407014041          211.5489006024      0.4040000000      13.5889496558      1.9492763061      0.0000000000
1.7500893214          203.8745904543      0.4060000000      13.5848101809      1.9612409117      0.0000000000
1.7593851004          196.5513382970      0.4080000000      13.5805844236      1.9731086406      0.0000000000
1.7685887724          189.5604371288      0.4100000000      13.5762732082      1.9848790764      0.0000000000
1.7777004017          182.8842810321      0.4120000000      13.5718774158      1.9965518452      0.0000000000
1.7867200841          176.5063429703      0.4140000000      13.5673979378      2.0081266141      0.0000000000
1.7956479463          170.4110568142      0.4160000000      13.5628357100      2.0196030906      0.0000000000
1.8044841444          164.5837601506      0.4180000000      13.5581916749      2.0309810216      0.0000000000
1.8132288628          159.0106657434      0.4200000000      13.5534668263      2.0422601917      0.0000000000
1.8218823131          153.6787750499      0.4220000000      13.5486621656      2.0534404227      0.0000000000
1.8304447333          148.5758409532      0.4240000000      13.5437787263      2.0645215723      0.0000000000
1.8389163863          143.6903218439      0.4260000000      13.5388175340      2.0755035326      0.0000000000
1.8472975593          139.0113194696      0.4280000000      13.5337796607      2.0863862299      0.0000000000
1.8555885625          134.5285692618      0.4300000000      13.5286661739      2.0971696230      0.0000000000
1.8637897280          130.2323765111      0.4320000000      13.5234781744      2.1078537024      0.0000000000
1.8719014094          126.1135917261      0.4340000000      13.5182167602      2.1184384890      0.0000000000
1.8799239801          122.1635602264      0.4360000000      13.5128830368      2.1289240338      0.0000000000
1.8878578330          118.3741276937      0.4380000000      13.5074781261      2.1393104161      0.0000000000
1.8957033794          114.7375684742      0.4400000000      13.5020031661      2.1495977430      0.0000000000
1.9034610478          111.2465860634      0.4420000000      13.4964592777      2.1597861482      0.0000000000
1.9111312836          107.8942772753      0.4440000000      13.4908476005      2.1698757915      0.0000000000
1.9187145477          104.6741142717      0.4460000000      13.4851692747      2.1798668571      0.0000000000
1.9262113164          101.5799156795      0.4480000000      13.4794254521      2.1897595537      0.0000000000
1.9336220798           98.6058271759      0.4500000000      13.4736172722      2.1995541126      0.0000000000
1.9409473418           95.7463061180      0.4520000000      13.4677458952      2.2092507878      0.0000000000
1.9481876184           92.9961034857      0.4540000000      13.4618124426      2.2188498540      0.0000000000
1.9553434381           90.3502417726      0.4560000000      13.4558180791      2.2283516071      0.0000000000
1.9624153405           87.8040002576      0.4580000000      13.4497639430      2.2377563624      0.0000000000
1.9694038756           85.3529076510      0.4600000000      13.4436511645      2.2470644539      0.0000000000
1.9763096036           82.9927151657      0.4620000000      13.4374808853      2.2562762343      0.0000000000
1.9831330938           80.7193975172      0.4640000000      13.4312542358      2.2653920732      0.0000000000
1.9898749242           78.5291248164      0.4660000000      13.4249723348      2.2744123571      0.0000000000
1.9965356809           76.4182695138      0.4680000000      13.4186363177      2.2833374882      0.0000000000
2.0031159573           74.3833782767      0.4700000000      13.4122472828      2.2921678842      0.0000000000
2.0096163541           72.4211730040      0.4720000000      13.4058063494      2.3009039771      0.0000000000
2.0160374779           70.5285391052      0.4740000000      13.3993146102      2.3095462127      0.0000000000
2.0223799416           68.7025118717      0.4760000000      13.3927731559      2.3180950503      0.0000000000
2.0286443632           66.9402724474      0.4780000000      13.3861830688      2.3265509615      0.0000000000
2.0348313655           65.2391399321      0.4800000000      13.3795454243      2.3349144297      0.0000000000
2.0409415760           63.5965636049      0.4820000000      13.3728612939      2.3431859502      0.0000000000
2.0469756259           62.0101124010      0.4840000000      13.3661317289      2.3513660283      0.0000000000
2.0529341500           60.4774725652      0.4860000000      13.3593577763      2.3594551803      0.0000000000
2.0588177861           58.9964423993      0.4880000000      13.3525404763      2.3674539315      0.0000000000
2.0646271748           57.5649199484      0.4900000000      13.3456808516      2.3753628165      0.0000000000
2.0703629590           56.1809044610      0.4920000000      13.3387799205      2.3831823785      0.0000000000
2.0760257835           54.8424888491      0.4940000000      13.3318386884      2.3909131688      0.0000000000
2.0816162945           53.5478524546      0.4960000000      13.3248581522      2.3985557463      0.0000000000
2.0871351397           52.2952592077      0.4980000000      13.3178392848      2.4061106767      0.0000000000
2.0925829675           51.0830522533      0.5000000000      13.3107830640      2.4135785327      0.0000000000
2.0979604270           49.9096517658      0.5020000000      13.3036904515      2.4209598932      0.0000000000
2.1032681674           48.7735484820      0.5040000000      13.2965623982      2.4282553424      0.0000000000
2.1085068382           47.6733005323      0.5060000000      13.2893998469      2.4354654704      0.0000000000
2.1136770881           46.6075290523      0.5080000000      13.2822037103      2.4425908719      0.0000000000
2.1187795657           45.5749212236      0.5100000000      13.2749749187      2.4496321462      0.0000000000
2.1238149185           44.5742161923      0.5120000000      13.2677143548      2.4565898967      0.0000000000
2.1287837931           43.6042140542      0.5140000000      13.2604229234      2.4634647309      0.0000000000
2.1336868349           42.6637641262      0.5160000000      13.2531015117      2.4702572595      0.0000000000
2.1385246873           41.7517670322      0.5180000000      13.2457509698      2.4769680963      0.0000000000
2.1432979924           40.8671701583      0.5200000000      13.2383721521      2.4835978575      0.0000000000
2.1480073904           40.0089659198      0.5220000000      13.2309659127      2.4901471627      0.0000000000
2.1526535191           39.1761902926      0.5240000000      13.2235330756      2.4966166327      0.0000000000
2.1572370142           38.3679204719      0.5260000000      13.2160744604      2.5030068906      0.0000000000
2.1617585088           37.5832723535      0.5280000000      13.2085908817      2.5093185611      0.0000000000
2.1662186334           36.8214000480      0.5300000000      13.2010831220      2.5155522698      0.0000000000
2.1706180157           36.0814893206      0.5320000000      13.1935519778      2.5217086437      0.0000000000
2.1749572805           35.3627640147      0.5340000000      13.1859982157      2.5277883105      0.0000000000
2.1792370494           34.6644785176      0.5360000000      13.1784225908      2.5337918981      0.0000000000
2.1834579410           33.9859170804      0.5380000000      13.1708258660      2.5397200351      0.0000000000
2.1876205703           33.3263930778      0.5400000000      13.1632087569      2.5455733499      0.0000000000
2.1917255489           32.6852499643      0.5420000000      13.1555720022      2.5513524707      0.0000000000
2.1957734850           32.0618539324      0.5440000000      13.1479163225      2.5570580256      0.0000000000
2.1997649829           31.4556010194      0.5460000000      13.1402424063      2.5626906418      0.0000000000
2.2037006431           30.8659084185      0.5480000000      13.1325509497      2.5682509458      0.0000000000
2.2075810626           30.2922166214      0.5500000000      13.1248426327      2.5737395631      0.0000000000
2.2114068341           29.7339894860      0.5520000000      13.1171181249      2.5791571185      0.0000000000
2.2151785463           29.1907114243      0.5540000000      13.1093780855      2.5845042349      0.0000000000
2.2188967839           28.6618863787      0.5560000000      13.1016231596      2.5897815338      0.0000000000
2.2225621272           28.1470387776      0.5580000000      13.0938539873      2.5949896354      0.0000000000
2.2261751528           27.6457093464      0.5600000000      13.0860711847      2.6001291580      0.0000000000
2.2297364324           27.1574592237      0.5620000000      13.0782753760      2.6052007179      0.0000000000
2.2332465336           26.6818638795      0.5640000000      13.0704671639      2.6102049293      0.0000000000
2.2367060197           26.2185165178      0.5660000000      13.0626471390      2.6151424044      0.0000000000
2.2401154494           25.7670252262      0.5680000000      13.0548158895      2.6200137531      0.0000000000
2.2434753767           25.3270125879      0.5700000000      13.0469739882      2.6248195823      0.0000000000
2.2467863516           24.8981150129      0.5720000000      13.0391219933      2.6295604972      0.0000000000
2.2500489192           24.4799833135      0.5740000000      13.0312604653      2.6342370999      0.0000000000
2.2532636200           24.0722810734      0.5760000000      13.0233899454      2.6388499899      0.0000000000
2.2564309899           23.6746840788      0.5780000000      13.0155109645      2.6433997635      0.0000000000
2.2595515602           23.2868790272      0.5800000000      13.0076240560      2.6478870145      0.0000000000
2.2626258577           22.9085657981      0.5820000000      12.9997297287      2.6523123335      0.0000000000
2.2656544042           22.5394539654      0.5840000000      12.9918284882      2.6566763080      0.0000000000
2.2686377169           22.1792639678      0.5860000000      12.9839208330      2.6609795221      0.0000000000
2.2715763086           21.8277258907      0.5880000000      12.9760072523      2.6652225574      0.0000000000
2.2744706870           21.4845797643      0.5900000000      12.9680882266      2.6694059911      0.0000000000
2.2773213552           21.1495755184      0.5920000000      12.9601642203      2.6735303978      0.0000000000
2.2801288117           20.8224700834      0.5940000000      12.9522356912      2.6775963482      0.0000000000
2.2828935502           20.5030311937      0.5960000000      12.9443030985      2.6816044099      0.0000000000
2.2856160597           20.1910327644      0.5980000000      12.9363668916      2.6855551467      0.0000000000
2.2882968244           19.8862575868      0.6000000000      12.9284274921      2.6894491187      0.0000000000
2.2909363240           19.5884955188      0.6020000000      12.9204853440      2.6932868828      0.0000000000
2.2935350329           19.2975446166      0.6040000000      12.9125408463      2.6970689910      0.0000000000
2.2960934219           19.0132080478      0.6060000000      12.9045944300      2.7007959933      0.0000000000
2.2986119561           18.7352978972      0.6080000000      12.8966464910      2.7044684347      0.0000000000
2.3010910964           18.4636300955      0.6100000000      12.8886974181      2.7080868567      0.0000000000
2.3035312990           18.1980293106      0.6120000000      12.8807476107      2.7116517970      0.0000000000
2.3059330154           17.9383243183      0.6140000000      12.8727974425      2.7151637894      0.0000000000
2.3082966925           17.6843504591      0.6160000000      12.8648472868      2.7186233637      0.0000000000
2.3106227725           17.4359484030      0.6180000000      12.8568975134      2.7220310461      0.0000000000
2.3129116934           17.1929635563      0.6200000000      12.8489484803      2.7253873586      0.0000000000
2.3151638881           16.9552470853      0.6220000000      12.8410005335      2.7286928190      0.0000000000
2.3173797853           16.7226545343      0.6240000000      12.8330540218      2.7319479416      0.0000000000
2.3195598092           16.4950465533      0.6260000000      12.8251092798      2.7351532365      0.0000000000
2.3217043793           16.2722881582      0.6280000000      12.8171666400      2.7383092098      0.0000000000
2.3238139108           16.0542487621      0.6300000000      12.8092264270      2.7414163635      0.0000000000
2.3258888145           15.8408017125      0.6320000000      12.8012889645      2.7444751957      0.0000000000
2.3279294967           15.6318246646      0.6340000000      12.7933545565      2.7474862006      0.0000000000
2.3299363593           15.4271992225      0.6360000000      12.7854235093      2.7504498679      0.0000000000
2.3319097999           15.2268103708      0.6380000000      12.7774961137      2.7533666836      0.0000000000
2.3338502116           15.0305468002      0.6400000000      12.7695726787      2.7562371298      0.0000000000
2.3357579836           14.8383012230      0.6420000000      12.7616534820      2.7590616842      0.0000000000
2.3376335006           14.6499691200      0.6440000000      12.7537387979      2.7618408210      0.0000000000
2.3394771429           14.4654490509      0.6460000000      12.7458289178      2.7645750094      0.0000000000
2.3412892867           14.2846436460      0.6480000000      12.7379240860      2.7672647154      0.0000000000
2.3430703043           14.1074571481      0.6500000000      12.7300245946      2.7699104009      0.0000000000
2.3448205637           13.9337981984      0.6520000000      12.7221306756      2.7725125237      0.0000000000
2.3465404286           13.7635769854      0.6540000000      12.7142426005      2.7750715375      0.0000000000
2.3482302588           13.5967074037      0.6560000000      12.7063606091      2.7775878917      0.0000000000
2.3498904102           13.4331050222      0.6580000000      12.6984849309      2.7800620323      0.0000000000
2.3515212344           13.2726885352      0.6600000000      12.6906158268      2.7824944011      0.0000000000
2.3531230794           13.1153789282      0.6620000000      12.6827535104      2.7848854359      0.0000000000
2.3546962886           12.9610997777      0.6640000000      12.6748982147      2.7872355702      0.0000000000
2.3562412025           12.8097764408      0.6660000000      12.6670501528      2.7895452343      0.0000000000
2.3577581568           12.6613364488      0.6680000000      12.6592095521      2.7918148539      0.0000000000
2.3592474840           12.5157099285      0.6700000000      12.6513766228      2.7940448513      0.0000000000
2.3607095125           12.3728288726      0.6720000000      12.6435515690      2.7962356446      0.0000000000
2.3621445669           12.2326272729      0.6740000000      12.6357345926      2.7983876481      0.0000000000
2.3635529684           12.0950408521      0.6760000000      12.6279258925      2.8005012723      0.0000000000
2.3649350342           11.9600072316      0.6780000000      12.6201256630      2.8025769238      0.0000000000
2.3662910778           11.8274659060      0.6800000000      12.6123340925      2.8046150053      0.0000000000
2.3676214094           11.6973580943      0.6820000000      12.6045513658      2.8066159158      0.0000000000
2.3689263354           11.5696266657      0.6840000000      12.5967776668      2.8085800508      0.0000000000
2.3702061587           11.4442157225      0.6860000000      12.5890131663      2.8105078015      0.0000000000
2.3714611788           11.3210714833      0.6880000000      12.5812580438      2.8123995559      0.0000000000
2.3726916914           11.2001417222      0.6900000000      12.5735124634      2.8142556977      0.0000000000
2.3738979891           11.0813752675      0.6920000000      12.5657765927      2.8160766076      0.0000000000
2.3750803610           10.9647226257      0.6940000000      12.5580505874      2.8178626621      0.0000000000
2.3762390928           10.8501352062      0.6960000000      12.5503346107      2.8196142343      0.0000000000
2.3773744667           10.7375663976      0.6980000000      12.5426288114      2.8213316935      0.0000000000
2.3784867619           10.6269706837      0.7000000000      12.5349333412      2.8230154055      0.0000000000
2.3795762543           10.5183034066      0.7020000000      12.5272483484      2.8246657331      0.0000000000
2.3806432161           10.4115215531      0.7040000000      12.5195739758      2.8262830339      0.0000000000
2.3816879171           10.3065831459      0.7060000000      12.5119103513      2.8278676641      0.0000000000
2.3827106232           10.2034472935      0.7080000000      12.5042576281      2.8294199750      0.0000000000
2.3837115977           10.1020740013      0.7100000000      12.4966159212      2.8309403149      0.0000000000
2.3846911005           10.0024248618      0.7120000000      12.4889853769      2.8324290285      0.0000000000
2.3856493884            9.9044618750      0.7140000000      12.4813661058      2.8338864573      0.0000000000
2.3865867154            9.8081486382      0.7160000000      12.4737582424      2.8353129390      0.0000000000
2.3875033324            9.7134492876      0.7180000000      12.4661618994      2.8367088082      0.0000000000
2.3883994873            9.6203289563      0.7200000000      12.4585771956      2.8380743966      0.0000000000
2.3892754251            9.5287537103      0.7220000000      12.4510042492      2.8394100315      0.0000000000
2.3901313880            9.4386907799      0.7240000000      12.4434431640      2.8407160380      0.0000000000
2.3909676151            9.3501077596      0.7260000000      12.4358940480      2.8419927372      0.0000000000
2.3917843430            9.2629734011      0.7280000000      12.4283570126      2.8432404475      0.0000000000
2.3925818051            9.1772571350      0.7300000000      12.4208321569      2.8444594835      0.0000000000
2.3933602325            9.0929294508      0.7320000000      12.4133195808      2.8456501572      0.0000000000
2.3941198530            9.0099609984      0.7340000000      12.4058193759      2.8468127771      0.0000000000
2.3948608923            8.9283236791      0.7360000000      12.3983316419      2.8479476486      0.0000000000
2.3955835730            8.8479899520      0.7380000000      12.3908564710      2.8490550740      0.0000000000
2.3962881152            8.7689328937      0.7400000000      12.3833939554      2.8501353528      0.0000000000
2.3969747364            8.6911264838      0.7420000000      12.3759441735      2.8511887810      0.0000000000
2.3976436516            8.6145450385      0.7440000000      12.3685072142      2.8522156520      0.0000000000
2.3982950729            8.5391636900      0.7460000000      12.3610831594      2.8532162558      0.0000000000
2.3989292103            8.4649581226      0.7480000000      12.3536720885      2.8541908796      0.0000000000
2.3995462711            8.3919046785      0.7500000000      12.3462740787      2.8551398079      0.0000000000
2.4001464600            8.3199802498      0.7520000000      12.3388892053      2.8560633217      0.0000000000
2.4007299797            8.2491622512      0.7540000000      12.3315175411      2.8569616998      0.0000000000
2.4012970301            8.1794287067      0.7560000000      12.3241591554      2.8578352177      0.0000000000
2.4018478087            8.1107581672      0.7580000000      12.3168141181      2.8586841480      0.0000000000
2.4023825112            8.0431297338      0.7600000000      12.3094824957      2.8595087611      0.0000000000
2.4029013300            7.9765227858      0.7620000000      12.3021643560      2.8603093233      0.0000000000
2.4034044563            7.9109173796      0.7640000000      12.2948597527      2.8610861001      0.0000000000
2.4038920782            7.8462941832      0.7660000000      12.2875687513      2.8618393522      0.0000000000
2.4043643817            7.7826340868      0.7680000000      12.2802914117      2.8625693386      0.0000000000
2.4048215513            7.7199185804      0.7700000000      12.2730277889      2.8632763163      0.0000000000
2.4052637685            7.6581293840      0.7720000000      12.2657779404      2.8639605386      0.0000000000
2.4056912126            7.5972488758      0.7740000000      12.2585419118      2.8646222559      0.0000000000
2.4061040614            7.5372596729      0.7760000000      12.2513197612      2.8652617171      0.0000000000
2.4065024903            7.4781450527      0.7780000000      12.2441115386      2.8658791679      0.0000000000
2.4068866724            7.4198882733      0.7800000000      12.2369172830      2.8664748514      0.0000000000
2.4072567789            7.3624733563      0.7820000000      12.2297370482      2.8670490082      0.0000000000
2.4076129790            7.3058844865      0.7840000000      12.2225708784      2.8676018766      0.0000000000
2.4079554400            7.2501062943      0.7860000000      12.2154188113      2.8681336923      0.0000000000
2.4082843270            7.1951237454      0.7880000000      12.2082808925      2.8686446884      0.0000000000
2.4085998032            7.1409219613      0.7900000000      12.2011571575      2.8691350957      0.0000000000
2.4089020300            7.0874868441      0.7920000000      12.1940476483      2.8696051429      0.0000000000
2.4091911665            7.0348040119      0.7940000000      12.1869523988      2.8700550552      0.0000000000
2.4094673704            6.9828600948      0.7960000000      12.1798714446      2.8704850568      0.0000000000
2.4097307972            6.9316413300      0.7980000000      12.1728048200      2.8708953690      0.0000000000
2.4099816007            6.8811348601      0.8000000000      12.1657525557      2.8712862104      0.0000000000
2.4102199330            6.8313275726      0.8020000000      12.1587146837      2.8716577980      0.0000000000
2.4104459439            6.7822072000      0.8040000000      12.1516912340      2.8720103459      0.0000000000
2.4106597821            6.7337610938      0.8060000000      12.1446822296      2.8723440665      0.0000000000
2.4108615939            6.6859775932      0.8080000000      12.1376877025      2.8726591692      0.0000000000
2.4110515245            6.6388447170      0.8100000000      12.1307076767      2.8729558625      0.0000000000
2.4112297167            6.5923511281      0.8120000000      12.1237421764      2.8732343513      0.0000000000
2.4113963121            6.5464854663      0.8140000000      12.1167912245      2.8734948388      0.0000000000
2.4115514506            6.5012367093      0.8160000000      12.1098548402      2.8737375269      0.0000000000
2.4116952703            6.4565941721      0.8180000000      12.1029330486      2.8739626144      0.0000000000
2.4118279075            6.4125472911      0.8200000000      12.0960258649      2.8741702980      0.0000000000
2.4119494974            6.3690857353      0.8220000000      12.0891333101      2.8743607732      0.0000000000
2.4120601730            6.3261993650      0.8240000000      12.0822553993      2.8745342324      0.0000000000
2.4121600661            6.2838783578      0.8260000000      12.0753921496      2.8746908666      0.0000000000
2.4122493070            6.2421130799      0.8280000000      12.0685435758      2.8748308649      0.0000000000
2.4123280242            6.2008940374      0.8300000000      12.0617096916      2.8749544136      0.0000000000
2.4123963449            6.1602118101      0.8320000000      12.0548905073      2.8750616982      0.0000000000
2.4124543946            6.1200574719      0.8340000000      12.0480860403      2.8751529014      0.0000000000
2.4125022976            6.0804221191      0.8360000000      12.0412962943      2.8752282040      0.0000000000
2.4125401766            6.0412970648      0.8380000000      12.0345212863      2.8752877856      0.0000000000
2.4125681527            6.0026737311      0.8400000000      12.0277610232      2.8753318231      0.0000000000
2.4125863457            5.9645437557      0.8420000000      12.0210155091      2.8753604917      0.0000000000
2.4125948742            5.9268989472      0.8440000000      12.0142847514      2.8753739655      0.0000000000
2.4125938549            5.8897313003      0.8460000000      12.0075687600      2.8753724151      0.0000000000
2.4125834038            5.8530329875      0.8480000000      12.0008675393      2.8753560116      0.0000000000
2.4125636350            5.8167963600      0.8500000000      11.9941810926      2.8753249226      0.0000000000
2.4125346614            5.7810138395      0.8520000000      11.9875094234      2.8752793141      0.0000000000
2.4124965947            5.7456780494      0.8540000000      11.9808525335      2.8752193508      0.0000000000
2.4124495452            5.7107817383      0.8560000000      11.9742104259      2.8751451957      0.0000000000
2.4123936220            5.6763177971      0.8580000000      11.9675831020      2.8750570100      0.0000000000
2.4123289328            5.6422792739      0.8600000000      11.9609705617      2.8749549529      0.0000000000
2.4122555840            5.6086593636      0.8620000000      11.9543728049      2.8748391821      0.0000000000
2.4121736811            5.5754513898      0.8640000000      11.9477898306      2.8747098539      0.0000000000
2.4120833278            5.5426488038      0.8660000000      11.9412216364      2.8745671224      0.0000000000
2.4119846270            5.5102451978      0.8680000000      11.9346682192      2.8744111405      0.0000000000
2.4118776805            5.4782342875      0.8700000000      11.9281295759      2.8742420596      0.0000000000
2.4117625886            5.4466098849      0.8720000000      11.9216057029      2.8740600291      0.0000000000
2.4116394505            5.4153659470      0.8740000000      11.9150965961      2.8738651970      0.0000000000
2.4115083643            5.3844964570      0.8760000000      11.9086022484      2.8736577097      0.0000000000
2.4113694271            5.3539956378      0.8780000000      11.9021226544      2.8734377125      0.0000000000
2.4112227346            5.3238578369      0.8800000000      11.8956578066      2.8732053483      0.0000000000
2.4110683816            5.2940774883      0.8820000000      11.8892077002      2.8729607593      0.0000000000
2.4109064617            5.2646489513      0.8840000000      11.8827723275      2.8727040860      0.0000000000
2.4107370673            5.2355669342      0.8860000000      11.8763516796      2.8724354667      0.0000000000
2.4105602902            5.2068261909      0.8880000000      11.8699457467      2.8721550395      0.0000000000
2.4103762204            5.1784213861      0.8900000000      11.8635545151      2.8718629399      0.0000000000
2.4101849476            5.1503475349      0.8920000000      11.8571779800      2.8715593031      0.0000000000
2.4099865598            5.1225996362      0.8940000000      11.8508161300      2.8712442616      0.0000000000
2.4097811446            5.0951727998      0.8960000000      11.8444689573      2.8709179474      0.0000000000
2.4095687881            5.0680621792      0.8980000000      11.8381364415      2.8705804911      0.0000000000
2.4093495756            5.0412630632      0.9000000000      11.8318185751      2.8702320212      0.0000000000
2.4091235915            5.0147707993      0.9020000000      11.8255153454      2.8698726658      0.0000000000
2.4088909193            4.9885809224      0.9040000000      11.8192267461      2.8695025512      0.0000000000
2.4086516410            4.9626888506      0.9060000000      11.8129527468      2.8691218020      0.0000000000
2.4084058383            4.9370903113      0.9080000000      11.8066933454      2.8687305422      0.0000000000
2.4081535915            4.9117808814      0.9100000000      11.8004485317      2.8683288939      0.0000000000
2.4078949805            4.8867564629      0.9120000000      11.7942182763      2.8679169785      0.0000000000
2.4076300836            4.8620128550      0.9140000000      11.7880025727      2.8674949156      0.0000000000
2.4073589786            4.8375459101      0.9160000000      11.7818014103      2.8670628235      0.0000000000
2.4070817426            4.8133517469      0.9180000000      11.7756147569      2.8666208199      0.0000000000
2.4067984516            4.7894264244      0.9200000000      11.7694426078      2.8661690212      0.0000000000
2.4065091803            4.7657659237      0.9220000000      11.7632849492      2.8657075413      0.0000000000
2.4062140032            4.7423666688      0.9240000000      11.7571417512      2.8652364946      0.0000000000
2.4059129938            4.7192248634      0.9260000000      11.7510130048      2.8647559934      0.0000000000
2.4056062245            4.6963367701      0.9280000000      11.7448986864      2.8642661488      0.0000000000
2.4052937671            4.6736989290      0.9300000000      11.7387987798      2.8637670709      0.0000000000
2.4049756925            4.6513076468      0.9320000000      11.7327132727      2.8632588691      0.0000000000
2.4046520707            4.6291596318      0.9340000000      11.7266421330      2.8627416507      0.0000000000
2.4043229713            4.6072513691      0.9360000000      11.7205853546      2.8622155230      0.0000000000
2.4039884624            4.5855795493      0.9380000000      11.7145429028      2.8616805909      0.0000000000
2.4036486121            4.5641408957      0.9400000000      11.7085147724      2.8611369595      0.0000000000
2.4033034870            4.5429321229      0.9420000000      11.7025009273      2.8605847315      0.0000000000
2.4029531537            4.5219501321      0.9440000000      11.6965013619      2.8600240099      0.0000000000
2.4025976774            4.5011917065      0.9460000000      11.6905160410      2.8594548956      0.0000000000
2.4022371228            4.4806538773      0.9480000000      11.6845449561      2.8588774885      0.0000000000
2.4018715541            4.4603335452      0.9500000000      11.6785880733      2.8582918885      0.0000000000
2.4015010342            4.4402278192      0.9520000000      11.6726453820      2.8576981930      0.0000000000
2.4011256259            4.4203337408      0.9540000000      11.6667168479      2.8570964992      0.0000000000
2.4007453908            4.4006484591      0.9560000000      11.6608024600      2.8564869033      0.0000000000
2.4003603903            4.3811691741      0.9580000000      11.6549021860      2.8558695004      0.0000000000
2.3999706846            4.3618930402      0.9600000000      11.6490160116      2.8552443844      0.0000000000
2.3995763334            4.3428174184      0.9620000000      11.6431439083      2.8546116483      0.0000000000
2.3991773959            4.3239395465      0.9640000000      11.6372858490      2.8539713845      0.0000000000
2.3987739306            4.3052568887      0.9660000000      11.6314418194      2.8533236842      0.0000000000
2.3983659951            4.2867668678      0.9680000000      11.6256117832      2.8526686372      0.0000000000
2.3979536466            4.2684668593      0.9700000000      11.6197957290      2.8520063332      0.0000000000
2.3975369414            4.2503543534      0.9720000000      11.6139936264      2.8513368603      0.0000000000
2.3971159354            4.2324269204      0.9740000000      11.6082054462      2.8506603057      0.0000000000
2.3966906839            4.2146821676      0.9760000000      11.6024311709      2.8499767564      0.0000000000
2.3962612413            4.1971176963      0.9780000000      11.5966707739      2.8492862979      0.0000000000
2.3958276616            4.1797311015      0.9800000000      11.5909242249      2.8485890145      0.0000000000
2.3953899982            4.1625201460      0.9820000000      11.5851915041      2.8478849904      0.0000000000
2.3949483037            4.1454825541      0.9840000000      11.5794725845      2.8471743085      0.0000000000
2.3945026306            4.1286160669      0.9860000000      11.5737674375      2.8464570510      0.0000000000
2.3940530300            4.1119185088      0.9880000000      11.5680760402      2.8457332988      0.0000000000
2.3935995533            4.0953876744      0.9900000000      11.5623983673      2.8450031328      0.0000000000
2.3931422507            4.0790215688      0.9920000000      11.5567343870      2.8442666321      0.0000000000
2.3926811721            4.0628178905      0.9940000000      11.5510840786      2.8435238756      0.0000000000
2.3922163671            4.0467747410      0.9960000000      11.5454474152      2.8427749416      0.0000000000
2.3917478839            4.0308900856      0.9980000000      11.5398243657      2.8420199067      0.0000000000
2.3912757712            4.0151618851      1.0000000000      11.5342149057      2.8412588476      0.0000000000
2.3908000763            3.9995881340      1.0020000000      11.5286190086      2.8404918394      0.0000000000
2.3903208467            3.9841669653      1.0040000000      11.5230366486      2.8397189573      0.0000000000
2.3898381287            3.9688965114      1.0060000000      11.5174677941      2.8389402750      0.0000000000
2.3893519686            3.9537748766      1.0080000000      11.5119124209      2.8381558658      0.0000000000
2.3888624120            3.9388000789      1.0100000000      11.5063705002      2.8373658023      0.0000000000
2.3883695038            3.9239704949      1.0120000000      11.5008420063      2.8365701559      0.0000000000
2.3878732888            3.9092842113      1.0140000000      11.4953269103      2.8357689980      0.0000000000
2.3873738107            3.8947396209      1.0160000000      11.4898251811      2.8349623980      0.0000000000
2.3868711137            3.8803348575      1.0180000000      11.4843367964      2.8341504266      0.0000000000
2.3863652404            3.8660681739      1.0200000000      11.4788617227      2.8333331514      0.0000000000
2.3858562336            3.8519380149      1.0220000000      11.4733999358      2.8325106413      0.0000000000
2.3853441354            3.8379426732      1.0240000000      11.4679514071      2.8316829630      0.0000000000
2.3848289876            3.8240805533      1.0260000000      11.4625161052      2.8308501838      0.0000000000
2.3843108314            3.8103500487      1.0280000000      11.4570940032      2.8300123695      0.0000000000
2.3837897076            3.7967495414      1.0300000000      11.4516850743      2.8291695853      0.0000000000
2.3832656564            3.7832774643      1.0320000000      11.4462892877      2.8283218956      0.0000000000
2.3827387179            3.7699323042      1.0340000000      11.4409066143      2.8274693649      0.0000000000
2.3822089313            3.7567125679      1.0360000000      11.4355370274      2.8266120561      0.0000000000
2.3816763357            3.7436167877      1.0380000000      11.4301804974      2.8257500319      0.0000000000
2.3811409697            3.7306434776      1.0400000000      11.4248369964      2.8248833546      0.0000000000
2.3806028715            3.7177911951      1.0420000000      11.4195064909      2.8240120853      0.0000000000
2.3800620787            3.7050585050      1.0440000000      11.4141889549      2.8231362847      0.0000000000
2.3795186287            3.6924440267      1.0460000000      11.4088843602      2.8222560130      0.0000000000
2.3789725583            3.6799463866      1.0480000000      11.4035926766      2.8213713297      0.0000000000
2.3784239042            3.6675641963      1.0500000000      11.3983138767      2.8204822937      0.0000000000
2.3778727024            3.6552961250      1.0520000000      11.3930479302      2.8195889632      0.0000000000
2.3773189884            3.6431408686      1.0540000000      11.3877948047      2.8186913958      0.0000000000
2.3767627978            3.6310970938      1.0560000000      11.3825544724      2.8177896487      0.0000000000
2.3762041654            3.6191635475      1.0580000000      11.3773269054      2.8168837786      0.0000000000
2.3756431258            3.6073389729      1.0600000000      11.3721120731      2.8159738410      0.0000000000
2.3750797129            3.5956221220      1.0620000000      11.3669099463      2.8150598914      0.0000000000
2.3745139609            3.5840117619      1.0640000000      11.3617204962      2.8141419847      0.0000000000
2.3739459029            3.5725066826      1.0660000000      11.3565436918      2.8132201748      0.0000000000
2.3733755720            3.5611056916      1.0680000000      11.3513795043      2.8122945156      0.0000000000
2.3728030011            3.5498076139      1.0700000000      11.3462279043      2.8113650604      0.0000000000
2.3722282222            3.5386112912      1.0720000000      11.3410888611      2.8104318612      0.0000000000
2.3716512676            3.5275155828      1.0740000000      11.3359623465      2.8094949707      0.0000000000
2.3710721687            3.5165193633      1.0760000000      11.3308483291      2.8085544397      0.0000000000
2.3704909569            3.5056215235      1.0780000000      11.3257467805      2.8076103196      0.0000000000
2.3699076631            3.4948209688      1.0800000000      11.3206576702      2.8066626606      0.0000000000
2.3693223179            3.4841166226      1.0820000000      11.3155809688      2.8057115127      0.0000000000
2.3687349516            3.4735074200      1.0840000000      11.3105166464      2.8047569254      0.0000000000
2.3681455941            3.4629923068      1.0860000000      11.3054646734      2.8037989473      0.0000000000
2.3675542751            3.4525702421      1.0880000000      11.3004250179      2.8028376271      0.0000000000
2.3669610238            3.4422402216      1.0900000000      11.2953976517      2.8018730126      0.0000000000
2.3663658692            3.4320012391      1.0920000000      11.2903825447      2.8009051512      0.0000000000
2.3657688399            3.4218523135      1.0940000000      11.2853796671      2.7999340898      0.0000000000
2.3651699644            3.4117924405      1.0960000000      11.2803889910      2.7989598747      0.0000000000
2.3645692706            3.4018206740      1.0980000000      11.2754104857      2.7979825523      0.0000000000
2.3639667864            3.3919360604      1.1000000000      11.2704441213      2.7970021678      0.0000000000
2.3633625390            3.3821376443      1.1020000000      11.2654898656      2.7960187661      0.0000000000
2.3627565557            3.3724245191      1.1040000000      11.2605476905      2.7950323919      0.0000000000
2.3621488633            3.3627957860      1.1060000000      11.2556175646      2.7940430893      0.0000000000
2.3615394884            3.3532505311      1.1080000000      11.2506994613      2.7930509022      0.0000000000
2.3609284571            3.3437878618      1.1100000000      11.2457933502      2.7920558735      0.0000000000
2.3603157956            3.3344068782      1.1120000000      11.2408991961      2.7910580461      0.0000000000
2.3597015295            3.3251067404      1.1140000000      11.2360169736      2.7900574624      0.0000000000
2.3590856842            3.3158865814      1.1160000000      11.2311466542      2.7890541641      0.0000000000
2.3584682848            3.3067455849      1.1180000000      11.2262882086      2.7880481928      0.0000000000
2.3578493563            3.2976829117      1.1200000000      11.2214416034      2.7870395897      0.0000000000
2.3572289232            3.2886977472      1.1220000000      11.2166068091      2.7860283950      0.0000000000
2.3566070098            3.2797892861      1.1240000000      11.2117837998      2.7850146494      0.0000000000
2.3559836403            3.2709566983      1.1260000000      11.2069725406      2.7839983924      0.0000000000
2.3553588385            3.2621992270      1.1280000000      11.2021730029      2.7829796636      0.0000000000
2.3547326279            3.2535160644      1.1300000000      11.1973851616      2.7819585019      0.0000000000
2.3541050318            3.2449064618      1.1320000000      11.1926089843      2.7809349458      0.0000000000
2.3534760733            3.2363696957      1.1340000000      11.1878444406      2.7799090338      0.0000000000
2.3528457752            3.2279050112      1.1360000000      11.1830915022      2.7788808034      0.0000000000
2.3522141599            3.2195116086      1.1380000000      11.1783501351      2.7778502921      0.0000000000
2.3515812499            3.2111888347      1.1400000000      11.1736203128      2.7768175369      0.0000000000
2.3509470673            3.2029358898      1.1420000000      11.1689020110      2.7757825747      0.0000000000
2.3503116337            3.1947521414      1.1440000000      11.1641951937      2.7747454415      0.0000000000
2.3496749710            3.1866369062      1.1460000000      11.1594998337      2.7737061734      0.0000000000
2.3490371004            3.1785894014      1.1480000000      11.1548158986      2.7726648062      0.0000000000
2.3483980429            3.1706090383      1.1500000000      11.1501433599      2.7716213742      0.0000000000
2.3477578198            3.1626950433      1.1520000000      11.1454821949      2.7705759135      0.0000000000
2.3471164513            3.1548468427      1.1540000000      11.1408323675      2.7695284576      0.0000000000
2.3464739582            3.1470637712      1.1560000000      11.1361938501      2.7684790408      0.0000000000
2.3458303607            3.1393451421      1.1580000000      11.1315666091      2.7674276972      0.0000000000
2.3451856789            3.1316903352      1.1600000000      11.1269506243      2.7663744604      0.0000000000
2.3445399323            3.1240986855      1.1620000000      11.1223458608      2.7653193626      0.0000000000
2.3438931406            3.1165696630      1.1640000000      11.1177522913      2.7642624371      0.0000000000
2.3432453233            3.1091025554      1.1660000000      11.1131698801      2.7632037164      0.0000000000
2.3425964998            3.1016968091      1.1680000000      11.1085986089      2.7621432329      0.0000000000
2.3419466886            3.0943517658      1.1700000000      11.1040384428      2.7610810174      0.0000000000
2.3412959088            3.0870669249      1.1720000000      11.0994893546      2.7600171023      0.0000000000
2.3406441788            3.0798416316      1.1740000000      11.0949513088      2.7589515181      0.0000000000
2.3399915169            3.0726753261      1.1760000000      11.0904242869      2.7578842958      0.0000000000
2.3393379416            3.0655674195      1.1780000000      11.0859082556      2.7568154661      0.0000000000
2.3386834705            3.0585173978      1.1800000000      11.0814031826      2.7557450588      0.0000000000
2.3380281216            3.0515246793      1.1820000000      11.0769090411      2.7546731039      0.0000000000
2.3373719124            3.0445886763      1.1840000000      11.0724258072      2.7535996310      0.0000000000
2.3367148604            3.0377088913      1.1860000000      11.0679534486      2.7525246695      0.0000000000
2.3360569826            3.0308847884      1.1880000000      11.0634919301      2.7514482479      0.0000000000
2.3353982964            3.0241158120      1.1900000000      11.0590412350      2.7503703954      0.0000000000
2.3347388184            3.0174014506      1.1920000000      11.0546013308      2.7492911403      0.0000000000
2.3340785651            3.0107411929      1.1940000000      11.0501721809      2.7482105102      0.0000000000
2.3334175534            3.0041345209      1.1960000000      11.0457537669      2.7471285334      0.0000000000
2.3327557993            2.9975809315      1.1980000000      11.0413460592      2.7460452370      0.0000000000
2.3320933190            2.9910799266      1.2000000000      11.0369490222      2.7449606485      0.0000000000
