# M(M_sol)                 Lambda          n_Bc(fm^-3)         R(km)            m_B(M_sol)        m_Bquar/M_B
0.1526813505     29908489.2833507806      0.1290000000      21.2151620641      0.1529043659      0.0000000000
0.1561036129     26478078.1201740839      0.1310000000      20.6833564577      0.1563738856      0.0000000000
0.1596650398     23426260.0312044583      0.1330000000      20.1834815609      0.1599864265      0.0000000000
0.1633728426     20710953.7204783857      0.1350000000      19.7131560488      0.1637495363      0.0000000000
0.1672341408     18295598.9993618317      0.1370000000      19.2703017956      0.1676706945      0.0000000000
0.1712559520     16148128.1421082970      0.1390000000      18.8530892439      0.1717573040      0.0000000000
0.1754451787     14240188.7940971609      0.1410000000      18.4598935628      0.1760166781      0.0000000000
0.1798085893     12546552.9205862656      0.1430000000      18.0892593888      0.1804560229      0.0000000000
0.1843527996     11044659.1024184655      0.1450000000      17.7398733057      0.1850824199      0.0000000000
0.1890842525      9714259.4274389241      0.1470000000      17.4105399709      0.1899028056      0.0000000000
0.1940091977      8537132.4164996687      0.1490000000      17.1001642665      0.1949239524      0.0000000000
0.1991336789      7496853.1918093460      0.1510000000      16.8077347970      0.2001524561      0.0000000000
0.2044634873      6578617.1158786379      0.1530000000      16.5323145736      0.2055946894      0.0000000000
0.2100041838      5769065.9277701816      0.1550000000      16.2730274609      0.2112568252      0.0000000000
0.2157610556      5056162.4613512577      0.1570000000      16.0290514830      0.2171447925      0.0000000000
0.2217391068      4429069.4263676405      0.1590000000      15.7996129693      0.2232642676      0.0000000000
0.2279430435      3878045.1695038932      0.1610000000      15.5839801715      0.2296206585      0.0000000000
0.2343772612      3394345.0647711442      0.1630000000      15.3814591062      0.2362190926      0.0000000000
0.2410458327      2970137.8300397950      0.1650000000      15.1913904432      0.2430644034      0.0000000000
0.2479524979      2598420.5848647249      0.1670000000      15.0131458322      0.2501611202      0.0000000000
0.2551006511      2272948.8597133509      0.1690000000      14.8461267969      0.2575134548      0.0000000000
0.2624933458      1988162.3100189054      0.1710000000      14.6897614155      0.2651253050      0.0000000000
0.2701332703      1739122.3996254376      0.1730000000      14.5435037602      0.2730002292      0.0000000000
0.2780227539      1521451.3218027723      0.1750000000      14.4068320495      0.2811414515      0.0000000000
0.2861637603      1331276.1369287516      0.1770000000      14.2792476455      0.2895518537      0.0000000000
0.2945578843      1165177.2364684618      0.1790000000      14.1602740381      0.2982339702      0.0000000000
0.3032063502      1020140.4049760039      0.1810000000      14.0494558111      0.3071899855      0.0000000000
0.3121100111       893513.8365693754      0.1830000000      13.9463580539      0.3164217307      0.0000000000
0.3212693486       782967.8024650431      0.1850000000      13.8505655460      0.3259306822      0.0000000000
0.3306844752       686458.6163198513      0.1870000000      13.7616818245      0.3357179609      0.0000000000
0.3403551351       602196.0239377680      0.1890000000      13.6793287941      0.3457843322      0.0000000000
0.3502807083       528613.4723734987      0.1910000000      13.6031457373      0.3561302069      0.0000000000
0.3604602140       464341.8399387847      0.1930000000      13.5327889562      0.3667556423      0.0000000000
0.3708923159       408185.6852416091      0.1950000000      13.4679312600      0.3776603453      0.0000000000
0.3815753275       359101.9095275619      0.1970000000      13.4082608726      0.3888436750      0.0000000000
0.3925072185       316181.1956306602      0.1990000000      13.3534811688      0.4003046466      0.0000000000
0.4036856219       278631.2052153710      0.2010000000      13.3033100194      0.4120419356      0.0000000000
0.4151078422       245761.9616827350      0.2030000000      13.2574791893      0.4240538836      0.0000000000
0.4267708638       216972.8114850671      0.2050000000      13.2157337211      0.4363385036      0.0000000000
0.4386713600       191741.0341262940      0.2070000000      13.1778313972      0.4488934868      0.0000000000
0.4508057033       169611.8323434308      0.2090000000      13.1435422560      0.4617162096      0.0000000000
0.4631699751       150189.5496688719      0.2110000000      13.1126479884      0.4748037409      0.0000000000
0.4757599772       133129.9719868055      0.2130000000      13.0849413725      0.4881528505      0.0000000000
0.4885712428       118133.6477398373      0.2150000000      13.0602258418      0.5017600182      0.0000000000
0.5015990488       104940.0356262830      0.2170000000      13.0383150360      0.5156214425      0.0000000000
0.5148384275        93322.3920254897      0.2190000000      13.0190321943      0.5297330504      0.0000000000
0.5282841797        83083.3423943658      0.2210000000      13.0022098060      0.5440905079      0.0000000000
0.5419308872        74051.0285424325      0.2230000000      12.9876891481      0.5586892300      0.0000000000
0.5557729265        66075.7457661285      0.2250000000      12.9753198052      0.5735243919      0.0000000000
0.5698044817        59027.0358701234      0.2270000000      12.9649593226      0.5885909400      0.0000000000
0.5840195583        52791.1651514751      0.2290000000      12.9564728827      0.6038836035      0.0000000000
0.5984119971        47268.9169289885      0.2310000000      12.9497328093      0.6193969063      0.0000000000
0.6129754876        42373.6945287833      0.2330000000      12.9446182003      0.6351251786      0.0000000000
0.6277035821        38029.8750729560      0.2350000000      12.9410147177      0.6510625690      0.0000000000
0.6425897097        34171.3746349158      0.2370000000      12.9388142458      0.6672030574      0.0000000000
0.6576271894        30740.4022089841      0.2390000000      12.9379144360      0.6835404662      0.0000000000
0.6728092443        27686.3871744248      0.2410000000      12.9382185561      0.7000684738      0.0000000000
0.6881290151        24965.0455516306      0.2430000000      12.9396351609      0.7167806263      0.0000000000
0.7035795736        22537.5674491258      0.2450000000      12.9420778381      0.7336703504      0.0000000000
0.7191539352        20369.9145412916      0.2470000000      12.9454649361      0.7507309653      0.0000000000
0.7348450726        18432.2097736686      0.2490000000      12.9497193384      0.7679556949      0.0000000000
0.7506459279        16698.2072828527      0.2510000000      12.9547682382      0.7853376805      0.0000000000
0.7665494308        15144.8316434075      0.2530000000      12.9605429224      0.8028699983      0.0000000000
0.7825484881        13751.7777156331      0.2550000000      12.9669785019      0.8205456472      0.0000000000
0.7986360290        12501.1619779777      0.2570000000      12.9740138100      0.8383575966      0.0000000000
0.8148049934        11377.2216296365      0.2590000000      12.9815912017      0.8562987733      0.0000000000
0.8310483493        10366.0490829047      0.2610000000      12.9896563261      0.8743620794      0.0000000000
0.8473591027         9455.3627434536      0.2630000000      12.9981579351      0.8925404023      0.0000000000
0.8637303073         8634.3081533870      0.2650000000      13.0070478135      0.9108266258      0.0000000000
0.8801550748         7893.2829360009      0.2670000000      13.0162806078      0.9292136398      0.0000000000
0.8966265831         7223.7839751587      0.2690000000      13.0258136040      0.9476943503      0.0000000000
0.9131380860         6618.2755002385      0.2710000000      13.0356066754      0.9662616897      0.0000000000
0.9296829197         6070.0721709621      0.2730000000      13.0456221001      0.9849086240      0.0000000000
0.9462545122         5573.2380146704      0.2750000000      13.0558244400      1.0036281636      0.0000000000
0.9628463896         5122.4975161546      0.2770000000      13.0661804819      1.0224133707      0.0000000000
0.9794521826         4713.1575635721      0.2790000000      13.0766590713      1.0412573672      0.0000000000
0.9960656333         4341.0390931462      0.2810000000      13.0872309899      1.0601533428      0.0000000000
1.0126806006         4002.4178793720      0.2830000000      13.0978689091      1.0790945617      0.0000000000
1.0292910653         3693.9715674361      0.2850000000      13.1085472596      1.0980743695      0.0000000000
1.0458911354         3412.7333569784      0.2870000000      13.1192421198      1.1170861997      0.0000000000
1.0624750499         3156.0518274839      0.2890000000      13.1299311719      1.1361235798      0.0000000000
1.0790371833         2921.5552518509      0.2910000000      13.1405936391      1.1551801365      0.0000000000
1.0955720484         2707.1199033873      0.2930000000      13.1512101280      1.1742496012      0.0000000000
1.1120742999         2510.8424248813      0.2950000000      13.1617626063      1.1933258145      0.0000000000
1.1285387366         2331.0154546341      0.2970000000      13.1722343084      1.2124027309      0.0000000000
1.1449603042         2166.1059944810      0.2990000000      13.1826097118      1.2314744229      0.0000000000
1.1613340964         2014.7364440736      0.3010000000      13.1928744080      1.2505350841      0.0000000000
1.1776553571         1875.6676561931      0.3030000000      13.2030150983      1.2695790331      0.0000000000
1.1939194809         1747.7839977129      0.3050000000      13.2130194913      1.2886007160      0.0000000000
1.2101220143         1630.0801958302      0.3070000000      13.2228762693      1.3075947093      0.0000000000
1.2262586561         1521.6496203826      0.3090000000      13.2325750644      1.3265557218      0.0000000000
1.2423252573         1421.6738520319      0.3110000000      13.2421063385      1.3454785971      0.0000000000
1.2583178214         1329.4134617127      0.3130000000      13.2514614149      1.3643583147      0.0000000000
1.2742325035         1244.1997650676      0.3150000000      13.2606323324      1.3831899913      0.0000000000
1.2900656099         1165.4275769909      0.3170000000      13.2696119012      1.4019688824      0.0000000000
1.3058135970         1092.5488196029      0.3190000000      13.2783936602      1.4206903823      0.0000000000
1.3214730705         1025.0664626342      0.3210000000      13.2869717138      1.4393500254      0.0000000000
1.3370407835          962.5296031458      0.3230000000      13.2953408437      1.4579434854      0.0000000000
1.3525136353          904.5287432488      0.3250000000      13.3034964023      1.4764665765      0.0000000000
1.3678886697          850.6917031344      0.3270000000      13.3114342658      1.4949152524      0.0000000000
1.3831630726          800.6799249499      0.3290000000      13.3191508468      1.5132856058      0.0000000000
1.3983341706          754.1852486249      0.3310000000      13.3266430324      1.5315738683      0.0000000000
1.4133994281          710.9268513732      0.3330000000      13.3339081567      1.5497764090      0.0000000000
1.4283564455          670.6487033969      0.3350000000      13.3409439937      1.5678897340      0.0000000000
1.4432029571          633.1171571241      0.3370000000      13.3477487091      1.5859104857      0.0000000000
1.4579368257          598.1188232028      0.3390000000      13.3543208387      1.6038354382      0.0000000000
1.4725560445          565.4587056094      0.3410000000      13.3606593039      1.6216615006      0.0000000000
1.4870587310          534.9583779318      0.3430000000      13.3667633161      1.6393857128      0.0000000000
1.5014431254          506.4545747312      0.3450000000      13.3726324316      1.6570052438      0.0000000000
1.5157075876          479.7976897216      0.3470000000      13.3782664449      1.6745173901      0.0000000000
1.5298505939          454.8506037296      0.3490000000      13.3836654796      1.6919195740      0.0000000000
1.5438707347          431.4874900471      0.3510000000      13.3888298821      1.7092093413      0.0000000000
1.5577667107          409.5928456283      0.3530000000      13.3937602382      1.7263843590      0.0000000000
1.5715373307          389.0605185405      0.3550000000      13.3984573237      1.7434424137      0.0000000000
1.5851815078          369.7929488179      0.3570000000      13.4029221739      1.7603814086      0.0000000000
1.5986982571          351.7003473785      0.3590000000      13.4071559824      1.7771993619      0.0000000000
1.6120866921          334.7000309847      0.3610000000      13.4111600898      1.7938944036      0.0000000000
1.6253460217          318.7158450659      0.3630000000      13.4149360551      1.8104647740      0.0000000000
1.6384755475          303.6775467425      0.3650000000      13.4184855432      1.8269088204      0.0000000000
1.6514746605          289.5203527510      0.3670000000      13.4218103848      1.8432249950      0.0000000000
1.6643428382          276.1844128778      0.3690000000      13.4249124922      1.8594118525      0.0000000000
1.6770796418          263.6144676806      0.3710000000      13.4277939579      1.8754680477      0.0000000000
1.6896847128          251.7594101751      0.3730000000      13.4304569306      1.8913923322      0.0000000000
1.7021577706          240.5719707471      0.3750000000      13.4329036815      1.9071835525      0.0000000000
1.7144986093          230.0083798393      0.3770000000      13.4351365432      1.9228406474      0.0000000000
1.7267070953          220.0280971115      0.3790000000      13.4371579626      1.9383626456      0.0000000000
1.7387831639          210.5935578605      0.3810000000      13.4389704331      1.9537486623      0.0000000000
1.7507268170          201.6699015217      0.3830000000      13.4405765192      1.9689978979      0.0000000000
1.7625381205          193.2247954616      0.3850000000      13.4419788444      1.9841096347      0.0000000000
1.7742172013          185.2281996669      0.3870000000      13.4431800804      1.9990832344      0.0000000000
1.7857642450          177.6522116383      0.3890000000      13.4441829479      2.0139181360      0.0000000000
1.7971794931          170.4708876529      0.3910000000      13.4449902087      2.0286138532      0.0000000000
1.8084632410          163.6600839048      0.3930000000      13.4456046302      2.0431699719      0.0000000000
1.8196158354          157.1973362464      0.3950000000      13.4460290533      2.0575861481      0.0000000000
1.8306376715          151.0617224336      0.3970000000      13.4462663115      2.0718621050      0.0000000000
1.8415291913          145.2337361933      0.3990000000      13.4463192593      2.0859976310      0.0000000000
1.8522908810          139.6951970669      0.4010000000      13.4461907795      2.0999925778      0.0000000000
1.8629232692          134.4291402216      0.4030000000      13.4458837570      2.1138468575      0.0000000000
1.8734269243          129.4197302956      0.4050000000      13.4454010769      2.1275604406      0.0000000000
1.8838024529          124.6521733693      0.4070000000      13.4447456372      2.1411333541      0.0000000000
1.8940504973          120.1126509639      0.4090000000      13.4439203418      2.1545656789      0.0000000000
1.9041717341          115.7882346064      0.4110000000      13.4429280693      2.1678575484      0.0000000000
1.9141668720          111.6668398257      0.4130000000      13.4417717185      2.1810091456      0.0000000000
1.9240366500          107.7371471230      0.4150000000      13.4404541654      2.1940207019      0.0000000000
1.9337818358          103.9885601190      0.4170000000      13.4389782784      2.2068924944      0.0000000000
1.9434032237          100.4111501258      0.4190000000      13.4373469138      2.2196248449      0.0000000000
1.9529016335           96.9956078187      0.4210000000      13.4355629128      2.2322181170      0.0000000000
1.9622779084           93.7332047831      0.4230000000      13.4336290998      2.2446727152      0.0000000000
1.9715329140           90.6157464147      0.4250000000      13.4315482755      2.2569890826      0.0000000000
1.9806675361           87.6355424454      0.4270000000      13.4293232310      2.2691676990      0.0000000000
1.9896826799           84.7853715098      0.4290000000      13.4269567285      2.2812090799      0.0000000000
1.9985792681           82.0584417283      0.4310000000      13.4244515031      2.2931137744      0.0000000000
2.0073582404           79.4483714410      0.4330000000      13.4218102715      2.3048823636      0.0000000000
2.0160205508           76.9491575283      0.4350000000      13.4190357302      2.3165154590      0.0000000000
2.0245671681           74.5551503131      0.4370000000      13.4161305414      2.3280137015      0.0000000000
2.0329990731           72.2610295376      0.4390000000      13.4130973348      2.3393777592      0.0000000000
2.0413172587           70.0617846172      0.4410000000      13.4099387210      2.3506083264      0.0000000000
2.0495227281           67.9526948108      0.4430000000      13.4066572813      2.3617061223      0.0000000000
2.0576164936           65.9293090273      0.4450000000      13.4032555599      2.3726718893      0.0000000000
2.0655995765           63.9874283298      0.4470000000      13.3997360828      2.3835063921      0.0000000000
2.0734730052           62.1230903336      0.4490000000      13.3961013185      2.3942104161      0.0000000000
2.0812378148           60.3325577877      0.4510000000      13.3923537454      2.4047847668      0.0000000000
2.0888950458           58.6122950356      0.4530000000      13.3884957659      2.4152302674      0.0000000000
2.0964457439           56.9589687943      0.4550000000      13.3845297881      2.4255477593      0.0000000000
2.1038909583           55.3694239478      0.4570000000      13.3804581631      2.4357380994      0.0000000000
2.1112317417           53.8406781789      0.4590000000      13.3762832190      2.4458021601      0.0000000000
2.1184691492           52.3699098974      0.4610000000      13.3720072464      2.4557408280      0.0000000000
2.1256042377           50.9544504884      0.4630000000      13.3676325144      2.4655550029      0.0000000000
2.1326380652           49.5917710912      0.4650000000      13.3631612322      2.4752455966      0.0000000000
2.1395716901           48.2794786758      0.4670000000      13.3585956147      2.4848135322      0.0000000000
2.1464061705           47.0153050626      0.4690000000      13.3539378030      2.4942597434      0.0000000000
2.1531425640           45.7971007388      0.4710000000      13.3491899406      2.5035851732      0.0000000000
2.1597819267           44.6228274790      0.4730000000      13.3443541149      2.5127907733      0.0000000000
2.1663253132           43.4905513091      0.4750000000      13.3394323878      2.5218775036      0.0000000000
2.1727737751           42.3984381402      0.4770000000      13.3344267885      2.5308463307      0.0000000000
2.1791283621           41.3447466496      0.4790000000      13.3293393199      2.5396982280      0.0000000000
2.1853901200           40.3278216414      0.4810000000      13.3241719266      2.5484341746      0.0000000000
2.1915600912           39.3460940919      0.4830000000      13.3189265586      2.5570551542      0.0000000000
2.1976393140           38.3980695499      0.4850000000      13.3136051058      2.5655621554      0.0000000000
2.2036288221           37.4823297116      0.4870000000      13.3082094369      2.5739561700      0.0000000000
2.2095296449           36.5975255292      0.4890000000      13.3027413902      2.5822381934      0.0000000000
2.2153428061           35.7423724150      0.4910000000      13.2972027642      2.5904092234      0.0000000000
2.2210693243           34.9156484879      0.4930000000      13.2915953326      2.5984702599      0.0000000000
2.2267102122           34.1161913247      0.4950000000      13.2859208351      2.6064223040      0.0000000000
2.2322664766           33.3428937218      0.4970000000      13.2801809850      2.6142663578      0.0000000000
2.2377391180           32.5947006994      0.4990000000      13.2743774675      2.6220034246      0.0000000000
2.2431291304           31.8706071561      0.5010000000      13.2685119320      2.6296345069      0.0000000000
2.2484375009           31.1696547753      0.5030000000      13.2625859925      2.6371606069      0.0000000000
2.2536652099           30.4909304441      0.5050000000      13.2566012495      2.6445827262      0.0000000000
2.2588132305           29.8335630870      0.5070000000      13.2505592666      2.6519018653      0.0000000000
2.2638825285           29.1967203075      0.5090000000      13.2444615660      2.6591190226      0.0000000000
2.2688740621           28.5796095468      0.5110000000      13.2383096684      2.6662351949      0.0000000000
2.2737887821           27.9814733524      0.5130000000      13.2321050467      2.6732513764      0.0000000000
2.2786276314           27.4015883379      0.5150000000      13.2258491523      2.6801685589      0.0000000000
2.2833915447           26.8392637893      0.5170000000      13.2195434098      2.6869877309      0.0000000000
2.2880814491           26.2938390961      0.5190000000      13.2131892177      2.6937098776      0.0000000000
2.2926982633           25.7646831289      0.5210000000      13.2067879409      2.7003359810      0.0000000000
2.2972428978           25.2511927789      0.5230000000      13.2003409311      2.7068670190      0.0000000000
2.3017162549           24.7527907587      0.5250000000      13.1938495057      2.7133039654      0.0000000000
2.3061192280           24.2689254524      0.5270000000      13.1873149593      2.7196477892      0.0000000000
2.3104527027           23.7990678503      0.5290000000      13.1807385604      2.7258994557      0.0000000000
2.3147175557           23.3427128475      0.5310000000      13.1741215535      2.7320599249      0.0000000000
2.3189146551           22.8993762520      0.5330000000      13.1674651632      2.7381301516      0.0000000000
2.3230448604           22.4685942791      0.5350000000      13.1607705780      2.7441110856      0.0000000000
2.3271090226           22.0499223855      0.5370000000      13.1540389784      2.7500036719      0.0000000000
2.3311079836           21.6429353032      0.5390000000      13.1472715148      2.7558088486      0.0000000000
2.3350425771           21.2472249830      0.5410000000      13.1404693173      2.7615275493      0.0000000000
2.3389136277           20.8623998549      0.5430000000      13.1336334820      2.7671607013      0.0000000000
2.3427219512           20.4880852666      0.5450000000      13.1267651010      2.7727092257      0.0000000000
2.3464683550           20.1239211473      0.5470000000      13.1198652370      2.7781740377      0.0000000000
2.3501536376           19.7695622550      0.5490000000      13.1129349337      2.7835560464      0.0000000000
2.3537785887           19.4246770982      0.5510000000      13.1059752023      2.7888561540      0.0000000000
2.3573439891           19.0889477484      0.5530000000      13.0989870534      2.7940752566      0.0000000000
2.3608506112           18.7620683547      0.5550000000      13.0919714571      2.7992142437      0.0000000000
2.3642992189           18.4437458542      0.5570000000      13.0849293824      2.8042739982      0.0000000000
2.3676905666           18.1336983208      0.5590000000      13.0778617698      2.8092553958      0.0000000000
2.3710254009           17.8316546327      0.5610000000      13.0707695315      2.8141593058      0.0000000000
2.3743044594           17.5373546629      0.5630000000      13.0636535806      2.8189865905      0.0000000000
2.3775284713           17.2505481617      0.5650000000      13.0565147994      2.8237381052      0.0000000000
2.3806981571           16.9709943209      0.5670000000      13.0493540539      2.8284146983      0.0000000000
2.3838142291           16.6984616939      0.5690000000      13.0421721926      2.8330172110      0.0000000000
2.3868773907           16.4327275455      0.5710000000      13.0349700477      2.8375464772      0.0000000000
2.3898883373           16.1735776190      0.5730000000      13.0277484338      2.8420033242      0.0000000000
2.3928477559           15.9208055846      0.5750000000      13.0205081515      2.8463885715      0.0000000000
2.3957563250           15.6742126410      0.5770000000      13.0132499723      2.8507030320      0.0000000000
2.3986147152           15.4336078527      0.5790000000      13.0059746715      2.8549475107      0.0000000000
2.4014235886           15.1988071969      0.5810000000      12.9986829983      2.8591228058      0.0000000000
2.4041835993           14.9696326499      0.5830000000      12.9913756745      2.8632297082      0.0000000000
2.4068953935           14.7459138306      0.5850000000      12.9840534338      2.8672690015      0.0000000000
2.4095596091           14.5274855094      0.5870000000      12.9767169655      2.8712414615      0.0000000000
2.4121768762           14.3141892220      0.5890000000      12.9693669686      2.8751478574      0.0000000000
2.4147478174           14.1058716838      0.5910000000      12.9620041092      2.8789889511      0.0000000000
2.4172730468           13.9023852034      0.5930000000      12.9546290537      2.8827654964      0.0000000000
2.4197531714           13.7035873301      0.5950000000      12.9472424454      2.8864782410      0.0000000000
2.4221887902           13.5093407404      0.5970000000      12.9398449187      2.8901279241      0.0000000000
2.4245804946           13.3195126824      0.5990000000      12.9324370841      2.8937152787      0.0000000000
2.4269288686           13.1339750407      0.6010000000      12.9250195543      2.8972410297      0.0000000000
2.4292344889           12.9526044886      0.6030000000      12.9175929238      2.9007058959      0.0000000000
2.4314979242           12.7752817375      0.6050000000      12.9101577689      2.9041105871      0.0000000000
2.4337197367           12.6018915272      0.6070000000      12.9027146589      2.9074558076      0.0000000000
2.4359004810           12.4323226084      0.6090000000      12.8952641512      2.9107422540      0.0000000000
2.4380407044           12.2664672551      0.6110000000      12.8878067855      2.9139706157      0.0000000000
2.4401409472           12.1042217770      0.6130000000      12.8803430936      2.9171415748      0.0000000000
2.4422017429           11.9454858573      0.6150000000      12.8728735996      2.9202558066      0.0000000000
2.4442236177           11.7901622882      0.6170000000      12.8653988103      2.9233139792      0.0000000000
2.4462070912           11.6381573028      0.6190000000      12.8579192269      2.9263167540      0.0000000000
2.4481526761           11.4893801192      0.6210000000      12.8504353324      2.9292647853      0.0000000000
2.4500608787           11.3437432431      0.6230000000      12.8429476091      2.9321587204      0.0000000000
2.4519321979           11.2011613482      0.6250000000      12.8354565151      2.9349991994      0.0000000000
2.4537671269           11.0615527492      0.6270000000      12.8279625160      2.9377868565      0.0000000000
2.4555661518           10.9248376093      0.6290000000      12.8204660508      2.9405223179      0.0000000000
2.4573297528           10.7909392871      0.6310000000      12.8129675625      2.9432062045      0.0000000000
2.4590584032           10.6597831540      0.6330000000      12.8054674689      2.9458391289      0.0000000000
2.4607525703           10.5312972515      0.6350000000      12.7979661958      2.9484216982      0.0000000000
2.4624127154           10.4054117633      0.6370000000      12.7904641510      2.9509545123      0.0000000000
2.4640392934           10.2820590361      0.6390000000      12.7829617257      2.9534381649      0.0000000000
2.4656327531           10.1611735090      0.6410000000      12.7754593185      2.9558732428      0.0000000000
2.4671935375           10.0426919244      0.6430000000      12.7679573068      2.9582603264      0.0000000000
2.4687220837            9.9265526073      0.6450000000      12.7604560644      2.9605999902      0.0000000000
2.4702188231            9.8126961726      0.6470000000      12.7529559582      2.9628928019      0.0000000000
2.4716841808            9.7010647722      0.6490000000      12.7454573418      2.9651393224      0.0000000000
2.4731185769            9.5916023878      0.6510000000      12.7379605647      2.9673401076      0.0000000000
2.4745224254            9.4842547459      0.6530000000      12.7304659669      2.9694957059      0.0000000000
2.4758961348            9.3789692095      0.6550000000      12.7229738812      2.9716066602      0.0000000000
2.4772401086            9.2756947302      0.6570000000      12.7154846341      2.9736735075      0.0000000000
2.4785547442            9.1743817874      0.6590000000      12.7079985438      2.9756967780      0.0000000000
2.4798404340            9.0749822825      0.6610000000      12.7005159196      2.9776769963      0.0000000000
2.4810975653            8.9774496417      0.6630000000      12.6930370662      2.9796146814      0.0000000000
2.4823265200            8.8817386258      0.6650000000      12.6855622832      2.9815103459      0.0000000000
2.4835276746            8.7878051800      0.6670000000      12.6780918493      2.9833644965      0.0000000000
2.4847014010            8.6956067130      0.6690000000      12.6706260589      2.9851776346      0.0000000000
2.4858480659            8.6051019783      0.6710000000      12.6631651869      2.9869502554      0.0000000000
2.4869680312            8.5162504823      0.6730000000      12.6557094979      2.9886828492      0.0000000000
2.4880616534            8.4290133475      0.6750000000      12.6482592597      2.9903758993      0.0000000000
2.4891292851            8.3433526925      0.6770000000      12.6408147335      2.9920298849      0.0000000000
2.4901712731            8.2592315435      0.6790000000      12.6333761610      2.9936452784      0.0000000000
2.4911879604            8.1766141875      0.6810000000      12.6259437990      2.9952225479      0.0000000000
2.4921796851            8.0954657008      0.6830000000      12.6185178763      2.9967621555      0.0000000000
2.4931467803            8.0157524084      0.6850000000      12.6110986373      2.9982645577      0.0000000000
2.4940895751            7.9374413325      0.6870000000      12.6036863016      2.9997302060      0.0000000000
2.4950083943            7.8605006058      0.6890000000      12.5962810996      3.0011595470      0.0000000000
2.4959035576            7.7848991912      0.6910000000      12.5888832484      3.0025530215      0.0000000000
2.4967753812            7.7106066112      0.6930000000      12.5814929534      3.0039110656      0.0000000000
2.4976241765            7.6375937761      0.6950000000      12.5741104294      3.0052341101      0.0000000000
2.4984502509            7.5658320343      0.6970000000      12.5667358789      3.0065225808      0.0000000000
2.4992539076            7.4952934320      0.6990000000      12.5593694910      3.0077768985      0.0000000000
2.5000354457            7.4259511015      0.7010000000      12.5520114671      3.0089974792      0.0000000000
2.5007951603            7.3577786111      0.7030000000      12.5446619918      3.0101847338      0.0000000000
2.5015333426            7.2907503732      0.7050000000      12.5373212496      3.0113390691      0.0000000000
2.5022502796            7.2248414563      0.7070000000      12.5299894181      3.0124608858      0.0000000000
2.5029462548            7.1600275858      0.7090000000      12.5226666716      3.0135505811      0.0000000000
2.5036215476            7.0962851317      0.7110000000      12.5153531771      3.0146085472      0.0000000000
2.5042764336            7.0335910563      0.7130000000      12.5080491031      3.0156351710      0.0000000000
2.5049111849            6.9719229793      0.7150000000      12.5007546109      3.0166308357      0.0000000000
2.5055260699            6.9112590838      0.7170000000      12.4934698585      3.0175959199      0.0000000000
2.5061213534            6.8515781077      0.7190000000      12.4861949991      3.0185307977      0.0000000000
2.5066972965            6.7928593484      0.7210000000      12.4789301817      3.0194358384      0.0000000000
2.5072541566            6.7350826107      0.7230000000      12.4716755515      3.0203114068      0.0000000000
2.5077921883            6.6782282234      0.7250000000      12.4644312471      3.0211578643      0.0000000000
2.5083116418            6.6222770970      0.7270000000      12.4571974088      3.0219755669      0.0000000000
2.5088127652            6.5672105451      0.7290000000      12.4499741728      3.0227648677      0.0000000000
2.5092958022            6.5130103631      0.7310000000      12.4427616700      3.0235261146      0.0000000000
2.5097609935            6.4596588243      0.7330000000      12.4355600240      3.0242596514      0.0000000000
2.5102085769            6.4071386598      0.7350000000      12.4283693644      3.0249658185      0.0000000000
2.5106387867            6.3554328155      0.7370000000      12.4211898053      3.0256449520      0.0000000000
2.5110518540            6.3045251224      0.7390000000      12.4140214668      3.0262973831      0.0000000000
2.5114480070            6.2543993798      0.7410000000      12.4068644633      3.0269234406      0.0000000000
2.5118274710            6.2050400300      0.7430000000      12.3997189094      3.0275234487      0.0000000000
2.5121904679            6.1564316966      0.7450000000      12.3925849035      3.0280977275      0.0000000000
2.5125372167            6.1085596084      0.7470000000      12.3854625588      3.0286465935      0.0000000000
2.5128679336            6.0614092269      0.7490000000      12.3783519756      3.0291703593      0.0000000000
2.5131828321            6.0149663242      0.7510000000      12.3712532495      3.0296693345      0.0000000000
2.5134821225            5.9692171541      0.7530000000      12.3641664811      3.0301438242      0.0000000000
2.5137660122            5.9241480460      0.7550000000      12.3570917579      3.0305941299      0.0000000000
2.5140347064            5.8797460465      0.7570000000      12.3500291766      3.0310205502      0.0000000000
2.5142884071            5.8359981136      0.7590000000      12.3429788224      3.0314233797      0.0000000000
2.5145273139            5.7928918327      0.7610000000      12.3359407822      3.0318029098      0.0000000000
2.5147516232            5.7504148027      0.7630000000      12.3289151363      3.0321594274      0.0000000000
2.5149615294            5.7085552042      0.7650000000      12.3219019683      3.0324932174      0.0000000000
2.5151572242            5.6673011657      0.7670000000      12.3149013526      3.0328045607      0.0000000000
2.5153388964            5.6266414382      0.7690000000      12.3079133692      3.0330937346      0.0000000000
2.5155067326            5.5865646998      0.7710000000      12.3009380828      3.0333610134      0.0000000000
2.5156609169            5.5470601669      0.7730000000      12.2939755729      3.0336066684      0.0000000000
2.5158016308            5.5081172289      0.7750000000      12.2870259052      3.0338309669      0.0000000000
2.5159290540            5.4697253072      0.7770000000      12.2800891451      3.0340341745      0.0000000000
2.5160433628            5.4318743982      0.7790000000      12.2731653575      3.0342165517      0.0000000000
2.5161447318            5.3945545593      0.7810000000      12.2662546054      3.0343783569      0.0000000000
2.5162333334            5.3577559211      0.7830000000      12.2593569456      3.0345198463      0.0000000000
2.5163093372            5.3214691436      0.7850000000      12.2524724382      3.0346412708      0.0000000000
2.5163729113            5.2856849656      0.7870000000      12.2456011420      3.0347428810      0.0000000000
2.5164242209            5.2503942306      0.7890000000      12.2387431061      3.0348249225      0.0000000000
2.5164634295            5.2155880319      0.7910000000      12.2318983838      3.0348876391      0.0000000000
2.5164906980            5.1812578023      0.7930000000      12.2250670277      3.0349312710      0.0000000000
2.5165061855            5.1473950416      0.7950000000      12.2182490830      3.0349560559      0.0000000000
2.5165100492            5.1139914361      0.7970000000      12.2114446008      3.0349622290      0.0000000000
2.5165024437            5.0810388825      0.7990000000      12.2046536231      3.0349500220      0.0000000000
2.5164835221            5.0485293921      0.8010000000      12.1978761894      3.0349196644      0.0000000000
2.5164534350            5.0164552283      0.8030000000      12.1911123455      3.0348713827      0.0000000000
2.5164123313            4.9848088202      0.8050000000      12.1843621311      3.0348054009      0.0000000000
2.5163603582            4.9535827567      0.8070000000      12.1776255842      3.0347219403      0.0000000000
2.5162976605            4.9227697444      0.8090000000      12.1709027411      3.0346212195      0.0000000000
2.5162243813            4.8923626601      0.8110000000      12.1641936365      3.0345034545      0.0000000000
2.5161406620            4.8623545433      0.8130000000      12.1574983037      3.0343688592      0.0000000000
2.5160466418            4.8327385670      0.8150000000      12.1508167745      3.0342176439      0.0000000000
2.5159424584            4.8035080699      0.8170000000      12.1441490803      3.0340500175      0.0000000000
2.5158282478            4.7746565185      0.8190000000      12.1374952507      3.0338661863      0.0000000000
2.5157041438            4.7461775124      0.8210000000      12.1308553124      3.0336663535      0.0000000000
2.5155702788            4.7180648012      0.8230000000      12.1242292916      3.0334507205      0.0000000000
2.5154267833            4.6903122538      0.8250000000      12.1176172137      3.0332194859      0.0000000000
2.5152737863            4.6629138660      0.8270000000      12.1110191029      3.0329728463      0.0000000000
2.5151114151            4.6358637708      0.8290000000      12.1044349823      3.0327109963      0.0000000000
2.5149397950            4.6091562119      0.8310000000      12.0978648728      3.0324341270      0.0000000000
2.5147590502            4.5827855059      0.8330000000      12.0913087939      3.0321424283      0.0000000000
2.5145693031            4.5567461513      0.8350000000      12.0847667616      3.0318360880      0.0000000000
2.5143706743            4.5310327511      0.8370000000      12.0782387960      3.0315152908      0.0000000000
2.5141632830            4.5056400029      0.8390000000      12.0717249157      3.0311802199      0.0000000000
2.5139472471            4.4805626735      0.8410000000      12.0652251332      3.0308310561      0.0000000000
2.5137226827            4.4557957414      0.8430000000      12.0587394647      3.0304679782      0.0000000000
2.5134897045            4.4313341655      0.8450000000      12.0522679240      3.0300911628      0.0000000000
2.5132484254            4.4071730483      0.8470000000      12.0458105166      3.0297007840      0.0000000000
2.5129989576            4.3833076424      0.8490000000      12.0393672616      3.0292970151      0.0000000000
2.5127414111            4.3597332105      0.8510000000      12.0329381644      3.0288800260      0.0000000000
2.5124758950            4.3364452045      0.8530000000      12.0265232394      3.0284499853      0.0000000000
2.5122025169            4.3134390182      0.8550000000      12.0201224856      3.0280070599      0.0000000000
2.5119213828            4.2907103133      0.8570000000      12.0137359177      3.0275514138      0.0000000000
2.5116325975            4.2682547316      0.8590000000      12.0073635413      3.0270832100      0.0000000000
2.5113362643            4.2460679824      0.8610000000      12.0010053582      3.0266026087      0.0000000000
2.5110324856            4.2241459280      0.8630000000      11.9946613741      3.0261097692      0.0000000000
2.5107213622            4.2024844837      0.8650000000      11.9883315945      3.0256048486      0.0000000000
2.5104029933            4.1810796066      0.8670000000      11.9820160200      3.0250880014      0.0000000000
2.5100774778            4.1599273785      0.8690000000      11.9757146529      3.0245593818      0.0000000000
2.5097449123            4.1390239804      0.8710000000      11.9694274969      3.0240191406      0.0000000000
2.5094053929            4.1183655319      0.8730000000      11.9631545466      3.0234674284      0.0000000000
2.5090590137            4.0979483918      0.8750000000      11.9568958055      3.0229043920      0.0000000000
2.5087058686            4.0777689054      0.8770000000      11.9506512740      3.0223301789      0.0000000000
2.5083460496            4.0578234763      0.8790000000      11.9444209448      3.0217449331      0.0000000000
2.5079796477            4.0381086449      0.8810000000      11.9382048221      3.0211487975      0.0000000000
2.5076067532            4.0186209033      0.8830000000      11.9320028938      3.0205419141      0.0000000000
2.5072274544            3.9993569204      0.8850000000      11.9258151632      3.0199244215      0.0000000000
2.5068418391            3.9803133413      0.8870000000      11.9196416204      3.0192964580      0.0000000000
2.5064499939            3.9614869511      0.8890000000      11.9134822644      3.0186581605      0.0000000000
2.5060520043            3.9428745294      0.8910000000      11.9073370855      3.0180096630      0.0000000000
2.5056479544            3.9244729595      0.8930000000      11.9012060788      3.0173510992      0.0000000000
2.5052379280            3.9062791492      0.8950000000      11.8950892365      3.0166826010      0.0000000000
2.5048220070            3.8882900935      0.8970000000      11.8889865509      3.0160042980      0.0000000000
2.5044002729            3.8705028013      0.8990000000      11.8828980115      3.0153163194      0.0000000000
2.5039728056            3.8529143918      0.9010000000      11.8768236133      3.0146187919      0.0000000000
2.5035396848            3.8355219498      0.9030000000      11.8707633402      3.0139118417      0.0000000000
2.5031009883            3.8183227193      0.9050000000      11.8647171878      3.0131955924      0.0000000000
2.5026567937            3.8013139269      0.9070000000      11.8586851407      3.0124701675      0.0000000000
2.5022071770            3.7844928680      0.9090000000      11.8526671915      3.0117356877      0.0000000000
2.5017522138            3.7678568857      0.9110000000      11.8466633261      3.0109922735      0.0000000000
2.5012919784            3.7514033529      0.9130000000      11.8406735328      3.0102400433      0.0000000000
2.5008265443            3.7351296845      0.9150000000      11.8346977989      3.0094791142      0.0000000000
2.5003559841            3.7190333926      0.9170000000      11.8287361083      3.0087096025      0.0000000000
2.4998803696            3.7031119959      0.9190000000      11.8227884519      3.0079316225      0.0000000000
2.4993997712            3.6873630581      0.9210000000      11.8168548141      3.0071452871      0.0000000000
2.4989142592            3.6717841531      0.9230000000      11.8109351741      3.0063507086      0.0000000000
2.4984239027            3.6563729775      0.9250000000      11.8050295254      3.0055479980      0.0000000000
2.4979287693            3.6411272158      0.9270000000      11.7991378495      3.0047372635      0.0000000000
2.4974289268            3.6260445606      0.9290000000      11.7932601242      3.0039186139      0.0000000000
2.4969244417            3.6111228287      0.9310000000      11.7873963420      3.0030921563      0.0000000000
2.4964153798            3.5963597927      0.9330000000      11.7815464832      3.0022579963      0.0000000000
2.4959018057            3.5817533311      0.9350000000      11.7757105268      3.0014162380      0.0000000000
2.4953837837            3.5673012975      0.9370000000      11.7698884606      3.0005669848      0.0000000000
2.4948613769            3.5530016051      0.9390000000      11.7640802628      2.9997103385      0.0000000000
2.4943346481            3.5388522668      0.9410000000      11.7582859190      2.9988464003      0.0000000000
2.4938036586            3.5248511903      0.9430000000      11.7525054023      2.9979752694      0.0000000000
2.4932684699            3.5109964532      0.9450000000      11.7467387034      2.9970970451      0.0000000000
2.4927291418            3.4972860675      0.9470000000      11.7409857968      2.9962118240      0.0000000000
2.4921857343            3.4837181834      0.9490000000      11.7352466673      2.9953197034      0.0000000000
2.4916383059            3.4702908775      0.9510000000      11.7295212902      2.9944207781      0.0000000000
2.4910869144            3.4570022846      0.9530000000      11.7238096467      2.9935151416      0.0000000000
2.4905316176            3.4438506306      0.9550000000      11.7181117185      2.9926028879      0.0000000000
2.4899724720            3.4308340728      0.9570000000      11.7124274824      2.9916841088      0.0000000000
2.4894095334            3.4179509325      0.9590000000      11.7067569187      2.9907588948      0.0000000000
2.4888428573            3.4051994321      0.9610000000      11.7011000041      2.9898273363      0.0000000000
2.4882724983            3.3925778269      0.9630000000      11.6954567164      2.9888895221      0.0000000000
2.4876985101            3.3800845124      0.9650000000      11.6898270360      2.9879455398      0.0000000000
2.4871209463            3.3677178160      0.9670000000      11.6842109405      2.9869954766      0.0000000000
2.4865398592            3.3554760928      0.9690000000      11.6786084045      2.9860394182      0.0000000000
2.4859553012            3.3433578081      0.9710000000      11.6730194090      2.9850774498      0.0000000000
2.4853673233            3.3313613689      0.9730000000      11.6674439292      2.9841096550      0.0000000000
2.4847759766            3.3194852226      0.9750000000      11.6618819416      2.9831361172      0.0000000000
2.4841813106            3.3077278132      0.9770000000      11.6563334198      2.9821569177      0.0000000000
2.4835833756            3.2960876979      0.9790000000      11.6507983452      2.9811721385      0.0000000000
2.4829822200            3.2845633996      0.9810000000      11.6452766918      2.9801818592      0.0000000000
2.4823778924            3.2731534635      0.9830000000      11.6397684365      2.9791861596      0.0000000000
2.4817704404            3.2618564667      0.9850000000      11.6342735539      2.9781851177      0.0000000000
2.4811599113            3.2506710042      0.9870000000      11.6287920189      2.9771788113      0.0000000000
2.4805463515            3.2395957016      0.9890000000      11.6233238069      2.9761673165      0.0000000000
2.4799298073            3.2286292045      0.9910000000      11.6178688944      2.9751507097      0.0000000000
2.4793103242            3.2177701715      0.9930000000      11.6124272564      2.9741290657      0.0000000000
2.4786879467            3.2070172863      0.9950000000      11.6069988662      2.9731024581      0.0000000000
2.4780627198            3.1963692533      0.9970000000      11.6015836998      2.9720709606      0.0000000000
2.4774346870            3.1858247952      0.9990000000      11.5961817305      2.9710346454      0.0000000000
2.4768038917            3.1753826559      1.0010000000      11.5907929331      2.9699935840      0.0000000000
2.4761703769            3.1650415985      1.0030000000      11.5854172818      2.9689478476      0.0000000000
2.4755341846            3.1548004062      1.0050000000      11.5800547501      2.9678975055      0.0000000000
2.4748953569            3.1446578787      1.0070000000      11.5747053125      2.9668426275      0.0000000000
2.4742539350            3.1346128355      1.0090000000      11.5693689419      2.9657832816      0.0000000000
2.4736099596            3.1246641148      1.0110000000      11.5640456125      2.9647195355      0.0000000000
2.4729634711            3.1148105702      1.0130000000      11.5587352973      2.9636514562      0.0000000000
2.4723145095            3.1050510743      1.0150000000      11.5534379704      2.9625791099      0.0000000000
2.4716631139            3.0953845161      1.0170000000      11.5481536039      2.9615025616      0.0000000000
2.4710093234            3.0858098024      1.0190000000      11.5428821719      2.9604218764      0.0000000000
2.4703531762            3.0763258559      1.0210000000      11.5376236468      2.9593371177      0.0000000000
2.4696947105            3.0669316145      1.0230000000      11.5323780016      2.9582483490      0.0000000000
2.4690339639            3.0576260297      1.0250000000      11.5271452103      2.9571556332      0.0000000000
2.4683709733            3.0484080685      1.0270000000      11.5219252432      2.9560590316      0.0000000000
2.4677057750            3.0392767232      1.0290000000      11.5167180726      2.9549586045      0.0000000000
2.4670384060            3.0302309873      1.0310000000      11.5115236734      2.9538544139      0.0000000000
2.4663689014            3.0212698820      1.0330000000      11.5063420168      2.9527465185      0.0000000000
2.4656972968            3.0123924355      1.0350000000      11.5011730758      2.9516349775      0.0000000000
2.4650236272            3.0035976764      1.0370000000      11.4960168230      2.9505198497      0.0000000000
2.4643479271            2.9948846602      1.0390000000      11.4908732265      2.9494011926      0.0000000000
2.4636702303            2.9862524709      1.0410000000      11.4857422605      2.9482790628      0.0000000000
2.4629905709            2.9777001907      1.0430000000      11.4806238993      2.9471535177      0.0000000000
2.4623089820            2.9692269271      1.0450000000      11.4755181141      2.9460246123      0.0000000000
2.4616254965            2.9608317684      1.0470000000      11.4704248747      2.9448924021      0.0000000000
2.4609401470            2.9525138611      1.0490000000      11.4653441542      2.9437569417      0.0000000000
2.4602529656            2.9442723278      1.0510000000      11.4602759245      2.9426182850      0.0000000000
2.4595639841            2.9361063128      1.0530000000      11.4552201584      2.9414764855      0.0000000000
2.4588732339            2.9280149696      1.0550000000      11.4501768227      2.9403315962      0.0000000000
2.4581807457            2.9199974811      1.0570000000      11.4451458918      2.9391836683      0.0000000000
2.4574865505            2.9120530372      1.0590000000      11.4401273397      2.9380327541      0.0000000000
2.4567906787            2.9041808313      1.0610000000      11.4351211352      2.9368789051      0.0000000000
2.4560931597            2.8963800694      1.0630000000      11.4301272500      2.9357221706      0.0000000000
2.4553940235            2.8886499578      1.0650000000      11.4251456571      2.9345626013      0.0000000000
2.4546932993            2.8809897242      1.0670000000      11.4201763231      2.9334002465      0.0000000000
2.4539910158            2.8733986197      1.0690000000      11.4152192236      2.9322351545      0.0000000000
2.4532872016            2.8658758906      1.0710000000      11.4102743294      2.9310673739      0.0000000000
2.4525818852            2.8584208144      1.0730000000      11.4053416114      2.9298969525      0.0000000000
2.4518750941            2.8510326304      1.0750000000      11.4004210422      2.9287239372      0.0000000000
2.4511668560            2.8437106275      1.0770000000      11.3955125869      2.9275483747      0.0000000000
2.4504571980            2.8364541087      1.0790000000      11.3906162229      2.9263703108      0.0000000000
2.4497461473            2.8292623685      1.0810000000      11.3857319197      2.9251897919      0.0000000000
2.4490337304            2.8221347322      1.0830000000      11.3808596497      2.9240068626      0.0000000000
2.4483199733            2.8150704699      1.0850000000      11.3759993791      2.9228215671      0.0000000000
2.4476049023            2.8080689617      1.0870000000      11.3711510828      2.9216339502      0.0000000000
2.4468885430            2.8011295219      1.0890000000      11.3663147325      2.9204440552      0.0000000000
2.4461709208            2.7942515268      1.0910000000      11.3614902987      2.9192519253      0.0000000000
2.4454520606            2.7874342696      1.0930000000      11.3566777505      2.9180576030      0.0000000000
2.4447319872            2.7806771729      1.0950000000      11.3518770587      2.9168611303      0.0000000000
2.4440107253            2.7739795826      1.0970000000      11.3470881976      2.9156625494      0.0000000000
2.4432882990            2.7673409132      1.0990000000      11.3423111378      2.9144619012      0.0000000000
2.4425647323            2.7607604791      1.1010000000      11.3375458450      2.9132592265      0.0000000000
2.4418400486            2.7542377479      1.1030000000      11.3327922959      2.9120545656      0.0000000000
2.4411142715            2.7477721166      1.1050000000      11.3280504595      2.9108479585      0.0000000000
2.4403874242            2.7413629605      1.1070000000      11.3233203091      2.9096394448      0.0000000000
2.4396595290            2.7350097383      1.1090000000      11.3186018089      2.9084290625      0.0000000000
2.4389306091            2.7287118586      1.1110000000      11.3138949378      2.9072168516      0.0000000000
2.4382006864            2.7224687888      1.1130000000      11.3091996655      2.9060028491      0.0000000000
2.4374697831            2.7162799115      1.1150000000      11.3045159557      2.9047870933      0.0000000000
2.4367379208            2.7101447249      1.1170000000      11.2998437878      2.9035696211      0.0000000000
2.4360051214            2.7040627105      1.1190000000      11.2951831319      2.9023504698      0.0000000000
2.4352714057            2.6980332455      1.1210000000      11.2905339533      2.9011296754      0.0000000000
2.4345367951            2.6920558794      1.1230000000      11.2858962284      2.8999072742      0.0000000000
2.4338013103            2.6861300942      1.1250000000      11.2812699289      2.8986833020      0.0000000000
2.4330649717            2.6802552970      1.1270000000      11.2766550204      2.8974577938      0.0000000000
2.4323277998            2.6744310581      1.1290000000      11.2720514789      2.8962307844      0.0000000000
2.4315898144            2.6686568765      1.1310000000      11.2674592755      2.8950023083      0.0000000000
2.4308510355            2.6629321763      1.1330000000      11.2628783766      2.8937723998      0.0000000000
2.4301114829            2.6572565484      1.1350000000      11.2583087592      2.8925410927      0.0000000000
2.4293711757            2.6516295081      1.1370000000      11.2537503942      2.8913084200      0.0000000000
2.4286301331            2.6460505185      1.1390000000      11.2492032450      2.8900744147      0.0000000000
2.4278883741            2.6405191604      1.1410000000      11.2446672922      2.8888391097      0.0000000000
2.4271459172            2.6350349636      1.1430000000      11.2401425038      2.8876025366      0.0000000000
2.4264027813            2.6295974567      1.1450000000      11.2356288493      2.8863647283      0.0000000000
2.4256589844            2.6242062049      1.1470000000      11.2311263028      2.8851257156      0.0000000000
2.4249145445            2.6188607160      1.1490000000      11.2266348336      2.8838855296      0.0000000000
2.4241694798            2.6135606048      1.1510000000      11.2221544148      2.8826442018      0.0000000000
2.4234238075            2.6083054300      1.1530000000      11.2176850193      2.8814017619      0.0000000000
2.4226775452            2.6030947092      1.1550000000      11.2132266108      2.8801582402      0.0000000000
2.4219307103            2.5979280705      1.1570000000      11.2087791700      2.8789136670      0.0000000000
2.4211833197            2.5928050568      1.1590000000      11.2043426645      2.8776680713      0.0000000000
2.4204353902            2.5877252849      1.1610000000      11.1999170654      2.8764214824      0.0000000000
2.4196869386            2.5826883490      1.1630000000      11.1955023480      2.8751739291      0.0000000000
2.4189379813            2.5776937976      1.1650000000      11.1910984772      2.8739254402      0.0000000000
2.4181885346            2.5727412836      1.1670000000      11.1867054312      2.8726760436      0.0000000000
2.4174386143            2.5678303582      1.1690000000      11.1823231778      2.8714257669      0.0000000000
2.4166882367            2.5629606838      1.1710000000      11.1779516914      2.8701746384      0.0000000000
2.4159374171            2.5581318569      1.1730000000      11.1735909427      2.8689226843      0.0000000000
2.4151861715            2.5533434835      1.1750000000      11.1692409027      2.8676699330      0.0000000000
2.4144345148            2.5485952249      1.1770000000      11.1649015471      2.8664164096      0.0000000000
2.4136824623            2.5438866469      1.1790000000      11.1605728395      2.8651621414      0.0000000000
2.4129300291            2.5392174518      1.1810000000      11.1562547615      2.8639071543      0.0000000000
2.4121772298            2.5345872040      1.1830000000      11.1519472781      2.8626514739      0.0000000000
2.4114240791            2.5299956133      1.1850000000      11.1476503658      2.8613951256      0.0000000000
2.4106705918            2.5254422821      1.1870000000      11.1433639959      2.8601381353      0.0000000000
2.4099167818            2.5209268882      1.1890000000      11.1390881390      2.8588805271      0.0000000000
2.4091626633            2.5164490743      1.1910000000      11.1348227689      2.8576223256      0.0000000000
2.4084082506            2.5120084922      1.1930000000      11.1305678565      2.8563635562      0.0000000000
2.4076535570            2.5076048255      1.1950000000      11.1263233766      2.8551042417      0.0000000000
2.4068985965            2.5032377063      1.1970000000      11.1220892973      2.8538444067      0.0000000000
2.4061433825            2.4989068504      1.1990000000      11.1178655969      2.8525840745      0.0000000000
