# M(M_sol)                 Lambda          n_Bc(fm^-3)         R(km)            m_B(M_sol)        m_Bquar/M_B
0.1510454454     47307156.3598853126      0.0910000000      23.8492734212      0.1512840951      0.0000000000
0.1575459631     38567118.7855036557      0.0930000000      22.7980538512      0.1578757857      0.0000000000
0.1641902452     31692386.5619634278      0.0950000000      21.9046398884      0.1646192990      0.0000000000
0.1709688602     26223724.5771989040      0.0970000000      21.1381591482      0.1715053936      0.0000000000
0.1778731884     21833001.1793613322      0.0990000000      20.4751169656      0.1785256278      0.0000000000
0.1848953042     18279667.1758706383      0.1010000000      19.8973393893      0.1856722429      0.0000000000
0.1920278912     15383921.6447221283      0.1030000000      19.3905649543      0.1929380782      0.0000000000
0.1992641713     13009266.6167260837      0.1050000000      18.9434561596      0.2003165009      0.0000000000
0.2065978502     11050795.4119654167      0.1070000000      18.5468961964      0.2078013520      0.0000000000
0.2140230711      9427040.7083110567      0.1090000000      18.1934774642      0.2153869005      0.0000000000
0.2215343770      8074175.2648311397      0.1110000000      17.8771240684      0.2230678064      0.0000000000
0.2291266801      6941804.6680260487      0.1130000000      17.5928099732      0.2308390905      0.0000000000
0.2367318241      5997049.5791464904      0.1150000000      17.3383489100      0.2386311079      0.0000000000
0.2442571588      5212754.2537649758      0.1170000000      17.1120965425      0.2463488141      0.0000000000
0.2517660799      4551539.6075274274      0.1190000000      16.9081255422      0.2540570680      0.0000000000
0.2592739668      3989798.9388880446      0.1210000000      16.7230445417      0.2617716193      0.0000000000
0.2667875175      3509769.7642437257      0.1230000000      16.5542939364      0.2694993474      0.0000000000
0.2743103855      3097521.5294357724      0.1250000000      16.3998119253      0.2772440234      0.0000000000
0.2818448037      2741917.7208750308      0.1270000000      16.2578922786      0.2850079700      0.0000000000
0.2893922420      2433944.3761477862      0.1290000000      16.1270994357      0.2927927331      0.0000000000
0.2969537320      2166238.4236911419      0.1310000000      16.0062124048      0.3005994131      0.0000000000
0.3045300379      1932739.1088381028      0.1330000000      15.8941837397      0.3084288389      0.0000000000
0.3121217563      1728425.5234071284      0.1350000000      15.7901081413      0.3162816713      0.0000000000
0.3197293784      1549114.1047007993      0.1370000000      15.6931985314      0.3241584649      0.0000000000
0.3273533266      1391302.0638611692      0.1390000000      15.6027675320      0.3320597064      0.0000000000
0.3349939817      1252041.8470598834      0.1410000000      15.5182113937      0.3399858420      0.0000000000
0.3426516967      1128842.6391974287      0.1430000000      15.4389974313      0.3479372922      0.0000000000
0.3503268096      1019591.5561255986      0.1450000000      15.3646547551      0.3559144641      0.0000000000
0.3580196477       922489.0606308250      0.1470000000      15.2947644507      0.3639177562      0.0000000000
0.3657305345       835997.3883870835      0.1490000000      15.2289534965      0.3719475655      0.0000000000
0.3734597913       758797.6763841683      0.1510000000      15.1668880354      0.3800042891      0.0000000000
0.3812077397       689755.8225807719      0.1530000000      15.1082690999      0.3880883268      0.0000000000
0.3889746985       627893.1570912352      0.1550000000      15.0528273698      0.3962000776      0.0000000000
0.3967609876       572363.0938175143      0.1570000000      15.0003204836      0.4043399444      0.0000000000
0.4045669248       522431.0928991940      0.1590000000      14.9505291768      0.4125083296      0.0000000000
0.4123928360       477458.1766763281      0.1610000000      14.9032549148      0.4207056468      0.0000000000
0.4202390170       436887.3093364383      0.1630000000      14.8583175074      0.4289322804      0.0000000000
0.4281057844       400231.5491527640      0.1650000000      14.8155529762      0.4371886388      0.0000000000
0.4359934398       367064.3075641303      0.1670000000      14.7748118090      0.4454751167      0.0000000000
0.4439022788       337011.0617997489      0.1690000000      14.7359575420      0.4537921049      0.0000000000
0.4518325872       309742.3140053573      0.1710000000      14.6988653760      0.4621399862      0.0000000000
0.4597846405       284967.5201577572      0.1730000000      14.6634206839      0.4705191346      0.0000000000
0.4677587022       262430.1011947721      0.1750000000      14.6295184892      0.4789299135      0.0000000000
0.4757550223       241902.9624034005      0.1770000000      14.5970621678      0.4873726744      0.0000000000
0.4837738365       223184.7443382724      0.1790000000      14.5659626824      0.4958477555      0.0000000000
0.4918153642       206096.5870067411      0.1810000000      14.5361379493      0.5043554799      0.0000000000
0.4998798071       190479.4084182691      0.1830000000      14.5075120965      0.5128961537      0.0000000000
0.5079673443       176191.4164776372      0.1850000000      14.4800150624      0.5214700613      0.0000000000
0.5160781478       163106.0267090173      0.1870000000      14.4535816362      0.5300774809      0.0000000000
0.5242123565       151110.1201050328      0.1890000000      14.4281517116      0.5387186575      0.0000000000
0.5323700916       140102.3753986744      0.1910000000      14.4036691684      0.5473938192      0.0000000000
0.5405514505       129992.0136106664      0.1930000000      14.3800819883      0.5561031697      0.0000000000
0.5487565080       120697.4765588406      0.1950000000      14.3573415776      0.5648468907      0.0000000000
0.5569853150       112145.4472180744      0.1970000000      14.3354028174      0.5736251394      0.0000000000
0.5652378953       104269.9465288467      0.1990000000      14.3142233813      0.5824380455      0.0000000000
0.5735142483        97011.4793425555      0.2010000000      14.2937638619      0.5912857137      0.0000000000
0.5818143473        90316.3498544944      0.2030000000      14.2739873229      0.6001682218      0.0000000000
0.5901381378        84136.0516763050      0.2050000000      14.2548592130      0.6090856190      0.0000000000
0.5984855381        78426.6835518667      0.2070000000      14.2363470108      0.6180379259      0.0000000000
0.6068564402        73148.4991754490      0.2090000000      14.2184203915      0.6270251356      0.0000000000
0.6152507063        68265.4647085420      0.2110000000      14.2010506941      0.6360472099      0.0000000000
0.6236681720        63744.8436514138      0.2130000000      14.1842109544      0.6451040823      0.0000000000
0.6321086435        59556.9277114606      0.2150000000      14.1678758773      0.6541956551      0.0000000000
0.6405718997        55674.6739227794      0.2170000000      14.1520215672      0.6633218010      0.0000000000
0.6490576896        52073.4670978798      0.2190000000      14.1366254622      0.6724823608      0.0000000000
0.6575657355        48730.8735471760      0.2210000000      14.1216663093      0.6816771463      0.0000000000
0.6660957297        45626.4287597863      0.2230000000      14.1071238389      0.6909059365      0.0000000000
0.6746473383        42741.4495110108      0.2250000000      14.0929791403      0.7001684818      0.0000000000
0.6832201979        40058.8665909378      0.2270000000      14.0792140992      0.7094644997      0.0000000000
0.6918139185        37563.0591230094      0.2290000000      14.0658116379      0.7187936787      0.0000000000
0.7004280814        35239.7409874321      0.2310000000      14.0527554208      0.7281556747      0.0000000000
0.7090622425        33075.8124436904      0.2330000000      14.0400301283      0.7375501156      0.0000000000
0.7177159302        31059.2696550000      0.2350000000      14.0276210444      0.7469765977      0.0000000000
0.7263886466        29179.0962647572      0.2370000000      14.0155142171      0.7564346876      0.0000000000
0.7350798686        27425.1799657762      0.2390000000      14.0036963935      0.7659239227      0.0000000000
0.7437890477        25788.2218132381      0.2410000000      13.9921548196      0.7754438114      0.0000000000
0.7525156112        24259.6757589082      0.2430000000      13.9808775331      0.7849938338      0.0000000000
0.7612589617        22831.6771314485      0.2450000000      13.9698529395      0.7945734408      0.0000000000
0.7700184791        21496.9830208720      0.2470000000      13.9590700414      0.8041820564      0.0000000000
0.7787935205        20248.9179442884      0.2490000000      13.9485183116      0.8138190777      0.0000000000
0.7875834213        19081.3273474052      0.2510000000      13.9381877099      0.8234838754      0.0000000000
0.7963874952        17988.5345284578      0.2530000000      13.9280686119      0.8331757938      0.0000000000
0.8052050354        16965.2974423905      0.2550000000      13.9181517077      0.8428941519      0.0000000000
0.8140353163        16006.7729163862      0.2570000000      13.9084282435      0.8526382456      0.0000000000
0.8228775918        15108.4852872035      0.2590000000      13.8988896552      0.8624073445      0.0000000000
0.8317310991        14266.2960420890      0.2610000000      13.8895278678      0.8722006975      0.0000000000
0.8405950577        13476.3744856916      0.2630000000      13.8803350587      0.8820175301      0.0000000000
0.8494686707        12735.1741052095      0.2650000000      13.8713037287      0.8918570467      0.0000000000
0.8583511255        12039.4087483663      0.2670000000      13.8624266231      0.9017184306      0.0000000000
0.8672415949        11386.0346836966      0.2690000000      13.8536968601      0.9116008454      0.0000000000
0.8761392381        10772.2264856523      0.2710000000      13.8451077201      0.9215034359      0.0000000000
0.8850432010        10195.3662231293      0.2730000000      13.8366528258      0.9314253282      0.0000000000
0.8939526176         9653.0214560200      0.2750000000      13.8283259865      0.9413656312      0.0000000000
0.9028666111         9142.9336759851      0.2770000000      13.8201212835      0.9513234378      0.0000000000
0.9117842939         8663.0045381495      0.2790000000      13.8120329232      0.9612978247      0.0000000000
0.9207047694         8211.2835201365      0.2810000000      13.8040554188      0.9712878540      0.0000000000
0.9296271324         7785.9567944631      0.2830000000      13.7961834085      0.9812925741      0.0000000000
0.9385504703         7385.3366219734      0.2850000000      13.7884118271      0.9913110208      0.0000000000
0.9474738634         7007.8525682609      0.2870000000      13.7807356794      1.0013422169      0.0000000000
0.9563963871         6652.0411655862      0.2890000000      13.7731502432      1.0113851756      0.0000000000
0.9653171107         6316.5396526971      0.2910000000      13.7656508313      1.0214388982      0.0000000000
0.9742351000         6000.0786935527      0.2930000000      13.7582330557      1.0315023775      0.0000000000
0.9831494179         5701.4733489355      0.2950000000      13.7508926481      1.0415745982      0.0000000000
0.9920591241         5419.6199665917      0.2970000000      13.7436253946      1.0516545362      0.0000000000
1.0009632776         5153.4877300046      0.2990000000      13.7364273861      1.0617411621      0.0000000000
1.0098609360         4902.1143151874      0.3010000000      13.7292947197      1.0718334396      0.0000000000
1.0187511574         4664.6019201728      0.3030000000      13.7222236916      1.0819303280      0.0000000000
1.0276330004         4440.1111962417      0.3050000000      13.7152107176      1.0920307821      0.0000000000
1.0365055256         4227.8580132736      0.3070000000      13.7082523270      1.1021337541      0.0000000000
1.0453677953         4027.1092406307      0.3090000000      13.7013451835      1.1122381923      0.0000000000
1.0542188752         3837.1796819414      0.3110000000      13.6944860598      1.1223430446      0.0000000000
1.0630578355         3657.4271598878      0.3130000000      13.6876718308      1.1324472580      0.0000000000
1.0718837497         3487.2523355195      0.3150000000      13.6808995015      1.1425497785      0.0000000000
1.0806956971         3326.0931289763      0.3170000000      13.6741661846      1.1526495534      0.0000000000
1.0894927632         3173.4229667781      0.3190000000      13.6674690938      1.1627455320      0.0000000000
1.0982740387         3028.7494359215      0.3210000000      13.6608054873      1.1728366641      0.0000000000
1.1070386228         2891.6103487827      0.3230000000      13.6541728131      1.1829219040      0.0000000000
1.1157856213         2761.5728318049      0.3250000000      13.6475685612      1.1930002088      0.0000000000
1.1245141488         2638.2307549875      0.3270000000      13.6409903166      1.2030705399      0.0000000000
1.1332233284         2521.2033291322      0.3290000000      13.6344357805      1.2131318638      0.0000000000
1.1419122925         2410.1331149399      0.3310000000      13.6279026571      1.2231831523      0.0000000000
1.1505801834         2304.6847157132      0.3330000000      13.6213888410      1.2332233835      0.0000000000
1.1592261536         2204.5431454859      0.3350000000      13.6148922697      1.2432515424      0.0000000000
1.1678493660         2109.4126923116      0.3370000000      13.6084109039      1.2532666206      0.0000000000
1.1764489954         2019.0154471092      0.3390000000      13.6019428519      1.2632676187      0.0000000000
1.1850242275         1933.0902196030      0.3410000000      13.5954862966      1.2732535452      0.0000000000
1.1935742603         1851.3914408085      0.3430000000      13.5890394198      1.2832234173      0.0000000000
1.2020983040         1773.6883819415      0.3450000000      13.5826005670      1.2931762621      0.0000000000
1.2105955814         1699.7638759192      0.3470000000      13.5761680813      1.3031111162      0.0000000000
1.2190653284         1629.4135763642      0.3490000000      13.5697404175      1.3130270271      0.0000000000
1.2275067941         1562.4452952720      0.3510000000      13.5633160593      1.3229230524      0.0000000000
1.2359192414         1498.6778975914      0.3530000000      13.5568935871      1.3327982617      0.0000000000
1.2443019469         1437.9408920040      0.3550000000      13.5504716183      1.3426517356      0.0000000000
1.2526542012         1380.0738139901      0.3570000000      13.5440488412      1.3524825672      0.0000000000
1.2609753095         1324.9251850458      0.3590000000      13.5376240118      1.3622898617      0.0000000000
1.2692645911         1272.3525746994      0.3610000000      13.5311959071      1.3720727367      0.0000000000
1.2775213827         1222.2214459906      0.3630000000      13.5247633916      1.3818303263      0.0000000000
1.2857450284         1174.4050446324      0.3650000000      13.5183253787      1.3915617686      0.0000000000
1.2939348941         1128.7837335698      0.3670000000      13.5118808325      1.4012662234      0.0000000000
1.3020903603         1085.2447078917      0.3690000000      13.5054287522      1.4109428641      0.0000000000
1.3102108215         1043.6813789320      0.3710000000      13.4989681956      1.4205908763      0.0000000000
1.3182956858         1003.9933024664      0.3730000000      13.4924982820      1.4302094578      0.0000000000
1.3263443792          966.0854173635      0.3750000000      13.4860181567      1.4397978241      0.0000000000
1.3343563422          929.8680922182      0.3770000000      13.4795270206      1.4493552040      0.0000000000
1.3423310308          895.2565969225      0.3790000000      13.4730241093      1.4588808413      0.0000000000
1.3502679167          862.1708177290      0.3810000000      13.4665087091      1.4683739947      0.0000000000
1.3581664872          830.5350067702      0.3830000000      13.4599801615      1.4778339383      0.0000000000
1.3660262447          800.2776476899      0.3850000000      13.4534377975      1.4872599608      0.0000000000
1.3738467075          771.3309821186      0.3870000000      13.4468810501      1.4966513669      0.0000000000
1.3816274094          743.6309571191      0.3890000000      13.4403093329      1.5060074761      0.0000000000
1.3893678996          717.1169355528      0.3910000000      13.4337221489      1.5153276240      0.0000000000
1.3970677426          691.7315659333      0.3930000000      13.4271190047      1.5246111610      0.0000000000
1.4047265184          667.4204872541      0.3950000000      13.4204994274      1.5338574538      0.0000000000
1.4123438220          644.1322838037      0.3970000000      13.4138629979      1.5430658840      0.0000000000
1.4199192641          621.8181580738      0.3990000000      13.4072093595      1.5522358496      0.0000000000
1.4274524699          600.4319465470      0.4010000000      13.4005381160      1.5613667635      0.0000000000
1.4349430800          579.9299048679      0.4030000000      13.3938489528      1.5704580546      0.0000000000
1.4423907496          560.2705295980      0.4050000000      13.3871415716      1.5795091672      0.0000000000
1.4497951487          541.4144575978      0.4070000000      13.3804156982      1.5885195614      0.0000000000
1.4571559622          523.3243726729      0.4090000000      13.3736711079      1.5974887126      0.0000000000
1.4644728889          505.9648732361      0.4110000000      13.3669075349      1.6064161117      0.0000000000
1.4717456425          489.3023515589      0.4130000000      13.3601248307      1.6153012651      0.0000000000
1.4789739505          473.3049317401      0.4150000000      13.3533228094      1.6241436945      0.0000000000
1.4861575546          457.9423376571      0.4170000000      13.3465013192      1.6329429367      0.0000000000
1.4932962101          443.1858020093      0.4190000000      13.3396602496      1.6416985440      0.0000000000
1.5003896863          429.0080386735      0.4210000000      13.3327995016      1.6504100833      0.0000000000
1.5074377657          415.3830611367      0.4230000000      13.3259189679      1.6590771368      0.0000000000
1.5144402442          402.2862493015      0.4250000000      13.3190186167      1.6676993013      0.0000000000
1.5213969310          389.6941491772      0.4270000000      13.3120983970      1.6762761887      0.0000000000
1.5283076479          377.5844887869      0.4290000000      13.3051582952      1.6848074250      0.0000000000
1.5351722276          365.9360521797      0.4310000000      13.2981982870      1.6932926484      0.0000000000
1.5419905214          354.7286896848      0.4330000000      13.2912184098      1.7017315191      0.0000000000
1.5487623868          343.9432475729      0.4350000000      13.2842186712      1.7101237035      0.0000000000
1.5554876956          333.5614349779      0.4370000000      13.2771991392      1.7184688851      0.0000000000
1.5621663313          323.5658992288      0.4390000000      13.2701598643      1.7267667607      0.0000000000
1.5687981892          313.9400978479      0.4410000000      13.2631009310      1.7350170412      0.0000000000
1.5753831762          304.6682691148      0.4430000000      13.2560224056      1.7432194508      0.0000000000
1.5819212104          295.7354104882      0.4450000000      13.2489244223      1.7513737272      0.0000000000
1.5884122209          287.1272269016      0.4470000000      13.2418070816      1.7594796213      0.0000000000
1.5948561477          278.8301213268      0.4490000000      13.2346705129      1.7675368967      0.0000000000
1.6012529416          270.8310534514      0.4510000000      13.2275148564      1.7755453305      0.0000000000
1.6076025636          263.1176900471      0.4530000000      13.2203402679      1.7835047117      0.0000000000
1.6139049851          255.6782043079      0.4550000000      13.2131469054      1.7914148423      0.0000000000
1.6201601872          248.5013374387      0.4570000000      13.2059349493      1.7992755364      0.0000000000
1.6263681611          241.5763542707      0.4590000000      13.1987045740      1.8070866201      0.0000000000
1.6325289074          234.8929961956      0.4610000000      13.1914559761      1.8148479316      0.0000000000
1.6386424361          228.4414822807      0.4630000000      13.1841893502      1.8225593205      0.0000000000
1.6447087661          222.2124726830      0.4650000000      13.1769049154      1.8302206483      0.0000000000
1.6507279256          216.1970438112      0.4670000000      13.1696028731      1.8378317876      0.0000000000
1.6566999512          210.3866861617      0.4690000000      13.1622834648      1.8453926220      0.0000000000
1.6626248880          204.7732517750      0.4710000000      13.1549468955      1.8529030463      0.0000000000
1.6685027896          199.3489729703      0.4730000000      13.1475934315      1.8603629658      0.0000000000
1.6743337173          194.1064314523      0.4750000000      13.1402233027      1.8677722965      0.0000000000
1.6801177407          189.0384957747      0.4770000000      13.1328367545      1.8751309646      0.0000000000
1.6858549366          184.1384001770      0.4790000000      13.1254340511      1.8824389065      0.0000000000
1.6915453895          179.3996457266      0.4810000000      13.1180154503      1.8896960685      0.0000000000
1.6971891911          174.8160254249      0.4830000000      13.1105812107      1.8969024066      0.0000000000
1.7027864401          170.3815943726      0.4850000000      13.1031316131      1.9040578864      0.0000000000
1.7083372421          166.0906616786      0.4870000000      13.0956669226      1.9111624828      0.0000000000
1.7138417092          161.9377955489      0.4890000000      13.0881874127      1.9182161799      0.0000000000
1.7192999602          157.9177877430      0.4910000000      13.0806933718      1.9252189706      0.0000000000
1.7247121199          154.0256482343      0.4930000000      13.0731850805      1.9321708567      0.0000000000
1.7300783193          150.2565972008      0.4950000000      13.0656628353      1.9390718487      0.0000000000
1.7353986952          146.6060727353      0.4970000000      13.0581269091      1.9459219650      0.0000000000
1.7406733903          143.0696812781      0.4990000000      13.0505776184      1.9527212327      0.0000000000
1.7459025524          139.6432327290      0.5010000000      13.0430152242      1.9594696864      0.0000000000
1.7510863351          136.3226952255      0.5030000000      13.0354400498      1.9661673689      0.0000000000
1.7562248969          133.1042162843      0.5050000000      13.0278523880      1.9728143305      0.0000000000
1.7613184012          129.9841002614      0.5070000000      13.0202525295      1.9794106287      0.0000000000
1.7663670164          126.9587941689      0.5090000000      13.0126407818      1.9859563285      0.0000000000
1.7713709155          124.0248999204      0.5110000000      13.0050174455      1.9924515020      0.0000000000
1.7763302760          121.1791542841      0.5130000000      12.9973828245      1.9988962280      0.0000000000
1.7812452795          118.4184239444      0.5150000000      12.9897372271      2.0052905921      0.0000000000
1.7861161121          115.7397042869      0.5170000000      12.9820809426      2.0116346864      0.0000000000
1.7909429636          113.1401167735      0.5190000000      12.9744142832      2.0179286093      0.0000000000
1.7957260277          110.6168820696      0.5210000000      12.9667375634      2.0241724655      0.0000000000
1.8004655020          108.1673483716      0.5230000000      12.9590510742      2.0303663658      0.0000000000
1.8051615874          105.7889604655      0.5250000000      12.9513551247      2.0365104266      0.0000000000
1.8098144882          103.4792665139      0.5270000000      12.9436500269      2.0426047700      0.0000000000
1.8144244121          101.2359058354      0.5290000000      12.9359360595      2.0486495239      0.0000000000
1.8189915698           99.0566167682      0.5310000000      12.9282135527      2.0546448214      0.0000000000
1.8235161750           96.9392216535      0.5330000000      12.9204827939      2.0605908007      0.0000000000
1.8279984443           94.8816278280      0.5350000000      12.9127440929      2.0664876051      0.0000000000
1.8324385969           92.8818242083      0.5370000000      12.9049977447      2.0723353829      0.0000000000
1.8368368546           90.9378761466      0.5390000000      12.8972440478      2.0781342872      0.0000000000
1.8411934418           89.0479232119      0.5410000000      12.8894833011      2.0838844753      0.0000000000
1.8455085851           87.2101753292      0.5430000000      12.8817158051      2.0895861094      0.0000000000
1.8497825132           85.4229099251      0.5450000000      12.8739418489      2.0952393558      0.0000000000
1.8540154570           83.6844730344      0.5470000000      12.8661617351      2.1008443850      0.0000000000
1.8582076495           81.9932599351      0.5490000000      12.8583757468      2.1064013714      0.0000000000
1.8623593254           80.3477470012      0.5510000000      12.8505841765      2.1119104935      0.0000000000
1.8664707212           78.7464515613      0.5530000000      12.8427873202      2.1173719333      0.0000000000
1.8705420749           77.1879461519      0.5550000000      12.8349854571      2.1227858767      0.0000000000
1.8745736264           75.6708664639      0.5570000000      12.8271788755      2.1281525129      0.0000000000
1.8785656168           74.1938865561      0.5590000000      12.8193678584      2.1334720344      0.0000000000
1.8825182883           72.7557380855      0.5610000000      12.8115526828      2.1387446371      0.0000000000
1.8864318849           71.3551899383      0.5630000000      12.8037336372      2.1439705201      0.0000000000
1.8903066512           69.9910640667      0.5650000000      12.7959109981      2.1491498852      0.0000000000
1.8941428332           68.6622231623      0.5670000000      12.7880850184      2.1542829371      0.0000000000
1.8979406778           67.3675639894      0.5690000000      12.7802559938      2.1593698835      0.0000000000
1.9017004326           66.1060304348      0.5710000000      12.7724241917      2.1644109347      0.0000000000
1.9054223463           64.8766010763      0.5730000000      12.7645898739      2.1694063034      0.0000000000
1.9091066680           63.6782910704      0.5750000000      12.7567533079      2.1743562047      0.0000000000
1.9127536476           62.5101508759      0.5770000000      12.7489147583      2.1792608561      0.0000000000
1.9163635354           61.3712621597      0.5790000000      12.7410744828      2.1841204772      0.0000000000
1.9199365824           60.2607408112      0.5810000000      12.7332327318      2.1889352901      0.0000000000
1.9234730399           59.1777316518      0.5830000000      12.7253897801      2.1937055185      0.0000000000
1.9269731595           58.1214123871      0.5850000000      12.7175458673      2.1984313880      0.0000000000
1.9304371929           57.0909872542      0.5870000000      12.7097012438      2.2031131263      0.0000000000
1.9338653922           56.0856866646      0.5890000000      12.7018561571      2.2077509626      0.0000000000
1.9372580097           55.1047677635      0.5910000000      12.6940108649      2.2123451278      0.0000000000
1.9406152976           54.1475165442      0.5930000000      12.6861655847      2.2168958544      0.0000000000
1.9439375079           53.2132365486      0.5950000000      12.6783205847      2.2214033763      0.0000000000
1.9472248930           52.3012630834      0.5970000000      12.6704760754      2.2258679286      0.0000000000
1.9504777049           51.4109443239      0.5990000000      12.6626323178      2.2302897481      0.0000000000
1.9536961954           50.5416603773      0.6010000000      12.6547895237      2.2346690724      0.0000000000
1.9568806161           49.6928054393      0.6030000000      12.6469479245      2.2390061404      0.0000000000
1.9600312185           48.8637927372      0.6050000000      12.6391077571      2.2433011920      0.0000000000
1.9631482534           48.0540620487      0.6070000000      12.6312692350      2.2475544681      0.0000000000
1.9662319715           47.2630645764      0.6090000000      12.6234325811      2.2517662105      0.0000000000
1.9692826230           46.4902733290      0.6110000000      12.6155980156      2.2559366618      0.0000000000
1.9723004575           45.7351772435      0.6130000000      12.6077657522      2.2600660653      0.0000000000
1.9752857244           44.9972815407      0.6150000000      12.5999360051      2.2641546651      0.0000000000
1.9782386721           44.2761081078      0.6170000000      12.5921089847      2.2682027058      0.0000000000
1.9811595487           43.5711940970      0.6190000000      12.5842848994      2.2722104328      0.0000000000
1.9840486015           42.8820913498      0.6210000000      12.5764639483      2.2761780915      0.0000000000
1.9869060772           42.2083675725      0.6230000000      12.5686463366      2.2801059282      0.0000000000
1.9897322217           41.5496018504      0.6250000000      12.5608322659      2.2839941893      0.0000000000
1.9925272801           40.9053867460      0.6270000000      12.5530219240      2.2878431218      0.0000000000
1.9952914969           40.2753317810      0.6290000000      12.5452155071      2.2916529724      0.0000000000
1.9980251156           39.6590522688      0.6310000000      12.5374132226      2.2954239887      0.0000000000
2.0007283789           39.0561800130      0.6330000000      12.5296152319      2.2991564178      0.0000000000
2.0034015285           38.4663588809      0.6350000000      12.5218217358      2.3028505072      0.0000000000
2.0060448055           37.8892394282      0.6370000000      12.5140329184      2.3065065046      0.0000000000
2.0086584495           37.3244882686      0.6390000000      12.5062489553      2.3101246573      0.0000000000
2.0112426996           36.7717773388      0.6410000000      12.4984700282      2.3137052128      0.0000000000
2.0137977937           36.2307933509      0.6430000000      12.4906963121      2.3172484184      0.0000000000
2.0163239688           35.7012279934      0.6450000000      12.4829279708      2.3207545213      0.0000000000
2.0188214606           35.1827868506      0.6470000000      12.4751651824      2.3242237684      0.0000000000
2.0212905040           34.6751817861      0.6490000000      12.4674081165      2.3276564066      0.0000000000
2.0237313327           34.1781324961      0.6510000000      12.4596569263      2.3310526821      0.0000000000
2.0261441791           33.6913695850      0.6530000000      12.4519117855      2.3344128412      0.0000000000
2.0285292749           33.2146306626      0.6550000000      12.4441728475      2.3377371296      0.0000000000
2.0308868501           32.7476606716      0.6570000000      12.4364402714      2.3410257927      0.0000000000
2.0332171339           32.2902119657      0.6590000000      12.4287142171      2.3442790755      0.0000000000
2.0355203542           31.8420458611      0.6610000000      12.4209948288      2.3474972222      0.0000000000
2.0377967377           31.4029290490      0.6630000000      12.4132822585      2.3506804771      0.0000000000
2.0400465099           30.9726357087      0.6650000000      12.4055766532      2.3538290834      0.0000000000
2.0422698951           30.5509465364      0.6670000000      12.3978781584      2.3569432839      0.0000000000
2.0444671161           30.1376485801      0.6690000000      12.3901869166      2.3600233211      0.0000000000
2.0466383948           29.7325352667      0.6710000000      12.3825030679      2.3630694364      0.0000000000
2.0487839516           29.3354059586      0.6730000000      12.3748267516      2.3660818707      0.0000000000
2.0509040056           28.9460653818      0.6750000000      12.3671581015      2.3690608645      0.0000000000
2.0529987747           28.5643241310      0.6770000000      12.3594972539      2.3720066572      0.0000000000
2.0550684755           28.1899983954      0.6790000000      12.3518443389      2.3749194876      0.0000000000
2.0571133232           27.8229090442      0.6810000000      12.3441994768      2.3777995938      0.0000000000
2.0591335317           27.4628829138      0.6830000000      12.3365628030      2.3806472130      0.0000000000
2.0611293136           27.1097509910      0.6850000000      12.3289344466      2.3834625816      0.0000000000
2.0631008802           26.7633487860      0.6870000000      12.3213145104      2.3862459353      0.0000000000
2.0650484413           26.4235175393      0.6890000000      12.3137031298      2.3889975087      0.0000000000
2.0669722054           26.0901012951      0.6910000000      12.3061004226      2.3917175357      0.0000000000
2.0688723797           25.7629502366      0.6930000000      12.2985064963      2.3944062493      0.0000000000
2.0707491702           25.4419172035      0.6950000000      12.2909214717      2.3970638816      0.0000000000
2.0726027811           25.1268600088      0.6970000000      12.2833454522      2.3996906635      0.0000000000
2.0744334156           24.8176397702      0.6990000000      12.2757785548      2.4022868254      0.0000000000
2.0762412753           24.5141221651      0.7010000000      12.2682208819      2.4048525962      0.0000000000
2.0780265605           24.2161750164      0.7030000000      12.2606725404      2.4073882042      0.0000000000
2.0797894704           23.9236717425      0.7050000000      12.2531336319      2.4098938766      0.0000000000
2.0815302022           23.6364872671      0.7070000000      12.2456042603      2.4123698396      0.0000000000
2.0832489523           23.3545013130      0.7090000000      12.2380845224      2.4148163183      0.0000000000
2.0849459152           23.0775964787      0.7110000000      12.2305745147      2.4172335367      0.0000000000
2.0866212846           22.8056579708      0.7130000000      12.2230743392      2.4196217179      0.0000000000
2.0882752523           22.5385743445      0.7150000000      12.2155840783      2.4219810837      0.0000000000
2.0899080090           22.2762370247      0.7170000000      12.2081038317      2.4243118553      0.0000000000
2.0915197438           22.0185406628      0.7190000000      12.2006336885      2.4266142521      0.0000000000
2.0931106446           21.7653829921      0.7210000000      12.1931737303      2.4288884929      0.0000000000
2.0946808979           21.5166629384      0.7230000000      12.1857240507      2.4311347954      0.0000000000
2.0962306886           21.2722830977      0.7250000000      12.1782847336      2.4333533757      0.0000000000
2.0977602005           21.0321488143      0.7270000000      12.1708558586      2.4355444494      0.0000000000
2.0992696158           20.7961674957      0.7290000000      12.1634375066      2.4377082304      0.0000000000
2.1007591155           20.5642490073      0.7310000000      12.1560297571      2.4398449320      0.0000000000
2.1022288791           20.3363055264      0.7330000000      12.1486326868      2.4419547657      0.0000000000
2.1036790847           20.1122515287      0.7350000000      12.1412463725      2.4440379424      0.0000000000
2.1051099090           19.8920036600      0.7370000000      12.1338708886      2.4460946714      0.0000000000
2.1065215277           19.6754804157      0.7390000000      12.1265063059      2.4481251613      0.0000000000
2.1079141145           19.4626024863      0.7410000000      12.1191526987      2.4501296190      0.0000000000
2.1092878424           19.2532928900      0.7430000000      12.1118101379      2.4521082507      0.0000000000
2.1106428826           19.0474764590      0.7450000000      12.1044786823      2.4540612610      0.0000000000
2.1119794049           18.8450796035      0.7470000000      12.0971584000      2.4559888532      0.0000000000
2.1132975783           18.6460308847      0.7490000000      12.0898493621      2.4578912302      0.0000000000
2.1145975697           18.4502605870      0.7510000000      12.0825516278      2.4597685929      0.0000000000
2.1158795454           18.2576999477      0.7530000000      12.0752652632      2.4616211412      0.0000000000
2.1171436697           18.0682835949      0.7550000000      12.0679903188      2.4634490739      0.0000000000
2.1183901061           17.8819465183      0.7570000000      12.0607268575      2.4652525885      0.0000000000
2.1196190164           17.6986245282      0.7590000000      12.0534749467      2.4670318814      0.0000000000
2.1208305614           17.5182575038      0.7610000000      12.0462346250      2.4687871477      0.0000000000
2.1220249004           17.3407847497      0.7630000000      12.0390059618      2.4705185812      0.0000000000
2.1232021913           17.1661469911      0.7650000000      12.0317889974      2.4722263745      0.0000000000
2.1243625908           16.9942879430      0.7670000000      12.0245837929      2.4739107190      0.0000000000
2.1255062546           16.8251504949      0.7690000000      12.0173903967      2.4755718052      0.0000000000
2.1266333366           16.6586816580      0.7710000000      12.0102088557      2.4772098219      0.0000000000
2.1277439897           16.4948266414      0.7730000000      12.0030392196      2.4788249568      0.0000000000
2.1288383656           16.3335349893      0.7750000000      11.9958815350      2.4804173965      0.0000000000
2.1299166145           16.1747544062      0.7770000000      11.9887358423      2.4819873265      0.0000000000
2.1309788854           16.0184366542      0.7790000000      11.9816021918      2.4835349306      0.0000000000
2.1320253263           15.8645324468      0.7810000000      11.9744806244      2.4850603919      0.0000000000
2.1330560835           15.7129949754      0.7830000000      11.9673711827      2.4865638921      0.0000000000
2.1340713025           15.5637783175      0.7850000000      11.9602739040      2.4880456114      0.0000000000
2.1350711275           15.4168367160      0.7870000000      11.9531888288      2.4895057294      0.0000000000
2.1360557010           15.2721266047      0.7890000000      11.9461159977      2.4909444237      0.0000000000
2.1370251648           15.1296052065      0.7910000000      11.9390554409      2.4923618714      0.0000000000
2.1379796592           14.9892299385      0.7930000000      11.9320072066      2.4937582478      0.0000000000
2.1389193237           14.8509597155      0.7950000000      11.9249713140      2.4951337278      0.0000000000
2.1398442961           14.7147550393      0.7970000000      11.9179478074      2.4964884841      0.0000000000
2.1407547133           14.5805765330      0.7990000000      11.9109367129      2.4978226889      0.0000000000
2.1416507109           14.4483853276      0.8010000000      11.9039380719      2.4991365130      0.0000000000
2.1425324234           14.3181445665      0.8030000000      11.8969519081      2.5004301258      0.0000000000
2.1433999840           14.1898173328      0.8050000000      11.8899782454      2.5017036959      0.0000000000
2.1442535250           14.0633679043      0.8070000000      11.8830171198      2.5029573905      0.0000000000
2.1450931772           13.9387614796      0.8090000000      11.8760685565      2.5041913754      0.0000000000
2.1459190706           13.8159637876      0.8110000000      11.8691325822      2.5054058155      0.0000000000
2.1467313338           13.6949413182      0.8130000000      11.8622092227      2.5066008746      0.0000000000
2.1475300945           13.5756613648      0.8150000000      11.8552985024      2.5077767150      0.0000000000
2.1483154791           13.4580919274      0.8170000000      11.8484004445      2.5089334982      0.0000000000
2.1490876128           13.3422017847      0.8190000000      11.8415150717      2.5100713842      0.0000000000
2.1498466201           13.2279603015      0.8210000000      11.8346424060      2.5111905321      0.0000000000
2.1505926239           13.1153375650      0.8230000000      11.8277824679      2.5122910995      0.0000000000
2.1513257464           13.0043043161      0.8250000000      11.8209352781      2.5133732433      0.0000000000
2.1520461085           12.8948319405      0.8270000000      11.8141008552      2.5144371189      0.0000000000
2.1527538301           12.7868924327      0.8290000000      11.8072792176      2.5154828807      0.0000000000
2.1534490300           12.6804584171      0.8310000000      11.8004703843      2.5165106818      0.0000000000
2.1541318261           12.5755028744      0.8330000000      11.7936743695      2.5175206747      0.0000000000
2.1548023349           12.4719997120      0.8350000000      11.7868911854      2.5185130098      0.0000000000
2.1554606723           12.3699233570      0.8370000000      11.7801208514      2.5194878374      0.0000000000
2.1561069528           12.2692485986      0.8390000000      11.7733633828      2.5204453060      0.0000000000
2.1567412900           12.1699507131      0.8410000000      11.7666187907      2.5213855634      0.0000000000
2.1573637966           12.0720056211      0.8430000000      11.7598870952      2.5223087559      0.0000000000
2.1579745841           11.9753895396      0.8450000000      11.7531682951      2.5232150289      0.0000000000
2.1585737631           11.8800798787      0.8470000000      11.7464624086      2.5241045269      0.0000000000
2.1591614433           11.7860538091      0.8490000000      11.7397694440      2.5249773929      0.0000000000
2.1597377331           11.6932890712      0.8510000000      11.7330894213      2.5258337691      0.0000000000
2.1603027402           11.6017638479      0.8530000000      11.7264223323      2.5266737967      0.0000000000
2.1608565713           11.5114574409      0.8550000000      11.7197681958      2.5274976154      0.0000000000
2.1613993320           11.4223487908      0.8570000000      11.7131270215      2.5283053643      0.0000000000
2.1619311271           11.3344171362      0.8590000000      11.7064988082      2.5290971810      0.0000000000
2.1624520603           11.2476431420      0.8610000000      11.6998835674      2.5298732025      0.0000000000
2.1629622345           11.1620070635      0.8630000000      11.6932813077      2.5306335644      0.0000000000
2.1634617516           11.0774894739      0.8650000000      11.6866920273      2.5313784015      0.0000000000
2.1639507125           10.9940722640      0.8670000000      11.6801157316      2.5321078472      0.0000000000
2.1644292173           10.9117362027      0.8690000000      11.6735524308      2.5328220343      0.0000000000
2.1648973652           10.8304640036      0.8710000000      11.6670021220      2.5335210944      0.0000000000
2.1653552543           10.7502376987      0.8730000000      11.6604648119      2.5342051578      0.0000000000
2.1658029821           10.6710399867      0.8750000000      11.6539404986      2.5348743542      0.0000000000
2.1662406451           10.5928541898      0.8770000000      11.6474291866      2.5355288121      0.0000000000
2.1666683386           10.5156633129      0.8790000000      11.6409308748      2.5361686589      0.0000000000
2.1670861576           10.4394514971      0.8810000000      11.6344455649      2.5367940214      0.0000000000
2.1674941959           10.3642023834      0.8830000000      11.6279732561      2.5374050249      0.0000000000
2.1678925462           10.2899006602      0.8850000000      11.6215139474      2.5380017938      0.0000000000
2.1682813009           10.2165308181      0.8870000000      11.6150676389      2.5385844519      0.0000000000
2.1686605513           10.1440778009      0.8890000000      11.6086343276      2.5391531217      0.0000000000
2.1690303876           10.0725271126      0.8910000000      11.6022140135      2.5397079247      0.0000000000
2.1693908998           10.0018637347      0.8930000000      11.5958066889      2.5402489819      0.0000000000
2.1697421763            9.9320741528      0.8950000000      11.5894123542      2.5407764125      0.0000000000
2.1700843054            9.8631441396      0.8970000000      11.5830310074      2.5412903356      0.0000000000
2.1704173740            9.7950600764      0.8990000000      11.5766626400      2.5417908688      0.0000000000
2.1707414686            9.7278087680      0.9010000000      11.5703072484      2.5422781290      0.0000000000
2.1710566749            9.6613767315      0.9030000000      11.5639648319      2.5427522323      0.0000000000
2.1713630774            9.5957514338      0.9050000000      11.5576353785      2.5432132935      0.0000000000
2.1716607604            9.5309202490      0.9070000000      11.5513188851      2.5436614268      0.0000000000
2.1719498070            9.4668706570      0.9090000000      11.5450153507      2.5440967453      0.0000000000
2.1722302996            9.4035904186      0.9110000000      11.5387247552      2.5445193613      0.0000000000
2.1725023201            9.3410679145      0.9130000000      11.5324471034      2.5449293862      0.0000000000
2.1727659492            9.2792913291      0.9150000000      11.5261823817      2.5453269303      0.0000000000
2.1730212674            9.2182489820      0.9170000000      11.5199305903      2.5457121035      0.0000000000
2.1732683539            9.1579298599      0.9190000000      11.5136917051      2.5460850143      0.0000000000
2.1735072876            9.0983228270      0.9210000000      11.5074657310      2.5464457704      0.0000000000
2.1737381464            9.0394171447      0.9230000000      11.5012526516      2.5467944790      0.0000000000
2.1739610077            8.9812019594      0.9250000000      11.4950524636      2.5471312461      0.0000000000
2.1741759480            8.9236669432      0.9270000000      11.4888651562      2.5474561769      0.0000000000
2.1743830432            8.8668018739      0.9290000000      11.4826907075      2.5477693758      0.0000000000
2.1745823685            8.8105966278      0.9310000000      11.4765291188      2.5480709465      0.0000000000
2.1747739983            8.7550413462      0.9330000000      11.4703803769      2.5483609914      0.0000000000
2.1749580064            8.7001263267      0.9350000000      11.4642444663      2.5486396126      0.0000000000
2.1751344659            8.6458420710      0.9370000000      11.4581213793      2.5489069111      0.0000000000
2.1753034492            8.5921790424      0.9390000000      11.4520111069      2.5491629870      0.0000000000
2.1754650281            8.5391281963      0.9410000000      11.4459136327      2.5494079397      0.0000000000
2.1756192736            8.4866805390      0.9430000000      11.4398289440      2.5496418680      0.0000000000
2.1757662563            8.4348272320      0.9450000000      11.4337570271      2.5498648694      0.0000000000
2.1759060459            8.3835595538      0.9470000000      11.4276978695      2.5500770412      0.0000000000
2.1760387115            8.3328689219      0.9490000000      11.4216514565      2.5502784794      0.0000000000
2.1761643217            8.2827468943      0.9510000000      11.4156177758      2.5504692796      0.0000000000
2.1762829441            8.2331852649      0.9530000000      11.4095968136      2.5506495360      0.0000000000
2.1763946463            8.1841759453      0.9550000000      11.4035885558      2.5508193431      0.0000000000
2.1764994946            8.1357109826      0.9570000000      11.3975929871      2.5509787934      0.0000000000
2.1765975552            8.0877825637      0.9590000000      11.3916100932      2.5511279796      0.0000000000
2.1766888934            8.0403829538      0.9610000000      11.3856398585      2.5512669932      0.0000000000
2.1767735741            7.9935046389      0.9630000000      11.3796822661      2.5513959250      0.0000000000
2.1768516612            7.9471402104      0.9650000000      11.3737373014      2.5515148650      0.0000000000
2.1769232185            7.9012823870      0.9670000000      11.3678049490      2.5516239025      0.0000000000
2.1769883090            7.8559240214      0.9690000000      11.3618851923      2.5517231263      0.0000000000
2.1770469951            7.8110581383      0.9710000000      11.3559780139      2.5518126242      0.0000000000
2.1770993385            7.7666777761      0.9730000000      11.3500833989      2.5518924832      0.0000000000
2.1771454007            7.7227761015      0.9750000000      11.3442013300      2.5519627901      0.0000000000
2.1771852422            7.6793463432      0.9770000000      11.3383317909      2.5520236302      0.0000000000
2.1772189232            7.6363820305      0.9790000000      11.3324747645      2.5520750888      0.0000000000
2.1772465033            7.5938767773      0.9810000000      11.3266302330      2.5521172500      0.0000000000
2.1772680414            7.5518241027      0.9830000000      11.3207981763      2.5521501976      0.0000000000
2.1772835962            7.5102177700      0.9850000000      11.3149785771      2.5521740144      0.0000000000
2.1772932255            7.4690518196      0.9870000000      11.3091714187      2.5521887829      0.0000000000
2.1772969867            7.4283201915      0.9890000000      11.3033766806      2.5521945842      0.0000000000
2.1772949368            7.3880167466      0.9910000000      11.2975943493      2.5521914997      0.0000000000
2.1772871320            7.3481358531      0.9930000000      11.2918244063      2.5521796093      0.0000000000
2.1772736282            7.3086715987      0.9950000000      11.2860668232      2.5521589927      0.0000000000
2.1772544807            7.2696184500      0.9970000000      11.2803215900      2.5521297287      0.0000000000
2.1772297444            7.2309710839      0.9990000000      11.2745886818      2.5520918958      0.0000000000
2.1771994733            7.1927236654      1.0010000000      11.2688680873      2.5520455712      0.0000000000
2.1771637215            7.1548709916      1.0030000000      11.2631597804      2.5519908322      0.0000000000
2.1771225422            7.1174077525      1.0050000000      11.2574637422      2.5519277551      0.0000000000
2.1770759881            7.0803289621      1.0070000000      11.2517799513      2.5518564152      0.0000000000
2.1770241117            7.0436292851      1.0090000000      11.2461083962      2.5517768881      0.0000000000
2.1769669647            7.0073036709      1.0110000000      11.2404490453      2.5516892479      0.0000000000
2.1769045983            6.9713472993      1.0130000000      11.2348018868      2.5515935684      0.0000000000
2.1768370638            6.9357554475      1.0150000000      11.2291668938      2.5514899231      0.0000000000
2.1767644113            6.9005230109      1.0170000000      11.2235440538      2.5513783844      0.0000000000
2.1766866908            6.8656454502      1.0190000000      11.2179333392      2.5512590243      0.0000000000
2.1766039518            6.8311183162      1.0210000000      11.2123347284      2.5511319144      0.0000000000
2.1765162433            6.7969366783      1.0230000000      11.2067482097      2.5509971251      0.0000000000
2.1764236140            6.7630962565      1.0250000000      11.2011737530      2.5508547270      0.0000000000
2.1763261118            6.7295928431      1.0270000000      11.1956113372      2.5507047895      0.0000000000
2.1762237846            6.6964216627      1.0290000000      11.1900609479      2.5505473820      0.0000000000
2.1761166795            6.6635786905      1.0310000000      11.1845225583      2.5503825725      0.0000000000
2.1760048435            6.6310599081      1.0330000000      11.1789961502      2.5502104293      0.0000000000
2.1758883227            6.5988607461      1.0350000000      11.1734816943      2.5500310195      0.0000000000
2.1757671634            6.5669775077      1.0370000000      11.1679791765      2.5498444103      0.0000000000
2.1756414108            6.5354059080      1.0390000000      11.1624885770      2.5496506675      0.0000000000
2.1755111102            6.5041421209      1.0410000000      11.1570098669      2.5494498569      0.0000000000
2.1753763062            6.4731824425      1.0430000000      11.1515430284      2.5492420437      0.0000000000
2.1752370432            6.4425226861      1.0450000000      11.1460880361      2.5490272925      0.0000000000
2.1750933650            6.4121594648      1.0470000000      11.1406448698      2.5488056673      0.0000000000
2.1749453151            6.3820886565      1.0490000000      11.1352135069      2.5485772318      0.0000000000
2.1747929366            6.3523069931      1.0510000000      11.1297939256      2.5483420488      0.0000000000
2.1746362721            6.3228105757      1.0530000000      11.1243861045      2.5481001810      0.0000000000
2.1744753639            6.2935961097      1.0550000000      11.1189900181      2.5478516899      0.0000000000
2.1743102540            6.2646599438      1.0570000000      11.1136056461      2.5475966374      0.0000000000
2.1741409838            6.2359987504      1.0590000000      11.1082329646      2.5473350843      0.0000000000
2.1739675946            6.2076090897      1.0610000000      11.1028719513      2.5470670910      0.0000000000
2.1737901270            6.1794876735      1.0630000000      11.0975225829      2.5467927174      0.0000000000
2.1736086214            6.1516311789      1.0650000000      11.0921848364      2.5465120228      0.0000000000
2.1734231178            6.1240364482      1.0670000000      11.0868586896      2.5462250663      0.0000000000
2.1732336560            6.0967001799      1.0690000000      11.0815441186      2.5459319064      0.0000000000
2.1730402752            6.0696194370      1.0710000000      11.0762411015      2.5456326009      0.0000000000
2.1728430143            6.0427908378      1.0730000000      11.0709496134      2.5453272073      0.0000000000
2.1726419118            6.0162116561      1.0750000000      11.0656696335      2.5450157825      0.0000000000
2.1724370061            5.9898785830      1.0770000000      11.0604011344      2.5446983831      0.0000000000
2.1722283349            5.9637889913      1.0790000000      11.0551440972      2.5443750652      0.0000000000
2.1720159358            5.9379397139      1.0810000000      11.0498984958      2.5440458842      0.0000000000
2.1717998461            5.9123280685      1.0830000000      11.0446643075      2.5437108955      0.0000000000
2.1715801024            5.8869512229      1.0850000000      11.0394415102      2.5433701534      0.0000000000
2.1713567414            5.8618061890      1.0870000000      11.0342300768      2.5430237123      0.0000000000
2.1711297991            5.8368904753      1.0890000000      11.0290299877      2.5426716259      0.0000000000
2.1708993115            5.8122011711      1.0910000000      11.0238412170      2.5423139476      0.0000000000
2.1706653140            5.7877358075      1.0930000000      11.0186637413      2.5419507300      0.0000000000
2.1704278419            5.7634917457      1.0950000000      11.0134975388      2.5415820257      0.0000000000
2.1701869300            5.7394661485      1.0970000000      11.0083425815      2.5412078868      0.0000000000
2.1699426128            5.7156567735      1.0990000000      11.0031988497      2.5408283646      0.0000000000
2.1696949247            5.6920610146      1.1010000000      10.9980663204      2.5404435103      0.0000000000
2.1694438994            5.6686762808      1.1030000000      10.9929449630      2.5400533746      0.0000000000
2.1691895708            5.6455002968      1.1050000000      10.9878347608      2.5396580077      0.0000000000
2.1689319719            5.6225305904      1.1070000000      10.9827356897      2.5392574596      0.0000000000
2.1686711360            5.5997647408      1.1090000000      10.9776477183      2.5388517797      0.0000000000
2.1684070957            5.5772005117      1.1110000000      10.9725708307      2.5384410170      0.0000000000
2.1681398833            5.5548355673      1.1130000000      10.9675050027      2.5380252199      0.0000000000
2.1678695310            5.5326675509      1.1150000000      10.9624502021      2.5376044369      0.0000000000
2.1675960707            5.5106943533      1.1170000000      10.9574064136      2.5371787158      0.0000000000
2.1673195339            5.4889137623      1.1190000000      10.9523736093      2.5367481038      0.0000000000
2.1670399518            5.4673234333      1.1210000000      10.9473517675      2.5363126480      0.0000000000
2.1667573554            5.4459213939      1.1230000000      10.9423408606      2.5358723951      0.0000000000
2.1664717754            5.4247055095      1.1250000000      10.9373408671      2.5354273913      0.0000000000
2.1661832422            5.4036736342      1.1270000000      10.9323517657      2.5349776825      0.0000000000
2.1658917859            5.3828237180      1.1290000000      10.9273735241      2.5345233141      0.0000000000
2.1655974365            5.3621537644      1.1310000000      10.9224061259      2.5340643314      0.0000000000
2.1653002233            5.3416618131      1.1330000000      10.9174495423      2.5336007785      0.0000000000
2.1650001762            5.3213457917      1.1350000000      10.9125037556      2.5331327008      0.0000000000
2.1646973234            5.3012038070      1.1370000000      10.9075687324      2.5326601409      0.0000000000
2.1643916944            5.2812339350      1.1390000000      10.9026444542      2.5321831434      0.0000000000
2.1640833176            5.2614343246      1.1410000000      10.8977308975      2.5317017517      0.0000000000
2.1637722211            5.2418030799      1.1430000000      10.8928280360      2.5312160079      0.0000000000
2.1634584331            5.2223382891      1.1450000000      10.8879358515      2.5307259552      0.0000000000
2.1631419813            5.2030382121      1.1470000000      10.8830543063      2.5302316354      0.0000000000
2.1628228932            5.1839010442      1.1490000000      10.8781833891      2.5297330904      0.0000000000
2.1625011960            5.1649250734      1.1510000000      10.8733230706      2.5292303617      0.0000000000
2.1621769169            5.1461084890      1.1530000000      10.8684733277      2.5287234906      0.0000000000
2.1618500826            5.1274495120      1.1550000000      10.8636341401      2.5282125176      0.0000000000
2.1615207196            5.1089465856      1.1570000000      10.8588054748      2.5276974835      0.0000000000
2.1611888544            5.0905979368      1.1590000000      10.8539873125      2.5271784281      0.0000000000
2.1608545128            5.0724019389      1.1610000000      10.8491796320      2.5266553915      0.0000000000
2.1605177208            5.0543570229      1.1630000000      10.8443824051      2.5261284128      0.0000000000
2.1601785040            5.0364615014      1.1650000000      10.8395956091      2.5255975313      0.0000000000
2.1598368877            5.0187137434      1.1670000000      10.8348192234      2.5250627859      0.0000000000
2.1594928971            5.0011123441      1.1690000000      10.8300532197      2.5245242150      0.0000000000
2.1591465572            4.9836556328      1.1710000000      10.8252975708      2.5239818568      0.0000000000
2.1587978926            4.9663420998      1.1730000000      10.8205522585      2.5234357493      0.0000000000
2.1584469276            4.9491702554      1.1750000000      10.8158172582      2.5228859295      0.0000000000
2.1580936868            4.9321386664      1.1770000000      10.8110925451      2.5223324351      0.0000000000
2.1577381940            4.9152458125      1.1790000000      10.8063780934      2.5217753028      0.0000000000
2.1573804731            4.8984902351      1.1810000000      10.8016738813      2.5212145695      0.0000000000
2.1570205477            4.8818704864      1.1830000000      10.7969798864      2.5206502711      0.0000000000
2.1566584413            4.8653852249      1.1850000000      10.7922960826      2.5200824439      0.0000000000
2.1562941768            4.8490330581      1.1870000000      10.7876224454      2.5195111233      0.0000000000
2.1559277776            4.8328125938      1.1890000000      10.7829589516      2.5189363452      0.0000000000
2.1555592662            4.8167224299      1.1910000000      10.7783055755      2.5183581444      0.0000000000
2.1551886651            4.8007612689      1.1930000000      10.7736622953      2.5177765555      0.0000000000
2.1548159970            4.7849277759      1.1950000000      10.7690290885      2.5171916134      0.0000000000
2.1544412838            4.7692206690      1.1970000000      10.7644059304      2.5166033524      0.0000000000
2.1540645474            4.7536386654      1.1990000000      10.7597927961      2.5160118061      0.0000000000
