# M(M_sol)                 Lambda          n_Bc(fm^-3)         R(km)            m_B(M_sol)        m_Bquar/M_B
0.1556445681     47959682.2281642854      0.0810000000      23.9237297262      0.1559380580      0.0000000000
0.1622117672     39943898.8079112917      0.0830000000      22.9905968533      0.1626029642      0.0000000000
0.1687296139     33635039.7243732139      0.0850000000      22.2082131794      0.1692237924      0.0000000000
0.1752028857     28581734.2399269231      0.0870000000      21.5423495972      0.1758051917      0.0000000000
0.1816371221     24475251.0766468346      0.0890000000      20.9683373273      0.1823526191      0.0000000000
0.1880384064     21097371.7566666342      0.0910000000      20.4679599123      0.1888721169      0.0000000000
0.1944132082     18289678.6799355745      0.0930000000      20.0274817645      0.1953701516      0.0000000000
0.2007682692     15934651.1783206407      0.0950000000      19.6363566557      0.2018534972      0.0000000000
0.2071105237     13943493.8044681568      0.0970000000      19.2863603076      0.2083291531      0.0000000000
0.2134470256     12248044.3830038831      0.0990000000      18.9709880840      0.2148042692      0.0000000000
0.2197849051     10795265.2472144272      0.1010000000      18.6850331782      0.2212861013      0.0000000000
0.2261313268      9543378.7671925034      0.1030000000      18.4242811697      0.2277819668      0.0000000000
0.2324934582      8459119.5680445973      0.1050000000      18.1852876716      0.2342992136      0.0000000000
0.2388784493      7515740.8199472455      0.1070000000      17.9652127692      0.2408451970      0.0000000000
0.2452934090      6691545.6478373855      0.1090000000      17.7616963603      0.2474272566      0.0000000000
0.2517453895      5968788.0220330833      0.1110000000      17.5727624727      0.2540526995      0.0000000000
0.2582413755      5332847.4118344029      0.1130000000      17.3967468298      0.2607287885      0.0000000000
0.2647362940      4775759.1057021366      0.1150000000      17.2334954024      0.2674092457      0.0000000000
0.2711488216      4292061.8508528732      0.1170000000      17.0835044279      0.2740103132      0.0000000000
0.2775484071      3865971.1594305634      0.1190000000      16.9437706668      0.2806033595      0.0000000000
0.2839594100      3488225.9389884807      0.1210000000      16.8127845430      0.2872134760      0.0000000000
0.2903972851      3151852.6555976239      0.1230000000      16.6894587795      0.2938566438      0.0000000000
0.2968741792      2851265.1243039654      0.1250000000      16.5729333634      0.3005454779      0.0000000000
0.3034005358      2581870.1387349241      0.1270000000      16.4625027290      0.3072908748      0.0000000000
0.3099857577      2339830.7180365655      0.1290000000      16.3575765498      0.3141026900      0.0000000000
0.3166385326      2121906.1673095957      0.1310000000      16.2576554512      0.3209900725      0.0000000000
0.3233670187      1925334.8831489051      0.1330000000      16.1623130385      0.3279616548      0.0000000000
0.3301789508      1747745.2110782273      0.1350000000      16.0711829681      0.3350256610      0.0000000000
0.3370817101      1587088.3942428946      0.1370000000      15.9839491049      0.3421899786      0.0000000000
0.3440823681      1441583.2143877891      0.1390000000      15.9003375836      0.3494622033      0.0000000000
0.3511877172      1309673.0083550159      0.1410000000      15.8201098614      0.3568496709      0.0000000000
0.3584042898      1189991.1294061912      0.1430000000      15.7430582477      0.3643594758      0.0000000000
0.3657383697      1081331.9903494839      0.1450000000      15.6690006993      0.3719984837      0.0000000000
0.3731960026       982627.5496178087      0.1470000000      15.5977774924      0.3797733419      0.0000000000
0.3807829951       892928.4348894823      0.1490000000      15.5292481303      0.3876904782      0.0000000000
0.3885049216       811387.2930573226      0.1510000000      15.4632882979      0.3957561082      0.0000000000
0.3963671189       737245.8034793596      0.1530000000      15.3997881595      0.4039762293      0.0000000000
0.4043746848       669822.8873787628      0.1550000000      15.3386497104      0.4123566192      0.0000000000
0.4125324770       608505.5453800206      0.1570000000      15.2797855942      0.4209028349      0.0000000000
0.4208451014       552740.4861495337      0.1590000000      15.2231170402      0.4296201996      0.0000000000
0.4293169230       502027.4192095511      0.1610000000      15.1685730847      0.4385138142      0.0000000000
0.4379520236       455912.9661829231      0.1630000000      15.1160892347      0.4475885130      0.0000000000
0.4467542430       413985.7891459707      0.1650000000      15.0656063960      0.4568489053      0.0000000000
0.4557271440       375871.9354890873      0.1670000000      15.0170699980      0.4662993396      0.0000000000
0.4648740115       341231.1506228708      0.1690000000      14.9704292997      0.4759439008      0.0000000000
0.4741978475       309753.5841407985      0.1710000000      14.9256366389      0.4857864050      0.0000000000
0.4837013682       281156.7938037278      0.1730000000      14.8826471725      0.4958303949      0.0000000000
0.4933869940       255183.1902027173      0.1750000000      14.8414178264      0.5060791291      0.0000000000
0.5032568480       231597.7415237323      0.1770000000      14.8019073885      0.5165355786      0.0000000000
0.5133127519       210185.9129337225      0.1790000000      14.7640756769      0.5272024216      0.0000000000
0.5235562182       190751.9542205435      0.1810000000      14.7278837337      0.5380820343      0.0000000000
0.5339884553       173117.1298182232      0.1830000000      14.6932931295      0.5491764941      0.0000000000
0.5446103573       157118.3098212053      0.1850000000      14.6602659942      0.5604875680      0.0000000000
0.5554224993       142606.6637240397      0.1870000000      14.6287647637      0.5720167050      0.0000000000
0.5664251657       129446.3742574226      0.1890000000      14.5987519145      0.5837650651      0.0000000000
0.5776183057       117513.5882724366      0.1910000000      14.5701900495      0.5957334698      0.0000000000
0.5890015636       106695.4123736790      0.1930000000      14.5430418365      0.6079224319      0.0000000000
0.6005742724        96888.9624039398      0.1950000000      14.5172697635      0.6203321474      0.0000000000
0.6123354584        88000.5116206863      0.1970000000      14.4928361219      0.6329624971      0.0000000000
0.6242838424        79944.7523608335      0.1990000000      14.4697032145      0.6458130461      0.0000000000
0.6364178437        72644.0535195608      0.2010000000      14.4478330823      0.6588830457      0.0000000000
0.6487355882        66027.8071366719      0.2030000000      14.4271876613      0.6721714395      0.0000000000
0.6612349079        60031.8444929257      0.2050000000      14.4077287813      0.6856768598      0.0000000000
0.6739133549        54597.8545107082      0.2070000000      14.3894182324      0.6993976404      0.0000000000
0.6867682010        49672.8923101216      0.2090000000      14.3722176943      0.7133318135      0.0000000000
0.6997964517        45208.9009663389      0.2110000000      14.3560888961      0.7274771220      0.0000000000
0.7129948490        41162.2857186911      0.2130000000      14.3409935460      0.7418310193      0.0000000000
0.7263598850        37493.5170310638      0.2150000000      14.3268936213      0.7563906818      0.0000000000
0.7398878077        34166.7656581146      0.2170000000      14.3137511073      0.7711530119      0.0000000000
0.7535746339        31149.5695369951      0.2190000000      14.3015282908      0.7861146494      0.0000000000
0.7674161555        28412.5272044528      0.2210000000      14.2901875998      0.8012719754      0.0000000000
0.7814079570        25929.0222974155      0.2230000000      14.2796919921      0.8166211288      0.0000000000
0.7955454195        23674.9649511079      0.2250000000      14.2700047087      0.8321580074      0.0000000000
0.8098237377        21628.5562253815      0.2270000000      14.2610893494      0.8478782843      0.0000000000
0.8242379283        19770.0814695348      0.2290000000      14.2529101568      0.8637774143      0.0000000000
0.8387828439        18081.7073856236      0.2310000000      14.2454317558      0.8798506458      0.0000000000
0.8534531843        16547.3127984329      0.2330000000      14.2386194566      0.8960930319      0.0000000000
0.8682435101        15152.3195422906      0.2350000000      14.2324391070      0.9124994420      0.0000000000
0.8831482541        13883.5524967284      0.2370000000      14.2268573000      0.9290645724      0.0000000000
0.8981617341        12729.1018926909      0.2390000000      14.2218411955      0.9457829578      0.0000000000
0.9132781660        11678.2043369990      0.2410000000      14.2173588102      0.9626489843      0.0000000000
0.9284916751        10721.1317742394      0.2430000000      14.2133788180      0.9796568991      0.0000000000
0.9437963109         9849.0923339931      0.2450000000      14.2098707299      0.9968008254      0.0000000000
0.9591860560         9054.1384872732      0.2470000000      14.2068047340      1.0140747708      0.0000000000
0.9746548416         8329.0893080899      0.2490000000      14.2041519874      1.0314726425      0.0000000000
0.9901965584         7667.4514642534      0.2510000000      14.2018844069      1.0489882575      0.0000000000
1.0058050673         7063.3557290417      0.2530000000      14.1999747453      1.0666153546      0.0000000000
1.0214742116         6511.4947700523      0.2550000000      14.1983965706      1.0843476052      0.0000000000
1.0371978292         6007.0686469046      0.2570000000      14.1971243532      1.1021786271      0.0000000000
1.0529697628         5545.7371539710      0.2590000000      14.1961334787      1.1201019943      0.0000000000
1.0687838691         5123.5721183696      0.2610000000      14.1954000328      1.1381112471      0.0000000000
1.0846340318         4737.0195789535      0.2630000000      14.1949010920      1.1561999056      0.0000000000
1.1005141692         4382.8626949175      0.2650000000      14.1946145713      1.1743614780      0.0000000000
1.1164182448         4058.1884708472      0.2670000000      14.1945191920      1.1925894728      0.0000000000
1.1323402757         3760.3589420636      0.2690000000      14.1945945366      1.2108774072      0.0000000000
1.1482743420         3486.9839326779      0.2710000000      14.1948210554      1.2292188179      0.0000000000
1.1642145933         3235.8973895938      0.2730000000      14.1951799395      1.2476072692      0.0000000000
1.1801552592         3005.1354488282      0.2750000000      14.1956532944      1.2660363649      0.0000000000
1.1960906536         2792.9168934247      0.2770000000      14.1962239505      1.2844997530      0.0000000000
1.2120151835         2597.6256831647      0.2790000000      14.1968755380      1.3029911369      0.0000000000
1.2279233547         2417.7950190099      0.2810000000      14.1975924938      1.3215042825      0.0000000000
1.2438097777         2252.0926309029      0.2830000000      14.1983599388      1.3400330250      0.0000000000
1.2596691722         2099.3087478970      0.2850000000      14.1991637581      1.3585712757      0.0000000000
1.2754963743         1958.3434664587      0.2870000000      14.1999905973      1.3771130310      0.0000000000
1.2912863393         1828.1967886790      0.2890000000      14.2008277382      1.3956523762      0.0000000000
1.3070341459         1707.9589636845      0.2910000000      14.2016631877      1.4141834921      0.0000000000
1.3227350002         1596.8020280778      0.2930000000      14.2024855462      1.4327006604      0.0000000000
1.3383842391         1493.9722043035      0.2950000000      14.2032841667      1.4511982691      0.0000000000
1.3539773332         1398.7825637988      0.2970000000      14.2040489292      1.4696708173      0.0000000000
1.3695098882         1310.6071351014      0.2990000000      14.2047703523      1.4881129180      0.0000000000
1.3849776480         1228.8750355283      0.3010000000      14.2054395405      1.5065193034      0.0000000000
1.4003764958         1153.0653692858      0.3030000000      14.2060481518      1.5248848278      0.0000000000
1.4157024557         1082.7026106467      0.3050000000      14.2065883899      1.5432044707      0.0000000000
1.4309516934         1017.3524592311      0.3070000000      14.2070529901      1.5614733397      0.0000000000
1.4461205166          956.6180205923      0.3090000000      14.2074351803      1.5796866723      0.0000000000
1.4612053757          900.1363577781      0.3110000000      14.2077286690      1.5978398383      0.0000000000
1.4762028635          847.5755177921      0.3130000000      14.2079276700      1.6159283417      0.0000000000
1.4911097150          798.6315350570      0.3150000000      14.2080267768      1.6339478217      0.0000000000
1.5059228067          753.0261489259      0.3170000000      14.2080210973      1.6518940539      0.0000000000
1.5206391560          710.5042793509      0.3190000000      14.2079060520      1.6697629508      0.0000000000
1.5352559194          670.8321108390      0.3210000000      14.2076775466      1.6875505624      0.0000000000
1.5497703924          633.7951390120      0.3230000000      14.2073318075      1.7052530768      0.0000000000
1.5641800067          599.1964642619      0.3250000000      14.2068654396      1.7228668193      0.0000000000
1.5784823294          566.8552455744      0.3270000000      14.2062753912      1.7403882530      0.0000000000
1.5926750606          536.6053411916      0.3290000000      14.2055589170      1.7578139773      0.0000000000
1.6067560320          508.2939380180      0.3310000000      14.2047136189      1.7751407285      0.0000000000
1.6207232037          481.7805246206      0.3330000000      14.2037373626      1.7923653771      0.0000000000
1.6345746628          456.9357153621      0.3350000000      14.2026283143      1.8094849283      0.0000000000
1.6483086205          433.6403725893      0.3370000000      14.2013849050      1.8264965196      0.0000000000
1.6619234094          411.7847212310      0.3390000000      14.2000057919      1.8433974196      0.0000000000
1.6754174813          391.2675125249      0.3410000000      14.1984899098      1.8601850266      0.0000000000
1.6887894045          371.9953736664      0.3430000000      14.1968364181      1.8768568669      0.0000000000
1.7020378600          353.8821110090      0.3450000000      14.1950446349      1.8934105920      0.0000000000
1.7151616402          336.8481075512      0.3470000000      14.1931141609      1.9098439779      0.0000000000
1.7281596446          320.8198034303      0.3490000000      14.1910447441      1.9261549221      0.0000000000
1.7410308776          305.7291929023      0.3510000000      14.1888362978      1.9423414413      0.0000000000
1.7537744454          291.5133336151      0.3530000000      14.1864889399      1.9584016698      0.0000000000
1.7663895526          278.1139990522      0.3550000000      14.1840028995      1.9743338562      0.0000000000
1.7788755001          265.4772572312      0.3570000000      14.1813786224      1.9901363621      0.0000000000
1.7912316807          253.5531215709      0.3590000000      14.1786166299      2.0058076584      0.0000000000
1.8034575775          242.2952628490      0.3610000000      14.1757176071      2.0213463237      0.0000000000
1.8155527601          231.6606944320      0.3630000000      14.1726823553      2.0367510411      0.0000000000
1.8275168822          221.6095125346      0.3650000000      14.1695117834      2.0520205968      0.0000000000
1.8393496762          212.1046885725      0.3670000000      14.1662069163      2.0671538737      0.0000000000
1.8510509542          203.1117987876      0.3690000000      14.1627688330      2.0821498538      0.0000000000
1.8626206026          194.5988362012      0.3710000000      14.1591987666      2.0970076132      0.0000000000
1.8740585798          186.5360510662      0.3730000000      14.1554979888      2.1117263188      0.0000000000
1.8853649126          178.8957486172      0.3750000000      14.1516678767      2.1263052262      0.0000000000
1.8965396948          171.6521337641      0.3770000000      14.1477098395      2.1407436775      0.0000000000
1.9075830834          164.7811948130      0.3790000000      14.1436253939      2.1550410980      0.0000000000
1.9184952962          158.2605413915      0.3810000000      14.1394161035      2.1691969939      0.0000000000
1.9292766089          152.0692880004      0.3830000000      14.1350835560      2.1832109492      0.0000000000
1.9399273530          146.1879713876      0.3850000000      14.1306294198      2.1970826239      0.0000000000
1.9504479128          140.5983971702      0.3870000000      14.1260553908      2.2108117506      0.0000000000
1.9608387231          135.2835912588      0.3890000000      14.1213632150      2.2243981325      0.0000000000
1.9711002670          130.2276856184      0.3910000000      14.1165546592      2.2378416409      0.0000000000
1.9812330728          125.4158489050      0.3930000000      14.1116315339      2.2511422122      0.0000000000
1.9912377125          120.8342034325      0.3950000000      14.1065956651      2.2642998461      0.0000000000
2.0011147992          116.4697734141      0.3970000000      14.1014489118      2.2773146026      0.0000000000
2.0108649844          112.3104041592      0.3990000000      14.0961931348      2.2901865998      0.0000000000
2.0204889573          108.3447098034      0.4010000000      14.0908302317      2.3029160125      0.0000000000
2.0299874410          104.5620249015      0.4030000000      14.0853621043      2.3155030684      0.0000000000
2.0393611917          100.9523467360      0.4050000000      14.0797906653      2.3279480471      0.0000000000
2.0486109963           97.5062936127      0.4070000000      14.0741178270      2.3402512770      0.0000000000
2.0577376707           94.2150634493      0.4090000000      14.0683455188      2.3524131341      0.0000000000
2.0667420576           91.0703914662      0.4110000000      14.0624756739      2.3644340392      0.0000000000
2.0756250253           88.0645152281      0.4130000000      14.0565101971      2.3763144561      0.0000000000
2.0843874656           85.1901382352      0.4150000000      14.0504510304      2.3880548900      0.0000000000
2.0930302924           82.4404032655      0.4170000000      14.0443000968      2.3996558850      0.0000000000
2.1015544397           79.8088607644      0.4190000000      14.0380592999      2.4111180223      0.0000000000
2.1099608589           77.2894422683      0.4210000000      14.0317305651      2.4224419163      0.0000000000
2.1182505242           74.8764321145      0.4230000000      14.0253157669      2.4336282225      0.0000000000
2.1264244203           72.5644500191      0.4250000000      14.0188168167      2.4446776209      0.0000000000
2.1344835482           70.3484280086      0.4270000000      14.0122355871      2.4555908240      0.0000000000
2.1424289225           68.2235862791      0.4290000000      14.0055739200      2.4663685733      0.0000000000
2.1502615698           66.1854212660      0.4310000000      13.9988336895      2.4770116371      0.0000000000
2.1579825275           64.2296801710      0.4330000000      13.9920167287      2.4875208094      0.0000000000
2.1655928431           62.3523544050      0.4350000000      13.9851248572      2.4978969083      0.0000000000
2.1730935722           60.5496519703      0.4370000000      13.9781598627      2.5081407744      0.0000000000
2.1804857783           58.8180001359      0.4390000000      13.9711235374      2.5182532694      0.0000000000
2.1877705314           57.1540174573      0.4410000000      13.9640176529      2.5282352751      0.0000000000
2.1949489073           55.5545078835      0.4430000000      13.9568439496      2.5380876922      0.0000000000
2.2020219860           54.0164513246      0.4450000000      13.9496041523      2.5478114382      0.0000000000
2.2089908519           52.5369892505      0.4470000000      13.9422999742      2.5574074472      0.0000000000
2.2158565919           51.1134152874      0.4490000000      13.9349330831      2.5668766679      0.0000000000
2.2226202953           49.7431696746      0.4510000000      13.9275051626      2.5762200634      0.0000000000
2.2292830527           48.4238272981      0.4530000000      13.9200178491      2.5854386089      0.0000000000
2.2358459554           47.1530896526      0.4550000000      13.9124727537      2.5945332921      0.0000000000
2.2423100948           45.9287778533      0.4570000000      13.9048714848      2.6035051109      0.0000000000
2.2486765614           44.7488273313      0.4590000000      13.8972156190      2.6123550733      0.0000000000
2.2549464447           43.6112788125      0.4610000000      13.8895067032      2.6210841961      0.0000000000
2.2611208320           42.5142740592      0.4630000000      13.8817462664      2.6296935037      0.0000000000
2.2672008085           41.4560482917      0.4650000000      13.8739358162      2.6381840284      0.0000000000
2.2731874561           40.4349265654      0.4670000000      13.8660768426      2.6465568079      0.0000000000
2.2790818536           39.4493171782      0.4690000000      13.8581707968      2.6548128862      0.0000000000
2.2848850755           38.4977084449      0.4710000000      13.8502191271      2.6629533115      0.0000000000
2.2905981923           37.5786633978      0.4730000000      13.8422232361      2.6709791364      0.0000000000
2.2962222695           36.6908143679      0.4750000000      13.8341845207      2.6788914166      0.0000000000
2.3017583673           35.8328624515      0.4770000000      13.8261043485      2.6866912104      0.0000000000
2.3072075405           35.0035705569      0.4790000000      13.8179840680      2.6943795786      0.0000000000
2.3125708381           34.2017617634      0.4810000000      13.8098250020      2.7019575829      0.0000000000
2.3178493026           33.4263138628      0.4830000000      13.8016284389      2.7094262863      0.0000000000
2.3230439703           32.6761610517      0.4850000000      13.7933956659      2.7167867517      0.0000000000
2.3281558704           31.9502847840      0.4870000000      13.7851279298      2.7240400421      0.0000000000
2.3331860252           31.2477168970      0.4890000000      13.7768264662      2.7311872196      0.0000000000
2.3381354496           30.5675321843      0.4910000000      13.7684924877      2.7382293454      0.0000000000
2.3430051508           29.9088499238      0.4930000000      13.7601271772      2.7451674784      0.0000000000
2.3477961288           29.2708294078      0.4950000000      13.7517317013      2.7520026763      0.0000000000
2.3525093749           28.6526679422      0.4970000000      13.7433072044      2.7587359933      0.0000000000
2.3571458728           28.0536002305      0.4990000000      13.7348548038      2.7653684815      0.0000000000
2.3617065977           27.4728950385      0.5010000000      13.7263756134      2.7719011896      0.0000000000
2.3661925164           26.9098532433      0.5030000000      13.7178706976      2.7783351623      0.0000000000
2.3706045871           26.3638090864      0.5050000000      13.7093411201      2.7846714405      0.0000000000
2.3749437594           25.8341233311      0.5070000000      13.7007879269      2.7909110612      0.0000000000
2.3792109738           25.3201877219      0.5090000000      13.6922121306      2.7970550562      0.0000000000
2.3834071624           24.8214183650      0.5110000000      13.6836147331      2.8031044533      0.0000000000
2.3875332478           24.3372585025      0.5130000000      13.6749967067      2.8090602743      0.0000000000
2.3915901435           23.8671746707      0.5150000000      13.6663590154      2.8149235358      0.0000000000
2.3955787545           23.4106560412      0.5170000000      13.6577025978      2.8206952496      0.0000000000
2.3994999760           22.9672142559      0.5190000000      13.6490283777      2.8263764208      0.0000000000
2.4033546941           22.5363811993      0.5210000000      13.6403372569      2.8319680488      0.0000000000
2.4071437856           22.1177086237      0.5230000000      13.6316301156      2.8374711267      0.0000000000
2.4108681182           21.7107676207      0.5250000000      13.6229078260      2.8428866416      0.0000000000
2.4145285498           21.3151456069      0.5270000000      13.6141712229      2.8482155729      0.0000000000
2.4181259294           20.9304489642      0.5290000000      13.6054211496      2.8534588948      0.0000000000
2.4216610965           20.5562994981      0.5310000000      13.5966584141      2.8586175735      0.0000000000
2.4251348812           20.1923340458      0.5330000000      13.5878838080      2.8636925686      0.0000000000
2.4285481040           19.8382047324      0.5350000000      13.5790981180      2.8686848325      0.0000000000
2.4319015765           19.4935778073      0.5370000000      13.5703021070      2.8735953102      0.0000000000
2.4351961007           19.1581321463      0.5390000000      13.5614965064      2.8784249399      0.0000000000
2.4384324693           18.8315607673      0.5410000000      13.5526820629      2.8831746515      0.0000000000
2.4416114656           18.5135674570      0.5430000000      13.5438594848      2.8878453678      0.0000000000
2.4447338640           18.2038690426      0.5450000000      13.5350294739      2.8924380043      0.0000000000
2.4478004291           17.9021925271      0.5470000000      13.5261927046      2.8969534679      0.0000000000
2.4508119170           17.6082758654      0.5490000000      13.5173498526      2.9013926587      0.0000000000
2.4537690741           17.3218671392      0.5510000000      13.5085015738      2.9057564681      0.0000000000
2.4566726379           17.0427241288      0.5530000000      13.4996485030      2.9100457805      0.0000000000
2.4595233369           16.7706140301      0.5550000000      13.4907912666      2.9142614716      0.0000000000
2.4623218907           16.5053126351      0.5570000000      13.4819304801      2.9184044099      0.0000000000
2.4650690095           16.2466044209      0.5590000000      13.4730667374      2.9224754549      0.0000000000
2.4677653954           15.9942821746      0.5610000000      13.4642006288      2.9264754595      0.0000000000
2.4704117407           15.7481459523      0.5630000000      13.4553327116      2.9304052667      0.0000000000
2.4730087300           15.5080038200      0.5650000000      13.4464635660      2.9342657134      0.0000000000
2.4755570382           15.2736704546      0.5670000000      13.4375937141      2.9380576268      0.0000000000
2.4780573324           15.0449675867      0.5690000000      13.4287237128      2.9417818275      0.0000000000
2.4805102705           14.8217235286      0.5710000000      13.4198540574      2.9454391263      0.0000000000
2.4829165024           14.6037728285      0.5730000000      13.4109852742      2.9490303277      0.0000000000
2.4852766695           14.3909555441      0.5750000000      13.4021178631      2.9525562271      0.0000000000
2.4875914047           14.1831185491      0.5770000000      13.3932523013      2.9560176121      0.0000000000
2.4898613327           13.9801132476      0.5790000000      13.3843890629      2.9594152623      0.0000000000
2.4920870700           13.7817965492      0.5810000000      13.3755286154      2.9627499490      0.0000000000
2.4942692252           13.5880304185      0.5830000000      13.3666714085      2.9660224360      0.0000000000
2.4964083986           13.3986819691      0.5850000000      13.3578178836      2.9692334788      0.0000000000
2.4985051827           13.2136227706      0.5870000000      13.3489684723      2.9723838250      0.0000000000
2.5005601620           13.0327288097      0.5890000000      13.3401235961      2.9754742143      0.0000000000
2.5025739136           12.8558804243      0.5910000000      13.3312836716      2.9785053785      0.0000000000
2.5045470063           12.6829620985      0.5930000000      13.3224490915      2.9814780416      0.0000000000
2.5064800019           12.5138624004      0.5950000000      13.3136202525      2.9843929200      0.0000000000
2.5083734542           12.3484731270      0.5970000000      13.3047975297      2.9872507218      0.0000000000
2.5102279098           12.1866903611      0.5990000000      13.2959813048      2.9900521476      0.0000000000
2.5120439078           12.0284135152      0.6010000000      13.2871719370      2.9927978907      0.0000000000
2.5138219800           11.8735452976      0.6030000000      13.2783697787      2.9954886361      0.0000000000
2.5155626513           11.7219916887      0.6050000000      13.2695751822      2.9981250620      0.0000000000
2.5172664389           11.5736616753      0.6070000000      13.2607884766      3.0007078383      0.0000000000
2.5189338535           11.4284675806      0.6090000000      13.2520099974      3.0032376274      0.0000000000
2.5205653986           11.2863242769      0.6110000000      13.2432400641      3.0057150851      0.0000000000
2.5221615710           11.1471493493      0.6130000000      13.2344789852      3.0081408593      0.0000000000
2.5237228601           11.0108633645      0.6150000000      13.2257270713      3.0105155897      0.0000000000
2.5252497496           10.8773894577      0.6170000000      13.2169846162      3.0128399106      0.0000000000
2.5267427159           10.7466528758      0.6190000000      13.2082519097      3.0151144474      0.0000000000
2.5282022286           10.6185814080      0.6210000000      13.1995292308      3.0173398189      0.0000000000
2.5296287518           10.4931053165      0.6230000000      13.1908168619      3.0195166373      0.0000000000
2.5310227424           10.3701570139      0.6250000000      13.1821150670      3.0216455069      0.0000000000
2.5323846512           10.2496708781      0.6270000000      13.1734241060      3.0237270256      0.0000000000
2.5337149228           10.1315834801      0.6290000000      13.1647442297      3.0257617840      0.0000000000
2.5350139959           10.0158332591      0.6310000000      13.1560756900      3.0277503662      0.0000000000
2.5362823026            9.9023606202      0.6330000000      13.1474187264      3.0296933488      0.0000000000
2.5375202697            9.7911078618      0.6350000000      13.1387735729      3.0315913027      0.0000000000
2.5387283174            9.6820190346      0.6370000000      13.1301404560      3.0334447910      0.0000000000
2.5399068604            9.5750397499      0.6390000000      13.1215196025      3.0352543709      0.0000000000
2.5410563081            9.4701172430      0.6410000000      13.1129112209      3.0370205931      0.0000000000
2.5421770631            9.3672008191      0.6430000000      13.1043155244      3.0387440009      0.0000000000
2.5432695236            9.2662406144      0.6450000000      13.0957327246      3.0404251324      0.0000000000
2.5443340816            9.1671888984      0.6470000000      13.0871630108      3.0420645184      0.0000000000
2.5453711236            9.0699989322      0.6490000000      13.0786065750      3.0436626836      0.0000000000
2.5463810311            8.9746254376      0.6510000000      13.0700636126      3.0452201466      0.0000000000
2.5473641801            8.8810245308      0.6530000000      13.0615343006      3.0467374199      0.0000000000
2.5483209412            8.7891537708      0.6550000000      13.0530188144      3.0482150094      0.0000000000
2.5492516803            8.6989715855      0.6570000000      13.0445173370      3.0496534155      0.0000000000
2.5501567575            8.6104379207      0.6590000000      13.0360300183      3.0510531320      0.0000000000
2.5510365286            8.5235137629      0.6610000000      13.0275570389      3.0524146472      0.0000000000
2.5518913442            8.4381612127      0.6630000000      13.0190985399      3.0537384438      0.0000000000
2.5527215498            8.3543434977      0.6650000000      13.0106546875      3.0550249981      0.0000000000
2.5535274860            8.2720248161      0.6670000000      13.0022256248      3.0562747804      0.0000000000
2.5543094895            8.1911704848      0.6690000000      12.9938114875      3.0574882565      0.0000000000
2.5550678911            8.1117466607      0.6710000000      12.9854124309      3.0586658852      0.0000000000
2.5558030178            8.0337206060      0.6730000000      12.9770285798      3.0598081205      0.0000000000
2.5565151920            7.9570605001      0.6750000000      12.9686600650      3.0609154112      0.0000000000
2.5572047312            7.8817350598      0.6770000000      12.9603070174      3.0619881998      0.0000000000
2.5578719487            7.8077143188      0.6790000000      12.9519695626      3.0630269236      0.0000000000
2.5585171536            7.7349690437      0.6810000000      12.9436478110      3.0640320153      0.0000000000
2.5591406504            7.6634705881      0.6830000000      12.9353418849      3.0650039016      0.0000000000
2.5597427397            7.5931912085      0.6850000000      12.9270518941      3.0659430043      0.0000000000
2.5603237175            7.5241039201      0.6870000000      12.9187779462      3.0668497399      0.0000000000
2.5608838759            7.4561824922      0.6890000000      12.9105201436      3.0677245199      0.0000000000
2.5614235030            7.3894013604      0.6910000000      12.9022785883      3.0685677508      0.0000000000
2.5619428829            7.3237356172      0.6930000000      12.8940533806      3.0693798343      0.0000000000
2.5624422955            7.2591610543      0.6950000000      12.8858446120      3.0701611665      0.0000000000
2.5629220170            7.1956541058      0.6970000000      12.8776523722      3.0709121395      0.0000000000
2.5633823198            7.1331918399      0.6990000000      12.8694767505      3.0716331401      0.0000000000
2.5638234724            7.0717519252      0.7010000000      12.8613178309      3.0723245505      0.0000000000
2.5642457397            7.0113126314      0.7030000000      12.8531756936      3.0729867483      0.0000000000
2.5646493828            6.9518527236      0.7050000000      12.8450504192      3.0736201063      0.0000000000
2.5650346592            6.8933515359      0.7070000000      12.8369420820      3.0742249926      0.0000000000
2.5654018229            6.8357891004      0.7090000000      12.8288507554      3.0748017713      0.0000000000
2.5657511242            6.7791456678      0.7110000000      12.8207765019      3.0753508014      0.0000000000
2.5660828102            6.7234021274      0.7130000000      12.8127194000      3.0758724379      0.0000000000
2.5663971245            6.6685399499      0.7150000000      12.8046795060      3.0763670315      0.0000000000
2.5666943072            6.6145410031      0.7170000000      12.7966568911      3.0768349282      0.0000000000
2.5669745951            6.5613875517      0.7190000000      12.7886515948      3.0772764701      0.0000000000
2.5672382218            6.5090624311      0.7210000000      12.7806636933      3.0776919946      0.0000000000
2.5674854177            6.4575488037      0.7230000000      12.7726932391      3.0780818355      0.0000000000
2.5677164101            6.4068302196      0.7250000000      12.7647402657      3.0784463228      0.0000000000
2.5679314228            6.3568908455      0.7270000000      12.7568048418      3.0787857810      0.0000000000
2.5681306768            6.3077149585      0.7290000000      12.7488870074      3.0791005320      0.0000000000
2.5683143902            6.2592873991      0.7310000000      12.7409868082      3.0793908935      0.0000000000
2.5684827777            6.2115933817      0.7330000000      12.7331042897      3.0796571788      0.0000000000
2.5686360514            6.1646183518      0.7350000000      12.7252394825      3.0798996974      0.0000000000
2.5687744202            6.1183483058      0.7370000000      12.7173924371      3.0801187555      0.0000000000
2.5688980903            6.0727693492      0.7390000000      12.7095631784      3.0803146549      0.0000000000
2.5690072653            6.0278681193      0.7410000000      12.7017517479      3.0804876945      0.0000000000
2.5691021454            5.9836314538      0.7430000000      12.6939581773      3.0806381688      0.0000000000
2.5691829287            5.9400465591      0.7450000000      12.6861824969      3.0807663688      0.0000000000
2.5692498099            5.8971008502      0.7470000000      12.6784247384      3.0808725819      0.0000000000
2.5693029820            5.8547822404      0.7490000000      12.6706849194      3.0809570927      0.0000000000
2.5693426343            5.8130786857      0.7510000000      12.6629630739      3.0810201810      0.0000000000
2.5693689540            5.7719786637      0.7530000000      12.6552592221      3.0810621239      0.0000000000
2.5693821261            5.7314706928      0.7550000000      12.6475733805      3.0810831953      0.0000000000
2.5693823326            5.6915436783      0.7570000000      12.6399055772      3.0810836658      0.0000000000
2.5693697530            5.6521868188      0.7590000000      12.6322558271      3.0810638015      0.0000000000
2.5693445646            5.6133895552      0.7610000000      12.6246241464      3.0810238668      0.0000000000
2.5693069422            5.5751413217      0.7630000000      12.6170105472      3.0809641216      0.0000000000
2.5692570582            5.5374321848      0.7650000000      12.6094150496      3.0808848235      0.0000000000
2.5691950828            5.5002522253      0.7670000000      12.6018376601      3.0807862266      0.0000000000
2.5691211836            5.4635917539      0.7690000000      12.5942783940      3.0806685816      0.0000000000
2.5690355261            5.4274413383      0.7710000000      12.5867372565      3.0805321362      0.0000000000
2.5689382735            5.3917916149      0.7730000000      12.5792142543      3.0803771354      0.0000000000
2.5688295871            5.3566337108      0.7750000000      12.5717093992      3.0802038212      0.0000000000
2.5687096255            5.3219587596      0.7770000000      12.5642226938      3.0800124325      0.0000000000
2.5685785454            5.2877581296      0.7790000000      12.5567541399      3.0798032046      0.0000000000
2.5684365016            5.2540233249      0.7810000000      12.5493037423      3.0795763712      0.0000000000
2.5682836466            5.2207461148      0.7830000000      12.5418715028      3.0793321622      0.0000000000
2.5681201307            5.1879184378      0.7850000000      12.5344574211      3.0790708051      0.0000000000
2.5679461025            5.1555323924      0.7870000000      12.5270614956      3.0787925242      0.0000000000
2.5677617082            5.1235802511      0.7890000000      12.5196837244      3.0784975414      0.0000000000
2.5675670926            5.0920544503      0.7910000000      12.5123241043      3.0781860761      0.0000000000
2.5673623981            5.0609476076      0.7930000000      12.5049826310      3.0778583445      0.0000000000
2.5671477653            5.0302524738      0.7950000000      12.4976592987      3.0775145603      0.0000000000
2.5669233328            4.9999619687      0.7970000000      12.4903541012      3.0771549347      0.0000000000
2.5666892377            4.9700691555      0.7990000000      12.4830670315      3.0767796764      0.0000000000
2.5664456151            4.9405672503      0.8010000000      12.4757980800      3.0763889915      0.0000000000
2.5661925981            4.9114496247      0.8030000000      12.4685472384      3.0759830835      0.0000000000
2.5659303183            4.8827097563      0.8050000000      12.4613144993      3.0755621536      0.0000000000
2.5656589051            4.8543413335      0.8070000000      12.4540998474      3.0751263998      0.0000000000
2.5653784868            4.8263380461      0.8090000000      12.4469032688      3.0746760188      0.0000000000
2.5650891897            4.7986938219      0.8110000000      12.4397247506      3.0742112042      0.0000000000
2.5647911382            4.7714027096      0.8130000000      12.4325642847      3.0737321475      0.0000000000
2.5644844554            4.7444588480      0.8150000000      12.4254218505      3.0732390377      0.0000000000
2.5641692626            4.7178565051      0.8170000000      12.4182974360      3.0727320619      0.0000000000
2.5638456795            4.6915900866      0.8190000000      12.4111910306      3.0722114043      0.0000000000
2.5635138242            4.6656540497      0.8210000000      12.4041025984      3.0716772470      0.0000000000
2.5631738134            4.6400430609      0.8230000000      12.3970321400      3.0711297708      0.0000000000
2.5628257620            4.6147518229      0.8250000000      12.3899796262      3.0705691529      0.0000000000
2.5624697835            4.5897751296      0.8270000000      12.3829450519      3.0699955693      0.0000000000
2.5621059900            4.5651079475      0.8290000000      12.3759283744      3.0694091938      0.0000000000
2.5617344919            4.5407453350      0.8310000000      12.3689295912      3.0688101974      0.0000000000
2.5613553984            4.5166824455      0.8330000000      12.3619486747      3.0681987497      0.0000000000
2.5609688173            4.4929143553      0.8350000000      12.3549856058      3.0675750188      0.0000000000
2.5605748544            4.4694365788      0.8370000000      12.3480403570      3.0669391689      0.0000000000
2.5601736149            4.4462445102      0.8390000000      12.3411129078      3.0662913638      0.0000000000
2.5597652018            4.4233334826      0.8410000000      12.3342032352      3.0656317646      0.0000000000
2.5593497180            4.4006992903      0.8430000000      12.3273113137      3.0649605316      0.0000000000
2.5589272634            4.3783375938      0.8450000000      12.3204371211      3.0642778211      0.0000000000
2.5584979381            4.3562440027      0.8470000000      12.3135806232      3.0635837898      0.0000000000
2.5580618400            4.3344145694      0.8490000000      12.3067418026      3.0628785908      0.0000000000
2.5576190660            4.3128450639      0.8510000000      12.2999206357      3.0621623762      0.0000000000
2.5571697115            4.2915315626      0.8530000000      12.2931170832      3.0614352955      0.0000000000
2.5567138712            4.2704702006      0.8550000000      12.2863311298      3.0606974977      0.0000000000
2.5562516379            4.2496570218      0.8570000000      12.2795627359      3.0599491284      0.0000000000
2.5557831038            4.2290883919      0.8590000000      12.2728118841      3.0591903330      0.0000000000
2.5553083596            4.2087604673      0.8610000000      12.2660785371      3.0584212543      0.0000000000
2.5548274946            4.1886697626      0.8630000000      12.2593626712      3.0576420332      0.0000000000
2.5543405976            4.1688125923      0.8650000000      12.2526642525      3.0568528096      0.0000000000
2.5538477554            4.1491855770      0.8670000000      12.2459832539      3.0560537210      0.0000000000
2.5533490544            4.1297851981      0.8690000000      12.2393196414      3.0552449038      0.0000000000
2.5528445796            4.1106081678      0.8710000000      12.2326733887      3.0544264927      0.0000000000
2.5523344149            4.0916511374      0.8730000000      12.2260444591      3.0535986206      0.0000000000
2.5518186429            4.0729108874      0.8750000000      12.2194328256      3.0527614183      0.0000000000
2.5512973457            4.0543842629      0.8770000000      12.2128384511      3.0519150166      0.0000000000
2.5507706038            4.0360680769      0.8790000000      12.2062613103      3.0510595430      0.0000000000
2.5502384967            4.0179594004      0.8810000000      12.1997013609      3.0501951242      0.0000000000
2.5497011034            4.0000550185      0.8830000000      12.1931585763      3.0493218857      0.0000000000
2.5491585013            3.9823521578      0.8850000000      12.1866329221      3.0484399511      0.0000000000
2.5486107671            3.9648478624      0.8870000000      12.1801243627      3.0475494427      0.0000000000
2.5480579766            3.9475392350      0.8890000000      12.1736328698      3.0466504812      0.0000000000
2.5475002041            3.9304236059      0.8910000000      12.1671583979      3.0457431857      0.0000000000
2.5469375237            3.9134980681      0.8930000000      12.1607009220      3.0448276744      0.0000000000
2.5463700081            3.8967600233      0.8950000000      12.1542604059      3.0439040638      0.0000000000
2.5457977290            3.8802068870      0.8970000000      12.1478368093      3.0429724687      0.0000000000
2.5452207575            3.8638358713      0.8990000000      12.1414301020      3.0420330034      0.0000000000
2.5446391635            3.8476445598      0.9010000000      12.1350402474      3.0410857794      0.0000000000
2.5440530162            3.8316304750      0.9030000000      12.1286672052      3.0401309086      0.0000000000
2.5434623840            3.8157910165      0.9050000000      12.1223109455      3.0391685004      0.0000000000
2.5428673342            3.8001238127      0.9070000000      12.1159714310      3.0381986634      0.0000000000
2.5422679331            3.7846265871      0.9090000000      12.1096486180      3.0372215042      0.0000000000
2.5416642467            3.7692968880      0.9110000000      12.1033424800      3.0362371293      0.0000000000
2.5410563400            3.7541323938      0.9130000000      12.0970529717      3.0352456434      0.0000000000
2.5404442766            3.7391309239      0.9150000000      12.0907800628      3.0342471494      0.0000000000
2.5398281198            3.7242902780      0.9170000000      12.0845237068      3.0332417491      0.0000000000
2.5392079325            3.7096081971      0.9190000000      12.0782838774      3.0322295449      0.0000000000
2.5385837756            3.6950825429      0.9210000000      12.0720605278      3.0312106349      0.0000000000
2.5379557108            3.6807112315      0.9230000000      12.0658536272      3.0301851191      0.0000000000
2.5373237975            3.6664922557      0.9250000000      12.0596631310      3.0291530938      0.0000000000
2.5366880955            3.6524234679      0.9270000000      12.0534890040      3.0281146561      0.0000000000
2.5360486629            3.6385029249      0.9290000000      12.0473312108      3.0270699002      0.0000000000
2.5354055581            3.6247286321      0.9310000000      12.0411897089      3.0260189211      0.0000000000
2.5347588378            3.6110986550      0.9330000000      12.0350644612      3.0249618110      0.0000000000
2.5341085586            3.5976111343      0.9350000000      12.0289554289      3.0238986622      0.0000000000
2.5334547761            3.5842641680      0.9370000000      12.0228625707      3.0228295648      0.0000000000
2.5327975455            3.5710558970      0.9390000000      12.0167858515      3.0217546092      0.0000000000
2.5321369209            3.5579845264      0.9410000000      12.0107252325      3.0206738836      0.0000000000
2.5314729559            3.5450482953      0.9430000000      12.0046806739      3.0195874752      0.0000000000
2.5308057037            3.5322454257      0.9450000000      11.9986521326      3.0184954712      0.0000000000
2.5301352165            3.5195741864      0.9470000000      11.9926395732      3.0173979569      0.0000000000
2.5294615459            3.5070329011      0.9490000000      11.9866429558      3.0162950170      0.0000000000
2.5287847428            3.4946199217      0.9510000000      11.9806622380      3.0151867342      0.0000000000
2.5281048577            3.4823335975      0.9530000000      11.9746973839      3.0140731920      0.0000000000
2.5274219403            3.4701723028      0.9550000000      11.9687483513      3.0129544713      0.0000000000
2.5267360397            3.4581344425      0.9570000000      11.9628151023      3.0118306531      0.0000000000
2.5260472044            3.4462184696      0.9590000000      11.9568975967      3.0107018170      0.0000000000
2.5253554824            3.4344228575      0.9610000000      11.9509957939      3.0095680416      0.0000000000
2.5246609209            3.4227460800      0.9630000000      11.9451096561      3.0084294051      0.0000000000
2.5239635665            3.4111866584      0.9650000000      11.9392391405      3.0072859837      0.0000000000
2.5232634656            3.3997431216      0.9670000000      11.9333842087      3.0061378540      0.0000000000
2.5225606635            3.3884140301      0.9690000000      11.9275448197      3.0049850908      0.0000000000
2.5218552056            3.3771979644      0.9710000000      11.9217209345      3.0038277688      0.0000000000
2.5211471359            3.3660935245      0.9730000000      11.9159125116      3.0026659607      0.0000000000
2.5204364985            3.3550993399      0.9750000000      11.9101195113      3.0014997395      0.0000000000
2.5197233368            3.3442140595      0.9770000000      11.9043418939      3.0003291770      0.0000000000
2.5190076934            3.3334363523      0.9790000000      11.8985796179      2.9991543433      0.0000000000
2.5182896109            3.3227649075      0.9810000000      11.8928326445      2.9979753093      0.0000000000
2.5175691308            3.3121984346      0.9830000000      11.8871009325      2.9967921434      0.0000000000
2.5168462945            3.3017356623      0.9850000000      11.8813844420      2.9956049145      0.0000000000
2.5161211427            3.2913753417      0.9870000000      11.8756831329      2.9944136903      0.0000000000
2.5153937156            3.2811162411      0.9890000000      11.8699969642      2.9932185371      0.0000000000
2.5146640529            3.2709571485      0.9910000000      11.8643258960      2.9920195213      0.0000000000
2.5139321938            3.2608968676      0.9930000000      11.8586698880      2.9908167076      0.0000000000
2.5131981774            3.2509342125      0.9950000000      11.8530289017      2.9896101612      0.0000000000
2.5124620418            3.2410680360      0.9970000000      11.8474028950      2.9883999458      0.0000000000
2.5117238247            3.2312971814      0.9990000000      11.8417918258      2.9871861238      0.0000000000
2.5109835636            3.2216205391      1.0010000000      11.8361956562      2.9859687581      0.0000000000
2.5102412954            3.2120370097      1.0030000000      11.8306143453      2.9847479100      0.0000000000
2.5094970566            3.2025455012      1.0050000000      11.8250478534      2.9835236404      0.0000000000
2.5087508830            3.1931449416      1.0070000000      11.8194961413      2.9822960092      0.0000000000
2.5080028103            3.1838342554      1.0090000000      11.8139591647      2.9810650761      0.0000000000
2.5072528737            3.1746124020      1.0110000000      11.8084368822      2.9798308997      0.0000000000
2.5065011078            3.1654783698      1.0130000000      11.8029292578      2.9785935382      0.0000000000
2.5057475470            3.1564311503      1.0150000000      11.7974362523      2.9773530491      0.0000000000
2.5049922250            3.1474697177      1.0170000000      11.7919578264      2.9761094890      0.0000000000
2.5042351750            3.1385931037      1.0190000000      11.7864939336      2.9748629131      0.0000000000
2.5034764307            3.1298003433      1.0210000000      11.7810445397      2.9736133785      0.0000000000
2.5027160239            3.1210905041      1.0230000000      11.7756096046      2.9723609383      0.0000000000
2.5019539876            3.1124625891      1.0250000000      11.7701890817      2.9711056478      0.0000000000
2.5011903535            3.1039157427      1.0270000000      11.7647829340      2.9698475606      0.0000000000
2.5004251526            3.0954490275      1.0290000000      11.7593911246      2.9685867285      0.0000000000
2.4996584163            3.0870615045      1.0310000000      11.7540136139      2.9673232046      0.0000000000
2.4988901752            3.0787523319      1.0330000000      11.7486503591      2.9660570405      0.0000000000
2.4981204597            3.0705206160      1.0350000000      11.7433013255      2.9647882872      0.0000000000
2.4973492999            3.0623654758      1.0370000000      11.7379664627      2.9635169954      0.0000000000
2.4965767249            3.0542861325      1.0390000000      11.7326457354      2.9622432143      0.0000000000
2.4958027644            3.0462816824      1.0410000000      11.7273391120      2.9609669941      0.0000000000
2.4950274468            3.0383513216      1.0430000000      11.7220465442      2.9596883828      0.0000000000
2.4942508012            3.0304942430      1.0450000000      11.7167679997      2.9584074293      0.0000000000
2.4934728554            3.0227095962      1.0470000000      11.7115034277      2.9571241810      0.0000000000
2.4926936374            3.0149966896      1.0490000000      11.7062527944      2.9558386849      0.0000000000
2.4919131745            3.0073546457      1.0510000000      11.7010160661      2.9545509872      0.0000000000
2.4911314940            2.9997827642      1.0530000000      11.6957931980      2.9532611345      0.0000000000
2.4903486226            2.9922802089      1.0550000000      11.6905841529      2.9519691718      0.0000000000
2.4895645871            2.9848463149      1.0570000000      11.6853888833      2.9506751447      0.0000000000
2.4887794135            2.9774803119      1.0590000000      11.6802073625      2.9493790973      0.0000000000
2.4879931274            2.9701814783      1.0610000000      11.6750395449      2.9480810729      0.0000000000
2.4872057549            2.9629490562      1.0630000000      11.6698853950      2.9467811158      0.0000000000
2.4864173208            2.9557823947      1.0650000000      11.6647448634      2.9454792685      0.0000000000
2.4856278504            2.9486807702      1.0670000000      11.6596179251      2.9441755736      0.0000000000
2.4848373680            2.9416435238      1.0690000000      11.6545045353      2.9428700728      0.0000000000
2.4840458982            2.9346698899      1.0710000000      11.6494046539      2.9415628076      0.0000000000
2.4832534649            2.9277593070      1.0730000000      11.6443182396      2.9402538191      0.0000000000
2.4824600918            2.9209110517      1.0750000000      11.6392452619      2.9389431477      0.0000000000
2.4816658028            2.9141244955      1.0770000000      11.6341856804      2.9376308337      0.0000000000
2.4808706204            2.9073989732      1.0790000000      11.6291394473      2.9363169160      0.0000000000
2.4800745681            2.9007338764      1.0810000000      11.6241065355      2.9350014344      0.0000000000
2.4792776683            2.8941285898      1.0830000000      11.6190869040      2.9336844272      0.0000000000
2.4784799432            2.8875824323      1.0850000000      11.6140805083      2.9323659324      0.0000000000
2.4776814152            2.8810948600      1.0870000000      11.6090873154      2.9310459885      0.0000000000
2.4768821059            2.8746652702      1.0890000000      11.6041072901      2.9297246320      0.0000000000
2.4760820370            2.8682930044      1.0910000000      11.5991403897      2.9284019004      0.0000000000
2.4752812297            2.8619775520      1.0930000000      11.5941865735      2.9270778300      0.0000000000
2.4744797052            2.8557183159      1.0950000000      11.5892458142      2.9257524570      0.0000000000
2.4736774840            2.8495146752      1.0970000000      11.5843180647      2.9244258165      0.0000000000
2.4728745870            2.8433661436      1.0990000000      11.5794032872      2.9230979445      0.0000000000
2.4720710341            2.8372721416      1.1010000000      11.5745014529      2.9217688750      0.0000000000
2.4712668456            2.8312320631      1.1030000000      11.5696125149      2.9204386431      0.0000000000
2.4704620412            2.8252454486      1.1050000000      11.5647364377      2.9191072822      0.0000000000
2.4696566407            2.8193117340      1.1070000000      11.5598731912      2.9177748268      0.0000000000
2.4688506632            2.8134303772      1.1090000000      11.5550227280      2.9164413095      0.0000000000
2.4680441278            2.8076008644      1.1110000000      11.5501850171      2.9151067632      0.0000000000
2.4672370534            2.8018226994      1.1130000000      11.5453600218      2.9137712205      0.0000000000
2.4664294586            2.7960953828      1.1150000000      11.5405476983      2.9124347132      0.0000000000
2.4656213620            2.7904183669      1.1170000000      11.5357480207      2.9110972737      0.0000000000
2.4648127815            2.7847911799      1.1190000000      11.5309609444      2.9097589327      0.0000000000
2.4640037355            2.7792133777      1.1210000000      11.5261864307      2.9084197217      0.0000000000
2.4631942413            2.7736844238      1.1230000000      11.5214244525      2.9070796710      0.0000000000
2.4623843166            2.7682038687      1.1250000000      11.5166749635      2.9057388109      0.0000000000
2.4615739789            2.7627712230      1.1270000000      11.5119379339      2.9043971715      0.0000000000
2.4607632452            2.7573860267      1.1290000000      11.5072133251      2.9030547826      0.0000000000
2.4599521325            2.7520478757      1.1310000000      11.5025010965      2.9017116731      0.0000000000
2.4591406572            2.7467562370      1.1330000000      11.4978012209      2.9003678716      0.0000000000
2.4583288361            2.7415107217      1.1350000000      11.4931136536      2.8990234073      0.0000000000
2.4575166856            2.7363108674      1.1370000000      11.4884383671      2.8976783085      0.0000000000
2.4567042215            2.7311562101      1.1390000000      11.4837753179      2.8963326023      0.0000000000
2.4558914600            2.7260463988      1.1410000000      11.4791244710      2.8949863171      0.0000000000
2.4550784168            2.7209809240      1.1430000000      11.4744857971      2.8936394802      0.0000000000
2.4542651072            2.7159594454      1.1450000000      11.4698592519      2.8922921179      0.0000000000
2.4534515467            2.7109814627      1.1470000000      11.4652448094      2.8909442571      0.0000000000
2.4526377506            2.7060466424      1.1490000000      11.4606424252      2.8895959243      0.0000000000
2.4518237339            2.7011545433      1.1510000000      11.4560520739      2.8882471460      0.0000000000
2.4510095112            2.6963047577      1.1530000000      11.4514737094      2.8868979471      0.0000000000
2.4501950970            2.6914969371      1.1550000000      11.4469073022      2.8855483529      0.0000000000
2.4493805061            2.6867306188      1.1570000000      11.4423528175      2.8841983893      0.0000000000
2.4485657526            2.6820055182      1.1590000000      11.4378102176      2.8828480808      0.0000000000
2.4477508507            2.6773211386      1.1610000000      11.4332794730      2.8814974519      0.0000000000
2.4469358143            2.6726772217      1.1630000000      11.4287605422      2.8801465271      0.0000000000
2.4461206570            2.6680732834      1.1650000000      11.4242533982      2.8787953301      0.0000000000
2.4453053924            2.6635090677      1.1670000000      11.4197579975      2.8774438843      0.0000000000
2.4444900344            2.6589841115      1.1690000000      11.4152743157      2.8760922141      0.0000000000
2.4436745955            2.6544981443      1.1710000000      11.4108023083      2.8747403415      0.0000000000
2.4428590896            2.6500507378      1.1730000000      11.4063419511      2.8733882905      0.0000000000
2.4420435292            2.6456416057      1.1750000000      11.4018932007      2.8720360831      0.0000000000
2.4412279270            2.6412703506      1.1770000000      11.3974560305      2.8706837412      0.0000000000
2.4404122960            2.6369366746      1.1790000000      11.3930304007      2.8693312880      0.0000000000
2.4395966483            2.6326402045      1.1810000000      11.3886162832      2.8679787443      0.0000000000
2.4387809966            2.6283806391      1.1830000000      11.3842136379      2.8666261325      0.0000000000
2.4379653529            2.6241576195      1.1850000000      11.3798224380      2.8652734734      0.0000000000
2.4371497291            2.6199708502      1.1870000000      11.3754426422      2.8639207880      0.0000000000
2.4363341372            2.6158199779      1.1890000000      11.3710742252      2.8625680973      0.0000000000
2.4355185891            2.6117047198      1.1910000000      11.3667171463      2.8612154220      0.0000000000
2.4347030962            2.6076247225      1.1930000000      11.3623713793      2.8598627824      0.0000000000
2.4338876701            2.6035797213      1.1950000000      11.3580368840      2.8585101984      0.0000000000
2.4330723221            2.5995693552      1.1970000000      11.3537136339      2.8571576902      0.0000000000
2.4322570633            2.5955933849      1.1990000000      11.3494015904      2.8558052771      0.0000000000
