# M(M_sol)                 Lambda          n_Bc(fm^-3)         R(km)            m_B(M_sol)        m_Bquar/M_B
0.1516939700     26238783.4144179970      0.1320000000      20.5741007717      0.1518954651      0.0000000000
0.1556349567     22850931.6634347849      0.1340000000      20.0104588766      0.1558899538      0.0000000000
0.1596964405     19927156.7672766410      0.1360000000      19.4930620746      0.1600091200      0.0000000000
0.1638798400     17398817.8016102128      0.1380000000      19.0170972578      0.1642546248      0.0000000000
0.1681865416     15208640.3733400330      0.1400000000      18.5783898169      0.1686281066      0.0000000000
0.1726178486     13308495.0158311147      0.1420000000      18.1732959401      0.1731311289      0.0000000000
0.1771750420     11657717.4245451465      0.1440000000      17.7986226467      0.1777652426      0.0000000000
0.1818594163     10221808.4003437720      0.1460000000      17.4515646080      0.1825320219      0.0000000000
0.1866721724      8971370.2527195252      0.1480000000      17.1296402789      0.1874329563      0.0000000000
0.1916144970      7881282.3055198677      0.1500000000      16.8306503946      0.1924695307      0.0000000000
0.1966874951      6930025.7478146320      0.1520000000      16.5526388191      0.1976431572      0.0000000000
0.2018922145      6099117.6406480120      0.1540000000      16.2938570031      0.2029551996      0.0000000000
0.2072297023      5372662.4791546622      0.1560000000      16.0527437011      0.2084070313      0.0000000000
0.2127008663      4736954.7734461436      0.1580000000      15.8278914919      0.2139998939      0.0000000000
0.2183065873      4180171.6871144804      0.1600000000      15.6180363969      0.2197350112      0.0000000000
0.2240476636      3692094.1371910498      0.1620000000      15.4220357591      0.2256135333      0.0000000000
0.2299248243      3263881.3890036172      0.1640000000      15.2388559567      0.2316365490      0.0000000000
0.2359387144      2887874.6965973172      0.1660000000      15.0675583120      0.2378050714      0.0000000000
0.2420898807      2557434.7149726697      0.1680000000      14.9072887425      0.2441200223      0.0000000000
0.2483788278      2266799.8805577089      0.1700000000      14.7572708277      0.2505822900      0.0000000000
0.2548059318      2010964.3685179816      0.1720000000      14.6167932720      0.2571926404      0.0000000000
0.2613714770      1785576.0994109341      0.1740000000      14.4852046727      0.2639517540      0.0000000000
0.2680757013      1586850.1795501364      0.1760000000      14.3619111956      0.2708602725      0.0000000000
0.2749186792      1411487.8186128931      0.1780000000      14.2463621266      0.2779186781      0.0000000000
0.2819004438      1256616.4328900615      0.1800000000      14.1380549253      0.2851274187      0.0000000000
0.2890209109      1119729.8181234377      0.1820000000      14.0365248549      0.2924868291      0.0000000000
0.2962798766       998639.9479629691      0.1840000000      13.9413412928      0.2999971281      0.0000000000
0.3036770523       891436.0955117955      0.1860000000      13.8521071545      0.3076584540      0.0000000000
0.3112120531       796448.2306317278      0.1880000000      13.7684551015      0.3154708525      0.0000000000
0.3188843864       712215.2548130545      0.1900000000      13.6900440354      0.3234342638      0.0000000000
0.3266934536       637458.0735689411      0.1920000000      13.6165569282      0.3315485243      0.0000000000
0.3346385451       571055.9762975887      0.1940000000      13.5476982765      0.3398133602      0.0000000000
0.3427188707       512026.8538981780      0.1960000000      13.4831946246      0.3482284190      0.0000000000
0.3509334974       459508.4074399041      0.1980000000      13.4227879156      0.3567932040      0.0000000000
0.3592814200       412744.1246770833      0.2000000000      13.3662396105      0.3655071468      0.0000000000
0.3677615434       371069.3823784087      0.2020000000      13.3133274620      0.3743695883      0.0000000000
0.3763726315       333899.3143589058      0.2040000000      13.2638406036      0.3833797249      0.0000000000
0.3851133847       300719.8676880971      0.2060000000      13.2175844529      0.3925366885      0.0000000000
0.3939823804       271077.9597786636      0.2080000000      13.1743743305      0.4018394834      0.0000000000
0.4029781018       244574.5072747900      0.2100000000      13.1340372308      0.4112870161      0.0000000000
0.4120989629       220857.8265321346      0.2120000000      13.0964127794      0.4208781202      0.0000000000
0.4213432527       199617.2551457850      0.2140000000      13.0613475076      0.4306114971      0.0000000000
0.4307091786       180578.5729461672      0.2160000000      13.0286978566      0.4404857614      0.0000000000
0.4401948776       163499.5509065563      0.2180000000      12.9983299517      0.4504994510      0.0000000000
0.4497983676       148165.7642353970      0.2200000000      12.9701151013      0.4606509759      0.0000000000
0.4595176116       134387.6113911398      0.2220000000      12.9439341410      0.4709386842      0.0000000000
0.4693504721       121997.0696810893      0.2240000000      12.9196730873      0.4813608139      0.0000000000
0.4792947538       110845.3155132626      0.2260000000      12.8972258436      0.4919155364      0.0000000000
0.4893481575       100800.2144270327      0.2280000000      12.8764898936      0.5026009080      0.0000000000
0.4995083506        91744.6521388058      0.2300000000      12.8573713062      0.5134149426      0.0000000000
0.5097728896        83574.4272353263      0.2320000000      12.8397779472      0.5243555296      0.0000000000
0.5201392997        76197.0437032114      0.2340000000      12.8236252304      0.5354205174      0.0000000000
0.5306050264        69530.1649391105      0.2360000000      12.8088317462      0.5466076609      0.0000000000
0.5411674534        63500.4750842630      0.2380000000      12.7953200179      0.5579146401      0.0000000000
0.5518239254        58042.7196772641      0.2400000000      12.7830179833      0.5693390836      0.0000000000
0.5625717193        53098.6718870105      0.2420000000      12.7718559908      0.5808785372      0.0000000000
0.5734080720        48616.4073008153      0.2440000000      12.7617686492      0.5925304926      0.0000000000
0.5843301744        44549.5642757257      0.2460000000      12.7526937771      0.6042923807      0.0000000000
0.5953351746        40856.7154971821      0.2480000000      12.7445722404      0.6161615742      0.0000000000
0.6064201830        37500.8214107968      0.2500000000      12.7373478787      0.6281353925      0.0000000000
0.6175822774        34448.7411151414      0.2520000000      12.7309674200      0.6402111064      0.0000000000
0.6288185064        31670.8047677117      0.2540000000      12.7253804321      0.6523859416      0.0000000000
0.6401258863        29140.4150554713      0.2560000000      12.7205384872      0.6646570742      0.0000000000
0.6515014157        26833.7294471146      0.2580000000      12.7163959848      0.6770216464      0.0000000000
0.6629420722        24729.3551507724      0.2600000000      12.7129095587      0.6894767622      0.0000000000
0.6744448150        22808.0760465506      0.2620000000      12.7100378552      0.7020194901      0.0000000000
0.6860065888        21052.6222268247      0.2640000000      12.7077413361      0.7146468661      0.0000000000
0.6976243366        19447.4717417544      0.2660000000      12.7059830367      0.7273559085      0.0000000000
0.7092949836        17978.6446311347      0.2680000000      12.7047269591      0.7401435986      0.0000000000
0.7210154589        16633.5581403368      0.2700000000      12.7039393869      0.7530069048      0.0000000000
0.7327827037        15400.8766590203      0.2720000000      12.7035887121      0.7659427913      0.0000000000
0.7445936334        14270.3701610981      0.2740000000      12.7036441024      0.7789481760      0.0000000000
0.7564451858        13232.8017918257      0.2760000000      12.7040759401      0.7920199831      0.0000000000
0.7683343069        12279.8370708291      0.2780000000      12.7048565573      0.8051551275      0.0000000000
0.7802579684        11403.9519346328      0.2800000000      12.7059608057      0.8183505339      0.0000000000
0.7922131260        10598.3205962098      0.2820000000      12.7073621215      0.8316030903      0.0000000000
0.8041967843         9856.7877495980      0.2840000000      12.7090380421      0.8449097199      0.0000000000
0.8162059469         9173.7651166436      0.2860000000      12.7109653401      0.8582673258      0.0000000000
0.8282376446         8544.1915301110      0.2880000000      12.7131223858      0.8716728220      0.0000000000
0.8402889365         7963.4794190770      0.2900000000      12.7154889039      0.8851231344      0.0000000000
0.8523569073         7427.4651801200      0.2920000000      12.7180455548      0.8986151986      0.0000000000
0.8644386735         6932.3688925780      0.2940000000      12.7207741659      0.9121459657      0.0000000000
0.8765313701         6474.7497448744      0.2960000000      12.7236563605      0.9257123886      0.0000000000
0.8886321840         6051.4881593942      0.2980000000      12.7266763566      0.9393114584      0.0000000000
0.9007383279         5659.7410841254      0.3000000000      12.7298183678      0.9529401759      0.0000000000
0.9128470417         5296.9158946854      0.3020000000      12.7330665225      0.9665955538      0.0000000000
0.9249556226         4960.6585284761      0.3040000000      12.7364074732      0.9802746492      0.0000000000
0.9370613975         4648.8183795957      0.3060000000      12.7398276619      0.9939745341      0.0000000000
0.9491617291         4359.4317851468      0.3080000000      12.7433136780      1.0076923018      0.0000000000
0.9612540360         4090.7106684579      0.3100000000      12.7468540349      1.0214250900      0.0000000000
0.9733357746         3841.0192167983      0.3120000000      12.7504372617      1.0351700606      0.0000000000
0.9854044390         3608.8605692032      0.3140000000      12.7540518205      1.0489243998      0.0000000000
0.9974575860         3392.8702259897      0.3160000000      12.7576883370      1.0626853469      0.0000000000
1.0094928077         3191.7959154707      0.3180000000      12.7613368148      1.0764501631      0.0000000000
1.0215077455         3004.4913039416      0.3200000000      12.7649879174      1.0902161483      0.0000000000
1.0335000916         2829.9065965640      0.3220000000      12.7686330152      1.1039806428      0.0000000000
1.0454675859         2667.0786124671      0.3240000000      12.7722637292      1.1177410242      0.0000000000
1.0574080228         2515.1246012922      0.3260000000      12.7758726019      1.1314947155      0.0000000000
1.0693192440         2373.2337037076      0.3280000000      12.7794522878      1.1452391774      0.0000000000
1.0811991458         2240.6615694611      0.3300000000      12.7829961894      1.1589719167      0.0000000000
1.0930456754         2116.7237750567      0.3320000000      12.7864979652      1.1726904833      0.0000000000
1.1048568233         2000.7897143227      0.3340000000      12.7899510236      1.1863924608      0.0000000000
1.1166306453         1892.2811354876      0.3360000000      12.7933502648      1.2000754931      0.0000000000
1.1283652373         1790.6635736301      0.3380000000      12.7966897503      1.2137372555      0.0000000000
1.1400587598         1695.4466546305      0.3400000000      12.7999651385      1.2273754830      0.0000000000
1.1517094145         1606.1766387741      0.3420000000      12.8031712704      1.2409879448      0.0000000000
1.1633154653         1522.4364665060      0.3440000000      12.8063043126      1.2545724680      0.0000000000
1.1748752210         1443.8400474548      0.3460000000      12.8093598903      1.2681269184      0.0000000000
1.1863870472         1370.0317598334      0.3480000000      12.8123345232      1.2816492151      0.0000000000
1.1978493540         1300.6819184811      0.3500000000      12.8152241084      1.2951373162      0.0000000000
1.2092606137         1235.4871120231      0.3520000000      12.8180259658      1.3085892401      0.0000000000
1.2206193442         1174.1660608371      0.3540000000      12.8207370421      1.3220030465      0.0000000000
1.2319241124         1116.4580889851      0.3560000000      12.8233542660      1.3353768414      0.0000000000
1.2431735438         1062.1229104113      0.3580000000      12.8258757198      1.3487087877      0.0000000000
1.2543663020         1010.9364130772      0.3600000000      12.8282982918      1.3619970829      0.0000000000
1.2655011117          962.6922457308      0.3620000000      12.8306203997      1.3752399859      0.0000000000
1.2765767382          917.1980154844      0.3640000000      12.8328396609      1.3884357933      0.0000000000
1.2875920062          874.2763462834      0.3660000000      12.8349550958      1.4015828622      0.0000000000
1.2985457759          833.7613468897      0.3680000000      12.8369644992      1.4146795829      0.0000000000
1.3094369621          795.4994988076      0.3700000000      12.8388665780      1.4277244011      0.0000000000
1.3202645229          759.3479921321      0.3720000000      12.8406598879      1.4407158059      0.0000000000
1.3310274709          725.1745877499      0.3740000000      12.8423439929      1.4536523421      0.0000000000
1.3417248517          692.8553256521      0.3760000000      12.8439172464      1.4665325874      0.0000000000
1.3523557655          662.2755440967      0.3780000000      12.8453791981      1.4793551761      0.0000000000
1.3629193528          633.3282809479      0.3800000000      12.8467291744      1.4921187845      0.0000000000
1.3734147976          605.9138009076      0.3820000000      12.8479665786      1.5048221338      0.0000000000
1.3838413233          579.9389594586      0.3840000000      12.8490905830      1.5174639864      0.0000000000
1.3941982019          555.3173438905      0.3860000000      12.8501012489      1.5300431567      0.0000000000
1.4044847426          531.9680994738      0.3880000000      12.8509983500      1.5425584989      0.0000000000
1.4147002943          509.8156882893      0.3900000000      12.8517816433      1.5550089093      0.0000000000
1.4248442476          488.7897053817      0.3920000000      12.8524512481      1.5673933294      0.0000000000
1.4349160255          468.8240237060      0.3940000000      12.8530066522      1.5797107359      0.0000000000
1.4449150999          449.8574622144      0.3960000000      12.8534487829      1.5919601598      0.0000000000
1.4548409693          431.8322080659      0.3980000000      12.8537773395      1.6041406607      0.0000000000
1.4646931725          414.6943995751      0.4000000000      12.8539926110      1.6162513432      0.0000000000
1.4744712841          398.3936622763      0.4020000000      12.8540950473      1.6282913526      0.0000000000
1.4841749154          382.8829049729      0.4040000000      12.8540854021      1.6402598750      0.0000000000
1.4938037031          368.1176103707      0.4060000000      12.8539634618      1.6521561256      0.0000000000
1.5033573259          354.0565095138      0.4080000000      12.8537302343      1.6639793679      0.0000000000
1.5128354912          340.6607079397      0.4100000000      12.8533863225      1.6757288982      0.0000000000
1.5222379372          327.8937425091      0.4120000000      12.8529323856      1.6874040491      0.0000000000
1.5315644325          315.7213489155      0.4140000000      12.8523690625      1.6990041883      0.0000000000
1.5408147728          304.1112773884      0.4160000000      12.8516967406      1.7105287158      0.0000000000
1.5499887902          293.0335412609      0.4180000000      12.8509168330      1.7219770747      0.0000000000
1.5590863375          282.4596684587      0.4200000000      12.8500298566      1.7333487333      0.0000000000
1.5681072969          272.3629696386      0.4220000000      12.8490366053      1.7446431950      0.0000000000
1.5770515773          262.7183706778      0.4240000000      12.8479379783      1.7558599961      0.0000000000
1.5859191141          253.5022864926      0.4260000000      12.8467349749      1.7669987050      0.0000000000
1.5947098690          244.6925977957      0.4280000000      12.8454288788      1.7780589230      0.0000000000
1.6034238212          236.2682121918      0.4300000000      12.8440200013      1.7890402733      0.0000000000
1.6120609812          228.2095550024      0.4320000000      12.8425098517      1.7999424182      0.0000000000
1.6206213787          220.4980513696      0.4340000000      12.8408994115      1.8107650444      0.0000000000
1.6291050644          213.1161623351      0.4360000000      12.8391896006      1.8215078659      0.0000000000
1.6375121124          206.0474166725      0.4380000000      12.8373816106      1.8321706262      0.0000000000
1.6458426170          199.2762635961      0.4400000000      12.8354766468      1.8427530957      0.0000000000
1.6540966878          192.7878869340      0.4420000000      12.8334752522      1.8532550652      0.0000000000
1.6622744631          186.5685805287      0.4440000000      12.8313793531      1.8636763623      0.0000000000
1.6703760905          180.6051391379      0.4460000000      12.8291895899      1.8740168285      0.0000000000
1.6784017392          174.8851826366      0.4480000000      12.8269071208      1.8842763339      0.0000000000
1.6863515966          169.3970435848      0.4500000000      12.8245332751      1.8944547733      0.0000000000
1.6942258649          164.1296353030      0.4520000000      12.8220691220      1.9045520620      0.0000000000
1.7020247621          159.0724778692      0.4540000000      12.8195157353      1.9145681380      0.0000000000
1.7097485249          154.2157285282      0.4560000000      12.8168746461      1.9245029642      0.0000000000
1.7173973991          149.5499434193      0.4580000000      12.8141466202      1.9343565183      0.0000000000
1.7249716505          145.0663110518      0.4600000000      12.8113332500      1.9441288052      0.0000000000
1.7324715541          140.7563824996      0.4620000000      12.8084354565      1.9538198443      0.0000000000
1.7398973995          136.6121946816      0.4640000000      12.8054544323      1.9634296760      0.0000000000
1.7472494898          132.6262184714      0.4660000000      12.8023915143      1.9729583609      0.0000000000
1.7545281380          128.7912655989      0.4680000000      12.7992477134      1.9824059750      0.0000000000
1.7617336703          125.1005646565      0.4700000000      12.7960243049      1.9917726138      0.0000000000
1.7688664248          121.5477063609      0.4720000000      12.7927227410      2.0010583915      0.0000000000
1.7759267457          118.1265177865      0.4740000000      12.7893437576      2.0102634327      0.0000000000
1.7829149928          114.8312495335      0.4760000000      12.7858889881      2.0193878855      0.0000000000
1.7898315304          111.6563494175      0.4780000000      12.7823592802      2.0284319067      0.0000000000
1.7966767346          108.5965911364      0.4800000000      12.7787558970      2.0373956717      0.0000000000
1.8034509900          105.6470106936      0.4820000000      12.7750801127      2.0462793704      0.0000000000
1.8101546888          102.8028778612      0.4840000000      12.7713331017      2.0550832055      0.0000000000
1.8167882307          100.0596837349      0.4860000000      12.7675159624      2.0638073929      0.0000000000
1.8233520222           97.4131384311      0.4880000000      12.7636297169      2.0724521609      0.0000000000
1.8298464790           94.8592005037      0.4900000000      12.7596757937      2.0810177530      0.0000000000
1.8362720209           92.3939777922      0.4920000000      12.7556551725      2.0895044220      0.0000000000
1.8426290757           90.0137932832      0.4940000000      12.7515691225      2.0979124341      0.0000000000
1.8489180739           87.7151050437      0.4960000000      12.7474184632      2.1062420632      0.0000000000
1.8551394559           85.4946013395      0.4980000000      12.7432046730      2.1144935993      0.0000000000
1.8612936641           83.3490807909      0.5000000000      12.7389287404      2.1226673390      0.0000000000
1.8673811461           81.2755014678      0.5020000000      12.7345917344      2.1307635890      0.0000000000
1.8734023541           79.2709609424      0.5040000000      12.7301947130      2.1387826663      0.0000000000
1.8793577457           77.3327179821      0.5060000000      12.7257389943      2.1467248979      0.0000000000
1.8852477798           75.4581137881      0.5080000000      12.7212254313      2.1545906172      0.0000000000
1.8910729195           73.6446273750      0.5100000000      12.7166549914      2.1623801662      0.0000000000
1.8968336339           71.8898880320      0.5120000000      12.7120291311      2.1700938989      0.0000000000
1.9025303896           70.1915564167      0.5140000000      12.7073483151      2.1777321694      0.0000000000
1.9081636625           68.5474961574      0.5160000000      12.7026142178      2.1852953483      0.0000000000
1.9137339259           66.9555872784      0.5180000000      12.6978275546      2.1927838060      0.0000000000
1.9192416557           65.4138209980      0.5200000000      12.6929891850      2.2001979209      0.0000000000
1.9246873319           63.9203039306      0.5220000000      12.6881003252      2.2075380800      0.0000000000
1.9300714352           62.4732087007      0.5240000000      12.6831619675      2.2148046751      0.0000000000
1.9353944475           61.0707892700      0.5260000000      12.6781751027      2.2219981033      0.0000000000
1.9406568513           59.7113646668      0.5280000000      12.6731405623      2.2291187667      0.0000000000
1.9458591310           58.3933419415      0.5300000000      12.6680593740      2.2361670732      0.0000000000
1.9510017722           57.1151987765      0.5320000000      12.6629325977      2.2431434362      0.0000000000
1.9560852602           55.8754666513      0.5340000000      12.6577611072      2.2500482726      0.0000000000
1.9611100805           54.6727364403      0.5360000000      12.6525457328      2.2568820030      0.0000000000
1.9660767201           53.5056768279      0.5380000000      12.6472875567      2.2636450541      0.0000000000
1.9709856651           52.3729997076      0.5400000000      12.6419874732      2.2703378547      0.0000000000
1.9758374004           51.2734557192      0.5420000000      12.6366460967      2.2769608358      0.0000000000
1.9806324131           50.2058804053      0.5440000000      12.6312645810      2.2835144351      0.0000000000
1.9853711891           49.1691441512      0.5460000000      12.6258438524      2.2899990923      0.0000000000
1.9900542122           48.1621517155      0.5480000000      12.6203846134      2.2964152478      0.0000000000
1.9946819668           47.1838636369      0.5500000000      12.6148877506      2.3027633466      0.0000000000
1.9992549362           46.2332794933      0.5520000000      12.6093540838      2.3090438354      0.0000000000
2.0037736032           45.3094497411      0.5540000000      12.6037845980      2.3152571644      0.0000000000
2.0082384482           44.4114442726      0.5560000000      12.5981799458      2.3214037833      0.0000000000
2.0126499506           43.5383767125      0.5580000000      12.5925408571      2.3274841448      0.0000000000
2.0170085900           42.6894103585      0.5600000000      12.5868683506      2.3334987046      0.0000000000
2.0213148428           41.8637223420      0.5620000000      12.5811630577      2.3394479179      0.0000000000
2.0255691846           41.0605343531      0.5640000000      12.5754258260      2.3453322422      0.0000000000
2.0297720888           40.2790902148      0.5660000000      12.5696573336      2.3511521354      0.0000000000
2.0339240282           39.5186746687      0.5680000000      12.5638584936      2.3569080577      0.0000000000
2.0380254717           38.7785850106      0.5700000000      12.5580298705      2.3626004679      0.0000000000
2.0420768878           38.0581537647      0.5720000000      12.5521721993      2.3682298269      0.0000000000
2.0460787429           37.3567463585      0.5740000000      12.5462863667      2.3737965966      0.0000000000
2.0500315009           36.6737406790      0.5760000000      12.5403729910      2.3793012382      0.0000000000
2.0539356230           36.0085414058      0.5780000000      12.5344327491      2.3847442128      0.0000000000
2.0577915689           35.3605771598      0.5800000000      12.5284663391      2.3901259825      0.0000000000
2.0615997954           34.7292969235      0.5820000000      12.5224744253      2.3954470086      0.0000000000
2.0653607579           34.1141761585      0.5840000000      12.5164578103      2.4007077533      0.0000000000
2.0690749078           33.5147005904      0.5860000000      12.5104170420      2.4059086772      0.0000000000
2.0727426942           32.9303718686      0.5880000000      12.5043526220      2.4110502400      0.0000000000
2.0763645650           32.3607259653      0.5900000000      12.4982653907      2.4161329031      0.0000000000
2.0799409648           31.8053088708      0.5920000000      12.4921560361      2.4211571263      0.0000000000
2.0834723339           31.2636694329      0.5940000000      12.4860248775      2.4261233664      0.0000000000
2.0869591133           30.7354007370      0.5960000000      12.4798729571      2.4310320843      0.0000000000
2.0904017369           30.2200787801      0.5980000000      12.4737004504      2.4358837336      0.0000000000
2.0938006398           29.7173201913      0.6000000000      12.4675082414      2.4406787727      0.0000000000
2.0971562519           29.2267441744      0.6020000000      12.4612968608      2.4454176557      0.0000000000
2.1004689999           28.7479766328      0.6040000000      12.4550666671      2.4501008347      0.0000000000
2.1037393092           28.2806711759      0.6060000000      12.4488184016      2.4547287633      0.0000000000
2.1069676020           27.8244904906      0.6080000000      12.4425527348      2.4593018929      0.0000000000
2.1101542962           27.3790999528      0.6100000000      12.4362700432      2.4638206718      0.0000000000
2.1132998077           26.9441837310      0.6120000000      12.4299709038      2.4682855482      0.0000000000
2.1164045491           26.5194353004      0.6140000000      12.4236558463      2.4726969684      0.0000000000
2.1194689300           26.1045587419      0.6160000000      12.4173253933      2.4770553770      0.0000000000
2.1224933569           25.6992681273      0.6180000000      12.4109800501      2.4813612168      0.0000000000
2.1254782332           25.3032875437      0.6200000000      12.4046203183      2.4856149289      0.0000000000
2.1284239597           24.9163544725      0.6220000000      12.3982468270      2.4898169534      0.0000000000
2.1313309330           24.5382051809      0.6240000000      12.3918598671      2.4939677267      0.0000000000
2.1341995468           24.1685912399      0.6260000000      12.3854599501      2.4980676838      0.0000000000
2.1370301929           23.8072758250      0.6280000000      12.3790476567      2.5021172593      0.0000000000
2.1398232586           23.4540246667      0.6300000000      12.3726234042      2.5061168840      0.0000000000
2.1425791282           23.1086093649      0.6320000000      12.3661875348      2.5100669867      0.0000000000
2.1452981840           22.7708203948      0.6340000000      12.3597407696      2.5139679959      0.0000000000
2.1479808031           22.4404378298      0.6360000000      12.3532832199      2.5178203348      0.0000000000
2.1506273618           22.1172662342      0.6380000000      12.3468156099      2.5216244276      0.0000000000
2.1532382312           21.8011050280      0.6400000000      12.3403382229      2.5253806941      0.0000000000
2.1558137796           21.4917594501      0.6420000000      12.3338513566      2.5290895516      0.0000000000
2.1583543741           21.1890542859      0.6440000000      12.3273557324      2.5327514179      0.0000000000
2.1608603758           20.8928057453      0.6460000000      12.3208515793      2.5363667052      0.0000000000
2.1633321440           20.6028390935      0.6480000000      12.3143392135      2.5399358245      0.0000000000
2.1657700350           20.3189885816      0.6500000000      12.3078190944      2.5434591846      0.0000000000
2.1681744017           20.0410930268      0.6520000000      12.3012916476      2.5469371921      0.0000000000
2.1705455941           19.7689973555      0.6540000000      12.2947573209      2.5503702511      0.0000000000
2.1728839584           19.5025464447      0.6560000000      12.2882163693      2.5537587623      0.0000000000
2.1751898380           19.2415935015      0.6580000000      12.2816691805      2.5571031243      0.0000000000
2.1774635734           18.9859952624      0.6600000000      12.2751160959      2.5604037339      0.0000000000
2.1797055018           18.7356146443      0.6620000000      12.2685575307      2.5636609847      0.0000000000
2.1819159575           18.4903180197      0.6640000000      12.2619938438      2.5668752679      0.0000000000
2.1840952712           18.2499746514      0.6660000000      12.2554253516      2.5700469722      0.0000000000
2.1862437706           18.0144553281      0.6680000000      12.2488522596      2.5731764829      0.0000000000
2.1883617806           17.7836410459      0.6700000000      12.2422750264      2.5762641837      0.0000000000
2.1904496231           17.5574123633      0.6720000000      12.2356939579      2.5793104555      0.0000000000
2.1925076174           17.3356573191      0.6740000000      12.2291094970      2.5823156773      0.0000000000
2.1945360780           17.1182575631      0.6760000000      12.2225216557      2.5852802229      0.0000000000
2.1965353185           16.9051103914      0.6780000000      12.2159309916      2.5882044665      0.0000000000
2.1985056483           16.6961091637      0.6800000000      12.2093377403      2.5910887780      0.0000000000
2.2004473737           16.4911502129      0.6820000000      12.2027421223      2.5939335245      0.0000000000
2.2023607991           16.2901382715      0.6840000000      12.1961445944      2.5967390718      0.0000000000
2.2042462245           16.0929728713      0.6860000000      12.1895452513      2.5995057811      0.0000000000
2.2061039484           15.8995639413      0.6880000000      12.1829445168      2.6022340130      0.0000000000
2.2079342654           15.7098202890      0.6900000000      12.1763426388      2.6049241241      0.0000000000
2.2097374669           15.5236499881      0.6920000000      12.1697397026      2.6075764677      0.0000000000
2.2115138432           15.3409742982      0.6940000000      12.1631363056      2.6101913970      0.0000000000
2.2132636801           15.1617065248      0.6960000000      12.1565325219      2.6127692605      0.0000000000
2.2149872600           14.9857629319      0.6980000000      12.1499284671      2.6153104027      0.0000000000
2.2166848648           14.8130704234      0.7000000000      12.1433246476      2.6178151694      0.0000000000
2.2183567717           14.6435506575      0.7020000000      12.1367212115      2.6202839005      0.0000000000
2.2200032557           14.4771295535      0.7040000000      12.1301183949      2.6227169346      0.0000000000
2.2216245892           14.3137355697      0.7060000000      12.1235164627      2.6251146072      0.0000000000
2.2232210412           14.1532969806      0.7080000000      12.1169155545      2.6274772509      0.0000000000
2.2247928787           13.9957468325      0.7100000000      12.1103159549      2.6298051962      0.0000000000
2.2263403658           13.8410191466      0.7120000000      12.1037179087      2.6320987710      0.0000000000
2.2278637637           13.6890495773      0.7140000000      12.0971216349      2.6343583001      0.0000000000
2.2293633312           13.5397754654      0.7160000000      12.0905273474      2.6365841061      0.0000000000
2.2308393243           13.3931359263      0.7180000000      12.0839352581      2.6387765088      0.0000000000
2.2322919964           13.2490713369      0.7200000000      12.0773455551      2.6409358252      0.0000000000
2.2337215979           13.1075232406      0.7220000000      12.0707583958      2.6430623695      0.0000000000
2.2351283775           12.9684369227      0.7240000000      12.0641740655      2.6451564544      0.0000000000
2.2365125806           12.8317573930      0.7260000000      12.0575927297      2.6472183889      0.0000000000
2.2378744504           12.6974314436      0.7280000000      12.0510145846      2.6492484800      0.0000000000
2.2392142279           12.5654086302      0.7300000000      12.0444399104      2.6512470325      0.0000000000
2.2405321503           12.4356354281      0.7320000000      12.0378686868      2.6532143468      0.0000000000
2.2418284537           12.3080646311      0.7340000000      12.0313012107      2.6551507228      0.0000000000
2.2431033714           12.1826491176      0.7360000000      12.0247377055      2.6570564574      0.0000000000
2.2443571339           12.0593414210      0.7380000000      12.0181782881      2.6589318443      0.0000000000
2.2455899695           11.9380955570      0.7400000000      12.0116230806      2.6607771750      0.0000000000
2.2468021045           11.8188699215      0.7420000000      12.0050724273      2.6625927394      0.0000000000
2.2479937617           11.7016178119      0.7440000000      11.9985262463      2.6643788229      0.0000000000
2.2491651629           11.5863001863      0.7460000000      11.9919848894      2.6661357107      0.0000000000
2.2503165268           11.4728750192      0.7480000000      11.9854484321      2.6678636839      0.0000000000
2.2514480700           11.3613027971      0.7500000000      11.9789170566      2.6695630220      0.0000000000
2.2525600067           11.2515446123      0.7520000000      11.9723908977      2.6712340018      0.0000000000
2.2536525491           11.1435631992      0.7540000000      11.9658701549      2.6728768978      0.0000000000
2.2547259065           11.0373199294      0.7560000000      11.9593548452      2.6744919813      0.0000000000
2.2557802873           10.9327812880      0.7580000000      11.9528452830      2.6760795234      0.0000000000
2.2568158959           10.8299097989      0.7600000000      11.9463414372      2.6776397896      0.0000000000
2.2578329362           10.7286734541      0.7620000000      11.9398435975      2.6791730460      0.0000000000
2.2588316090           10.6290381516      0.7640000000      11.9333518507      2.6806795547      0.0000000000
2.2598121129           10.5309700341      0.7660000000      11.9268662241      2.6821595757      0.0000000000
2.2607746451           10.4344389135      0.7680000000      11.9203869653      2.6836133672      0.0000000000
2.2617194000           10.3394139536      0.7700000000      11.9139141974      2.6850411847      0.0000000000
2.2626465704           10.2458645395      0.7720000000      11.9074480335      2.6864432816      0.0000000000
2.2635563463           10.1537600565      0.7740000000      11.9009884903      2.6878199084      0.0000000000
2.2644489166           10.0630725327      0.7760000000      11.8945357494      2.6891713141      0.0000000000
2.2653244680            9.9737751671      0.7780000000      11.8880900264      2.6904977457      0.0000000000
2.2661831847            9.8858393969      0.7800000000      11.8816513448      2.6917994470      0.0000000000
2.2670252493            9.7992385996      0.7820000000      11.8752198216      2.6930766603      0.0000000000
2.2678508422            9.7139466948      0.7840000000      11.8687955674      2.6943296252      0.0000000000
2.2686601422            9.6299381732      0.7860000000      11.8623786859      2.6955585795      0.0000000000
2.2694533258            9.5471881673      0.7880000000      11.8559692901      2.6967637589      0.0000000000
2.2702305681            9.4656723577      0.7900000000      11.8495674762      2.6979453968      0.0000000000
2.2709920418            9.3853668931      0.7920000000      11.8431733336      2.6991037242      0.0000000000
2.2717379178            9.3062485662      0.7940000000      11.8367869600      2.7002389702      0.0000000000
2.2724683658            9.2282948626      0.7960000000      11.8304084605      2.7013513623      0.0000000000
2.2731835530            9.1514837294      0.7980000000      11.8240379318      2.7024411252      0.0000000000
2.2738836448            9.0757934960      0.8000000000      11.8176754598      2.7035084815      0.0000000000
2.2745688054            9.0012030567      0.8020000000      11.8113211351      2.7045536526      0.0000000000
2.2752391966            8.9276917750      0.8040000000      11.8049750437      2.7055768567      0.0000000000
2.2758949787            8.8552392726      0.8060000000      11.7986372544      2.7065783109      0.0000000000
2.2765363107            8.7838270207      0.8080000000      11.7923079475      2.7075582303      0.0000000000
2.2771633492            8.7134348355      0.8100000000      11.7859871338      2.7085168275      0.0000000000
2.2777762489            8.6440423928      0.8120000000      11.7796747614      2.7094543123      0.0000000000
2.2783751639            8.5756332625      0.8140000000      11.7733710712      2.7103708945      0.0000000000
2.2789602460            8.5081888047      0.8160000000      11.7670760885      2.7112667809      0.0000000000
2.2795316457            8.4416928361      0.8180000000      11.7607900092      2.7121421770      0.0000000000
2.2800895107            8.3761253349      0.8200000000      11.7545126621      2.7129972844      0.0000000000
2.2806339885            8.3114711342      0.8220000000      11.7482442580      2.7138323052      0.0000000000
2.2811652250            8.2477145099      0.8240000000      11.7419849319      2.7146474391      0.0000000000
2.2816833632            8.1848378189      0.8260000000      11.7357346223      2.7154428825      0.0000000000
2.2821885458            8.1228256546      0.8280000000      11.7294934113      2.7162188315      0.0000000000
2.2826809140            8.0616641451      0.8300000000      11.7232615124      2.7169754805      0.0000000000
2.2831606060            8.0013358590      0.8320000000      11.7170387627      2.7177130199      0.0000000000
2.2836277602            7.9418273903      0.8340000000      11.7108253486      2.7184316409      0.0000000000
2.2840825128            7.8831246976      0.8360000000      11.7046213748      2.7191315317      0.0000000000
2.2845249982            7.8252120504      0.8380000000      11.6984267319      2.7198128782      0.0000000000
2.2849553504            7.7680783313      0.8400000000      11.6922417470      2.7204758663      0.0000000000
2.2853737005            7.7117067296      0.8420000000      11.6860661462      2.7211206779      0.0000000000
2.2857801797            7.6560871048      0.8440000000      11.6799002956      2.7217474954      0.0000000000
2.2861749161            7.6012034493      0.8460000000      11.6737439342      2.7223564971      0.0000000000
2.2865580383            7.5470460814      0.8480000000      11.6675974240      2.7229478622      0.0000000000
2.2869296717            7.4935998588      0.8500000000      11.6614605259      2.7235217658      0.0000000000
2.2872899421            7.4408552173      0.8520000000      11.6553335683      2.7240783838      0.0000000000
2.2876389725            7.3887982794      0.8540000000      11.6492163813      2.7246178880      0.0000000000
2.2879768851            7.3374182428      0.8560000000      11.6431091054      2.7251404500      0.0000000000
2.2883038012            7.2867041217      0.8580000000      11.6370118262      2.7256462396      0.0000000000
2.2886198396            7.2366425576      0.8600000000      11.6309243567      2.7261354241      0.0000000000
2.2889251196            7.1872256648      0.8620000000      11.6248470750      2.7266081712      0.0000000000
2.2892197577            7.1384410746      0.8640000000      11.6187798296      2.7270646448      0.0000000000
2.2895038694            7.0902773694      0.8660000000      11.6127225679      2.7275050081      0.0000000000
2.2897775700            7.0427265136      0.8680000000      11.6066755835      2.7279294237      0.0000000000
2.2900409724            6.9957773699      0.8700000000      11.6006387803      2.7283380515      0.0000000000
2.2902941882            6.9494185814      0.8720000000      11.5946120494      2.7287310492      0.0000000000
2.2905373290            6.9036427340      0.8740000000      11.5885956624      2.7291085752      0.0000000000
2.2907705042            6.8584393555      0.8760000000      11.5825895587      2.7294707848      0.0000000000
2.2909938223            6.8137995084      0.8780000000      11.5765937943      2.7298178322      0.0000000000
2.2912073902            6.7697127179      0.8800000000      11.5706082656      2.7301498693      0.0000000000
2.2914113145            6.7261715594      0.8820000000      11.5646331592      2.7304670483      0.0000000000
2.2916057004            6.6831671646      0.8840000000      11.5586685019      2.7307695189      0.0000000000
2.2917906516            6.6406904633      0.8860000000      11.5527142644      2.7310574296      0.0000000000
2.2919662707            6.5987334383      0.8880000000      11.5467705163      2.7313309268      0.0000000000
2.2921326595            6.5572869075      0.8900000000      11.5408371853      2.7315901562      0.0000000000
2.2922899184            6.5163433316      0.8920000000      11.5349143567      2.7318352621      0.0000000000
2.2924381472            6.4758949274      0.8940000000      11.5290020716      2.7320663871      0.0000000000
2.2925774444            6.4359343812      0.8960000000      11.5231004091      2.7322836734      0.0000000000
2.2927079071            6.3964534183      0.8980000000      11.5172093182      2.7324872603      0.0000000000
2.2928296318            6.3574445657      0.9000000000      11.5113288226      2.7326772867      0.0000000000
2.2929427137            6.3189005623      0.9020000000      11.5054589555      2.7328538901      0.0000000000
2.2930472471            6.2808142196      0.9040000000      11.4995997365      2.7330172065      0.0000000000
2.2931433253            6.2431784684      0.9060000000      11.4937511848      2.7331673707      0.0000000000
2.2932310406            6.2059863767      0.9080000000      11.4879133197      2.7333045163      0.0000000000
2.2933104842            6.1692311411      0.9100000000      11.4820861581      2.7334287753      0.0000000000
2.2933817465            6.1329060885      0.9120000000      11.4762697178      2.7335402790      0.0000000000
2.2934449167            6.0970046736      0.9140000000      11.4704640150      2.7336391567      0.0000000000
2.2935000836            6.0615204711      0.9160000000      11.4646690666      2.7337255376      0.0000000000
2.2935473340            6.0264471806      0.9180000000      11.4588848859      2.7337995478      0.0000000000
2.2935867548            5.9917786164      0.9200000000      11.4531114888      2.7338613141      0.0000000000
2.2936184316            5.9575086494      0.9220000000      11.4473488866      2.7339109612      0.0000000000
2.2936424491            5.9236313864      0.9240000000      11.4415970932      2.7339486127      0.0000000000
2.2936588909            5.8901408395      0.9260000000      11.4358561070      2.7339743911      0.0000000000
2.2936678399            5.8570314407      0.9280000000      11.4301259600      2.7339884172      0.0000000000
2.2936693783            5.8242978782      0.9300000000      11.4244067042      2.7339908117      0.0000000000
2.2936635872            5.7919342515      0.9320000000      11.4186983061      2.7339816934      0.0000000000
2.2936505467            5.7599350426      0.9340000000      11.4130007609      2.7339611800      0.0000000000
2.2936303360            5.7282944819      0.9360000000      11.4073140249      2.7339293877      0.0000000000
2.2936030341            5.6970079976      0.9380000000      11.4016381975      2.7338864327      0.0000000000
2.2935687185            5.6660702665      0.9400000000      11.3959732554      2.7338324293      0.0000000000
2.2935274661            5.6354762313      0.9420000000      11.3903192082      2.7337674907      0.0000000000
2.2934793534            5.6052214621      0.9440000000      11.3846761334      2.7336917298      0.0000000000
2.2934244551            5.5753001260      0.9460000000      11.3790439039      2.7336052568      0.0000000000
2.2933628459            5.5457077254      0.9480000000      11.3734225779      2.7335081826      0.0000000000
2.2932945995            5.5164396164      0.9500000000      11.3678121559      2.7334006157      0.0000000000
2.2932197890            5.4874916593      0.9520000000      11.3622127146      2.7332826648      0.0000000000
2.2931384863            5.4588591105      0.9540000000      11.3566242181      2.7331544364      0.0000000000
2.2930507627            5.4305366049      0.9560000000      11.3510465642      2.7330160364      0.0000000000
2.2929566890            5.4025204669      0.9580000000      11.3454798390      2.7328675699      0.0000000000
2.2928563354            5.3748071152      0.9600000000      11.3399241514      2.7327091414      0.0000000000
2.2927497705            5.3473911728      0.9620000000      11.3343793372      2.7325408532      0.0000000000
2.2926370628            5.3202687179      0.9640000000      11.3288454388      2.7323628071      0.0000000000
2.2925182803            5.2934360208      0.9660000000      11.3233225058      2.7321751048      0.0000000000
2.2923934898            5.2668890913      0.9680000000      11.3178105300      2.7319778460      0.0000000000
2.2922627574            5.2406233612      0.9700000000      11.3123094429      2.7317711295      0.0000000000
2.2921261490            5.2146355900      0.9720000000      11.3068193246      2.7315550541      0.0000000000
2.2919837294            5.1889218540      0.9740000000      11.3013401528      2.7313297163      0.0000000000
2.2918355626            5.1634779463      0.9760000000      11.2958718680      2.7310952127      0.0000000000
2.2916817124            5.1383010260      0.9780000000      11.2904145891      2.7308516387      0.0000000000
2.2915222414            5.1133864938      0.9800000000      11.2849681740      2.7305990884      0.0000000000
2.2913572119            5.0887312004      0.9820000000      11.2795326740      2.7303376554      0.0000000000
2.2911866857            5.0643323565      0.9840000000      11.2741081913      2.7300674331      0.0000000000
2.2910107233            5.0401852120      0.9860000000      11.2686945343      2.7297885121      0.0000000000
2.2908293854            5.0162876172      0.9880000000      11.2632918799      2.7295009841      0.0000000000
2.2906427312            4.9926350172      0.9900000000      11.2579000473      2.7292049386      0.0000000000
2.2904508200            4.9692251335      0.9920000000      11.2525191708      2.7289004650      0.0000000000
2.2902537101            4.9460543176      0.9940000000      11.2471491884      2.7285876517      0.0000000000
2.2900514594            4.9231193620      0.9960000000      11.2417900831      2.7282665860      0.0000000000
2.2898441249            4.9004175545      0.9980000000      11.2364419142      2.7279373544      0.0000000000
2.2896317632            4.8779451440      1.0000000000      11.2311045690      2.7276000429      0.0000000000
2.2894144306            4.8556999900      1.0020000000      11.2257781765      2.7272547364      0.0000000000
2.2891921821            4.8336781520      1.0040000000      11.2204625788      2.7269015191      0.0000000000
2.2889650729            4.8118777012      1.0060000000      11.2151579227      2.7265404745      0.0000000000
2.2887331569            4.7902948498      1.0080000000      11.2098640558      2.7261716847      0.0000000000
2.2884964882            4.7689275395      1.0100000000      11.2045810943      2.7257952321      0.0000000000
2.2882551196            4.7477724635      1.0120000000      11.1993089400      2.7254111972      0.0000000000
2.2880091039            4.7268271053      1.0140000000      11.1940476289      2.7250196607      0.0000000000
2.2877584931            4.7060889500      1.0160000000      11.1887971668      2.7246207016      0.0000000000
2.2875033386            4.6855546994      1.0180000000      11.1835574602      2.7242143988      0.0000000000
2.2872436917            4.6652227954      1.0200000000      11.1783286485      2.7238008306      0.0000000000
2.2869796020            4.6450890524      1.0220000000      11.1731104783      2.7233800730      0.0000000000
2.2867111206            4.6251529900      1.0240000000      11.1679032530      2.7229522044      0.0000000000
2.2864382962            4.6054106991      1.0260000000      11.1627067373      2.7225172993      0.0000000000
2.2861611778            4.5858601384      1.0280000000      11.1575209929      2.7220754330      0.0000000000
2.2858798140            4.5664992886      1.0300000000      11.1523460647      2.7216266800      0.0000000000
2.2855942520            4.5473244255      1.0320000000      11.1471817319      2.7211711132      0.0000000000
2.2853045401            4.5283350698      1.0340000000      11.1420282716      2.7207088066      0.0000000000
2.2850107249            4.5095279774      1.0360000000      11.1368855206      2.7202398321      0.0000000000
2.2847128523            4.4909003044      1.0380000000      11.1317533845      2.7197642603      0.0000000000
2.2844109690            4.4724511371      1.0400000000      11.1266320521      2.7192821635      0.0000000000
2.2841051202            4.4541775173      1.0420000000      11.1215213871      2.7187936114      0.0000000000
2.2837953505            4.4360769091      1.0440000000      11.1164213274      2.7182986728      0.0000000000
2.2834817051            4.4181482198      1.0460000000      11.1113320166      2.7177974175      0.0000000000
2.2831642277            4.4003887894      1.0480000000      11.1062533511      2.7172899133      0.0000000000
2.2828429618            4.3827958653      1.0500000000      11.1011852132      2.7167762277      0.0000000000
2.2825179511            4.3653689547      1.0520000000      11.0961278313      2.7162564281      0.0000000000
2.2821892380            4.3481052143      1.0540000000      11.0910810589      2.7157305805      0.0000000000
2.2818568646            4.3310020364      1.0560000000      11.0860447764      2.7151987503      0.0000000000
2.2815208731            4.3140585301      1.0580000000      11.0810191457      2.7146610030      0.0000000000
2.2811813050            4.2972724747      1.0600000000      11.0760040958      2.7141174030      0.0000000000
2.2808382011            4.2806420117      1.0620000000      11.0709996190      2.7135680139      0.0000000000
2.2804916017            4.2641645858      1.0640000000      11.0660055852      2.7130128985      0.0000000000
2.2801415477            4.2478394982      1.0660000000      11.0610221690      2.7124521205      0.0000000000
2.2797880785            4.2316643945      1.0680000000      11.0560492596      2.7118857413      0.0000000000
2.2794312336            4.2156376932      1.0700000000      11.0510868767      2.7113138227      0.0000000000
2.2790710515            4.1997569144      1.0720000000      11.0461348787      2.7107364248      0.0000000000
2.2787075712            4.1840211616      1.0740000000      11.0411933968      2.7101536083      0.0000000000
2.2783408310            4.1684287181      1.0760000000      11.0362624041      2.7095654336      0.0000000000
2.2779708684            4.1529776322      1.0780000000      11.0313418405      2.7089719591      0.0000000000
2.2775977208            4.1376663750      1.0800000000      11.0264317112      2.7083732435      0.0000000000
2.2772214252            4.1224928681      1.0820000000      11.0215319193      2.7077693449      0.0000000000
2.2768420185            4.1074560583      1.0840000000      11.0166425500      2.7071603209      0.0000000000
2.2764595369            4.0925545109      1.0860000000      11.0117636029      2.7065462286      0.0000000000
2.2760740161            4.0777862911      1.0880000000      11.0068949997      2.7059271241      0.0000000000
2.2756854920            4.0631500505      1.0900000000      11.0020367579      2.7053030638      0.0000000000
2.2752939994            4.0486440234      1.0920000000      10.9971888133      2.7046741025      0.0000000000
2.2748995731            4.0342667210      1.0940000000      10.9923511488      2.7040402950      0.0000000000
2.2745022479            4.0200168554      1.0960000000      10.9875237796      2.7034016962      0.0000000000
2.2741020579            4.0058934070      1.0980000000      10.9827067647      2.7027583599      0.0000000000
2.2736990367            3.9918943550      1.1000000000      10.9778999810      2.7021103388      0.0000000000
2.2732932178            3.9780184745      1.1020000000      10.9731034446      2.7014576863      0.0000000000
2.2728846344            3.9642643762      1.1040000000      10.9683171362      2.7008004545      0.0000000000
2.2724733192            3.9506308725      1.1060000000      10.9635410713      2.7001386954      0.0000000000
2.2720593044            3.9371160969      1.1080000000      10.9587751391      2.6994724599      0.0000000000
2.2716426223            3.9237190679      1.1100000000      10.9540193835      2.6988017992      0.0000000000
2.2712233048            3.9104384973      1.1120000000      10.9492737907      2.6981267636      0.0000000000
2.2708013832            3.8972730966      1.1140000000      10.9445383403      2.6974474031      0.0000000000
2.2703768889            3.8842217356      1.1160000000      10.9398130469      2.6967637672      0.0000000000
2.2699498526            3.8712830643      1.1180000000      10.9350978723      2.6960759050      0.0000000000
2.2695203047            3.8584556856      1.1200000000      10.9303927698      2.6953838647      0.0000000000
2.2690882755            3.8457384795      1.1220000000      10.9256977394      2.6946876944      0.0000000000
2.2686537950            3.8331302402      1.1240000000      10.9210127633      2.6939874419      0.0000000000
2.2682168927            3.8206297834      1.1260000000      10.9163378233      2.6932831542      0.0000000000
2.2677775980            3.8082359419      1.1280000000      10.9116729018      2.6925748782      0.0000000000
2.2673359399            3.7959475614      1.1300000000      10.9070179799      2.6918626600      0.0000000000
2.2668919472            3.7837635023      1.1320000000      10.9023730402      2.6911465458      0.0000000000
2.2664456482            3.7716826420      1.1340000000      10.8977380635      2.6904265807      0.0000000000
2.2659970711            3.7597038706      1.1360000000      10.8931130319      2.6897028098      0.0000000000
2.2655462439            3.7478260966      1.1380000000      10.8884979278      2.6889752777      0.0000000000
2.2650931942            3.7360482501      1.1400000000      10.8838927335      2.6882440287      0.0000000000
2.2646379492            3.7243692512      1.1420000000      10.8792974275      2.6875091065      0.0000000000
2.2641805360            3.7127880507      1.1440000000      10.8747119909      2.6867705542      0.0000000000
2.2637209814            3.7013036221      1.1460000000      10.8701364076      2.6860284150      0.0000000000
2.2632593121            3.6899149497      1.1480000000      10.8655706593      2.6852827315      0.0000000000
2.2627955540            3.6786210213      1.1500000000      10.8610147257      2.6845335457      0.0000000000
2.2623297334            3.6674208428      1.1520000000      10.8564685892      2.6837808995      0.0000000000
2.2618618758            3.6563134333      1.1540000000      10.8519322298      2.6830248340      0.0000000000
2.2613920069            3.6452978258      1.1560000000      10.8474056298      2.6822653906      0.0000000000
2.2609201518            3.6343730651      1.1580000000      10.8428887695      2.6815026096      0.0000000000
2.2604463355            3.6235382081      1.1600000000      10.8383816300      2.6807365312      0.0000000000
2.2599705827            3.6127923235      1.1620000000      10.8338841927      2.6799671953      0.0000000000
2.2594929180            3.6021344947      1.1640000000      10.8293964392      2.6791946416      0.0000000000
2.2590133654            3.5915637790      1.1660000000      10.8249183427      2.6784189088      0.0000000000
2.2585319490            3.5810792188      1.1680000000      10.8204498759      2.6776400359      0.0000000000
2.2580486928            3.5706801982      1.1700000000      10.8159910669      2.6768580615      0.0000000000
2.2575636201            3.5603657335      1.1720000000      10.8115418745      2.6760730233      0.0000000000
2.2570767543            3.5501349196      1.1740000000      10.8071022711      2.6752849593      0.0000000000
2.2565881183            3.5399869053      1.1760000000      10.8026722371      2.6744939063      0.0000000000
2.2560977350            3.5299207964      1.1780000000      10.7982517417      2.6736999017      0.0000000000
2.2556056270            3.5199355629      1.1800000000      10.7938407298      2.6729029819      0.0000000000
2.2551118166            3.5100307729      1.1820000000      10.7894392528      2.6721031831      0.0000000000
2.2546163263            3.5002054940      1.1840000000      10.7850472674      2.6713005419      0.0000000000
2.2541191777            3.4904589208      1.1860000000      10.7806647539      2.6704950932      0.0000000000
2.2536203927            3.4807901330      1.1880000000      10.7762916700      2.6696868727      0.0000000000
2.2531199927            3.4711986535      1.1900000000      10.7719280518      2.6688759151      0.0000000000
2.2526179993            3.4616836719      1.1920000000      10.7675738691      2.6680622557      0.0000000000
2.2521144333            3.4522443217      1.1940000000      10.7632290820      2.6672459280      0.0000000000
2.2516093155            3.4428795264      1.1960000000      10.7588936066      2.6664269663      0.0000000000
2.2511026667            3.4335889501      1.1980000000      10.7545675009      2.6656054043      0.0000000000
2.2505945075            3.4243718008      1.2000000000      10.7502507327      2.6647812753      0.0000000000
