# M(M_sol)                 Lambda          n_Bc(fm^-3)         R(km)            m_B(M_sol)        m_Bquar/M_B
0.1542660213     43485044.0676846132      0.0910000000      23.4026551861      0.1545494703      0.0000000000
0.1607913552     35682536.3500774205      0.0930000000      22.4371064348      0.1611695036      0.0000000000
0.1674406003     29501969.8886216842      0.0950000000      21.6127739270      0.1679212839      0.0000000000
0.1742057285     24554020.5971914418      0.0970000000      20.9025166387      0.1747969374      0.0000000000
0.1810795470     20557496.3839763440      0.0990000000      20.2855854369      0.1817894192      0.0000000000
0.1880555842     17304563.0010248311      0.1010000000      19.7458630645      0.1888923995      0.0000000000
0.1951279969     14638805.3518592399      0.1030000000      19.2706521777      0.1961001711      0.0000000000
0.2022914996     12440824.9610676151      0.1050000000      18.8498248260      0.2034075798      0.0000000000
0.2095413071     10618374.1105283927      0.1070000000      18.4752102311      0.2108099677      0.0000000000
0.2168730831      9099473.6383164618      0.1090000000      18.1401500758      0.2183031219      0.0000000000
0.2242828985      7827470.3194637606      0.1110000000      17.8391677484      0.2258832345      0.0000000000
0.2317671966      6757432.4023181694      0.1130000000      17.5677222737      0.2335468673      0.0000000000
0.2392612184      5860212.8735130243      0.1150000000      17.3239123762      0.2412278135      0.0000000000
0.2466731469      5111997.2441521138      0.1170000000      17.1064349837      0.2488318432      0.0000000000
0.2540674256      4478394.3005836857      0.1190000000      16.9097426228      0.2564249122      0.0000000000
0.2614608047      3937780.6841928218      0.1210000000      16.7306921335      0.2640241837      0.0000000000
0.2688613208      3473864.3385137469      0.1230000000      16.5669176532      0.2716379184      0.0000000000
0.2762739471      3073833.4952737298      0.1250000000      16.4165145425      0.2792712535      0.0000000000
0.2837022138      2727411.0198735343      0.1270000000      16.2779055686      0.2869278589      0.0000000000
0.2911488701      2426252.4282410475      0.1290000000      16.1497638780      0.2946106137      0.0000000000
0.2986162012      2163514.7464486086      0.1310000000      16.0309595943      0.3023219295      0.0000000000
0.3061062004      1933546.6726141872      0.1330000000      15.9205231897      0.3100639264      0.0000000000
0.3136206692      1731648.1078946746      0.1350000000      15.8176159896      0.3178385348      0.0000000000
0.3211612735      1553890.1224563534      0.1370000000      15.7215090243      0.3256475536      0.0000000000
0.3287295826      1396969.7080992116      0.1390000000      15.6315644909      0.3334926888      0.0000000000
0.3363270939      1258097.8005915002      0.1410000000      15.5472223569      0.3413755796      0.0000000000
0.3439552472      1134909.0550021648      0.1430000000      15.4679885999      0.3492978124      0.0000000000
0.3516154340      1025389.3457475970      0.1450000000      15.3934256775      0.3572609307      0.0000000000
0.3593090033       927817.0443100092      0.1470000000      15.3231445083      0.3652664405      0.0000000000
0.3670372685       840715.8929721313      0.1490000000      15.2567987387      0.3733158175      0.0000000000
0.3748015033       762815.2409891832      0.1510000000      15.1940779719      0.3814105027      0.0000000000
0.3826029472       693018.2247641854      0.1530000000      15.1347039477      0.3895519080      0.0000000000
0.3904428041       630375.3070223017      0.1550000000      15.0784265648      0.3977414147      0.0000000000
0.3983222404       574061.9857831108      0.1570000000      15.0250200677      0.4059803713      0.0000000000
0.4062423845       523360.4463238746      0.1590000000      14.9742802744      0.4142700927      0.0000000000
0.4142043362       477644.1166084160      0.1610000000      14.9260222771      0.4226118705      0.0000000000
0.4222091254       436365.0584136590      0.1630000000      14.8800781206      0.4310069288      0.0000000000
0.4302577679       399042.4796380983      0.1650000000      14.8362948967      0.4394564829      0.0000000000
0.4383512250       365253.9040638080      0.1670000000      14.7945330383      0.4479616973      0.0000000000
0.4464904126       334627.1820086918      0.1690000000      14.7546650650      0.4565236939      0.0000000000
0.4546761984       306833.8789650956      0.1710000000      14.7165741490      0.4651435503      0.0000000000
0.4629094018       281583.4402002620      0.1730000000      14.6801531125      0.4738222986      0.0000000000
0.4711907898       258618.5915017135      0.1750000000      14.6453035423      0.4825609208      0.0000000000
0.4795210766       237710.8180976304      0.1770000000      14.6119345440      0.4913603487      0.0000000000
0.4879009230       218657.0169153090      0.1790000000      14.5799625238      0.5002214630      0.0000000000
0.4963309338       201276.2561007560      0.1810000000      14.5493100983      0.5091450896      0.0000000000
0.5048116568       185407.1228482120      0.1830000000      14.5199056341      0.5181319995      0.0000000000
0.5133435743       170905.4042524062      0.1850000000      14.4916827480      0.5271828984      0.0000000000
0.5219271313       157642.0314456356      0.1870000000      14.4645796575      0.5362984570      0.0000000000
0.5305626935       145501.3693452416      0.1890000000      14.4385390130      0.5454792660      0.0000000000
0.5392505652       134379.6321683204      0.1910000000      14.4135073423      0.5547258549      0.0000000000
0.5479909969       124183.5699940696      0.1930000000      14.3894347562      0.5640386993      0.0000000000
0.5567841720       114829.2982815401      0.1950000000      14.3662745060      0.5734182071      0.0000000000
0.5656302139       106241.2211479740      0.1970000000      14.3439829872      0.5828647256      0.0000000000
0.5745291802        98351.1826236550      0.1990000000      14.3225191627      0.5923785343      0.0000000000
0.5834810664        91097.6315808357      0.2010000000      14.3018446226      0.6019598495      0.0000000000
0.5924858032        84424.9262508774      0.2030000000      14.2819230942      0.6116088205      0.0000000000
0.6015432579        78282.7251681895      0.2050000000      14.2627205418      0.6213255305      0.0000000000
0.6106532339        72625.4237114865      0.2070000000      14.2442048528      0.6311099964      0.0000000000
0.6198154708        67411.6582759221      0.2090000000      14.2263455378      0.6409621680      0.0000000000
0.6290296453        62603.9084149247      0.2110000000      14.2091139765      0.6508819286      0.0000000000
0.6382953708        58168.0772872098      0.2130000000      14.1924829335      0.6608690945      0.0000000000
0.6476121984        54073.1545685391      0.2150000000      14.1764265196      0.6709234152      0.0000000000
0.6569796180        50290.9393262483      0.2170000000      14.1609203214      0.6810445747      0.0000000000
0.6663970569        46795.7262366090      0.2190000000      14.1459408637      0.6912321890      0.0000000000
0.6758638848        43564.0954009418      0.2210000000      14.1314661041      0.7014858118      0.0000000000
0.6853794093        40574.6836752166      0.2230000000      14.1174747412      0.7118049284      0.0000000000
0.6949428822        37807.9832151016      0.2250000000      14.1039465982      0.7221889628      0.0000000000
0.7045534972        35246.1757489321      0.2270000000      14.0908623836      0.7326372741      0.0000000000
0.7142103920        32872.9712747324      0.2290000000      14.0782035883      0.7431491591      0.0000000000
0.7239126503        30673.4649222710      0.2310000000      14.0659525033      0.7537238536      0.0000000000
0.7336593019        28634.0188964493      0.2330000000      14.0540921444      0.7643605320      0.0000000000
0.7434493263        26742.1327778388      0.2350000000      14.0426063138      0.7750583112      0.0000000000
0.7532816510        24986.3548642606      0.2370000000      14.0314791991      0.7858162476      0.0000000000
0.7631551568        23356.1820750341      0.2390000000      14.0206959266      0.7966333435      0.0000000000
0.7730686759        21841.9769239928      0.2410000000      14.0102419267      0.8075085437      0.0000000000
0.7830209970        20434.8890485018      0.2430000000      14.0001033360      0.8184407413      0.0000000000
0.7930108640        19126.7886374696      0.2450000000      13.9902666611      0.8294287751      0.0000000000
0.8030369805        17910.2061034993      0.2470000000      13.9807190449      0.8404714351      0.0000000000
0.8130980094        16778.2686552262      0.2490000000      13.9714478887      0.8515674610      0.0000000000
0.8231925763        15724.6565175336      0.2510000000      13.9624412172      0.8627155457      0.0000000000
0.8333192710        14743.5505221913      0.2530000000      13.9536873589      0.8739143367      0.0000000000
0.8434766496        13829.5913001719      0.2550000000      13.9451750758      0.8851624380      0.0000000000
0.8536632368        12977.8420223407      0.2570000000      13.9368935280      0.8964584123      0.0000000000
0.8638775253        12183.7533717834      0.2590000000      13.9288321486      0.9078007799      0.0000000000
0.8741179826        11443.1267908546      0.2610000000      13.9209807686      0.9191880257      0.0000000000
0.8843830494        10752.0904143236      0.2630000000      13.9133295601      0.9306185980      0.0000000000
0.8946711424        10107.0724467074      0.2650000000      13.9058689906      0.9420909099      0.0000000000
0.9049806573         9504.7723639612      0.2670000000      13.8985898764      0.9536033439      0.0000000000
0.9153099701         8942.1424385203      0.2690000000      13.8914832553      0.9651542514      0.0000000000
0.9256574386         8416.3661852349      0.2710000000      13.8845404902      0.9767419557      0.0000000000
0.9360214060         7924.8401400843      0.2730000000      13.8777532564      0.9883647548      0.0000000000
0.9464002013         7465.1555127433      0.2750000000      13.8711133850      1.0000209219      0.0000000000
0.9567921424         7035.0858205021      0.2770000000      13.8646130812      1.0117087083      0.0000000000
0.9671955374         6632.5684597074      0.2790000000      13.8582447537      1.0234263456      0.0000000000
0.9776086869         6255.6949198781      0.2810000000      13.8520010180      1.0351720467      0.0000000000
0.9880298858         5902.6971955571      0.2830000000      13.8458747830      1.0469440090      0.0000000000
0.9984574253         5571.9368999767      0.2850000000      13.8398591451      1.0587404156      0.0000000000
1.0088895946         5261.8958880232      0.2870000000      13.8339474605      1.0705594375      0.0000000000
1.0193246825         4971.1665831105      0.2890000000      13.8281332347      1.0823992350      0.0000000000
1.0297609797         4698.4430386384      0.2910000000      13.8224102684      1.0942579607      0.0000000000
1.0401967805         4442.5137797775      0.2930000000      13.8167725235      1.1061337605      0.0000000000
1.0506303836         4202.2544360808      0.2950000000      13.8112141608      1.1180247753      0.0000000000
1.0610600947         3976.6210678619      0.2970000000      13.8057295433      1.1299291433      0.0000000000
1.0714842277         3764.6438108785      0.2990000000      13.8003132140      1.1418450016      0.0000000000
1.0819011063         3565.4219157104      0.3010000000      13.7949599282      1.1537704880      0.0000000000
1.0923090654         3378.1179572857      0.3030000000      13.7896645952      1.1657037422      0.0000000000
1.1027064525         3201.9534862488      0.3050000000      13.7844223254      1.1776429082      0.0000000000
1.1130916306         3036.2043127905      0.3070000000      13.7792283858      1.1895861367      0.0000000000
1.1234629742         2880.1970651061      0.3090000000      13.7740782244      1.2015315812      0.0000000000
1.1338188782         2733.3046882144      0.3110000000      13.7689674315      1.2134774079      0.0000000000
1.1441577538         2594.9436657677      0.3130000000      13.7638917929      1.2254217915      0.0000000000
1.1544780315         2464.5705078719      0.3150000000      13.7588472230      1.2373629180      0.0000000000
1.1647781618         2341.6788618177      0.3170000000      13.7538298129      1.2492989864      0.0000000000
1.1750566161         2225.7970097756      0.3190000000      13.7488358000      1.2612282095      0.0000000000
1.1853118882         2116.4850427609      0.3210000000      13.7438615278      1.2731488152      0.0000000000
1.1955424946         2013.3329215604      0.3230000000      13.7389035559      1.2850590480      0.0000000000
1.2057469758         1915.9580855855      0.3250000000      13.7339585512      1.2969571701      0.0000000000
1.2159238969         1824.0036775435      0.3270000000      13.7290232698      1.3088414618      0.0000000000
1.2260718483         1737.1364958541      0.3290000000      13.7240946623      1.3207102236      0.0000000000
1.2361894469         1655.0454999801      0.3310000000      13.7191698006      1.3325617766      0.0000000000
1.2462753359         1577.4401527832      0.3330000000      13.7142458653      1.3443944631      0.0000000000
1.2563281860         1504.0491282441      0.3350000000      13.7093201783      1.3562066484      0.0000000000
1.2663466960         1434.6186576571      0.3370000000      13.7043901369      1.3679967206      0.0000000000
1.2763295928         1368.9116124032      0.3390000000      13.6994533302      1.3797630925      0.0000000000
1.2862756319         1306.7062841542      0.3410000000      13.6945073807      1.3915042007      0.0000000000
1.2961835987         1247.7952354207      0.3430000000      13.6895500836      1.4032185082      0.0000000000
1.3060523076         1191.9842909712      0.3450000000      13.6845793383      1.4149045040      0.0000000000
1.3158806029         1139.0917492535      0.3470000000      13.6795930937      1.4265607032      0.0000000000
1.3256673589         1088.9475089075      0.3490000000      13.6745894603      1.4381856486      0.0000000000
1.3354114805         1041.3921806124      0.3510000000      13.6695666232      1.4497779105      0.0000000000
1.3451119028          996.2764792751      0.3530000000      13.6645228634      1.4613360874      0.0000000000
1.3547675914          953.4604222939      0.3550000000      13.6594565508      1.4728588062      0.0000000000
1.3643775428          912.8128261754      0.3570000000      13.6543661627      1.4843447231      0.0000000000
1.3739407841          874.2106568044      0.3590000000      13.6492502537      1.4957925230      0.0000000000
1.3834563729          837.5384910513      0.3610000000      13.6441074645      1.5072009205      0.0000000000
1.3929233979          802.6880020823      0.3630000000      13.6389365173      1.5185686600      0.0000000000
1.4023409781          769.5574977994      0.3650000000      13.6337362106      1.5298945156      0.0000000000
1.4117082632          738.0515318594      0.3670000000      13.6285054379      1.5411772918      0.0000000000
1.4210244331          708.0804244760      0.3690000000      13.6232431625      1.5524158227      0.0000000000
1.4302886988          679.5598725385      0.3710000000      13.6179483718      1.5636089740      0.0000000000
1.4395002992          652.4107322718      0.3730000000      13.6126202091      1.5747556389      0.0000000000
1.4486585053          626.5585137088      0.3750000000      13.6072578422      1.5858547438      0.0000000000
1.4577626169          601.9332506153      0.3770000000      13.6018604691      1.5969052440      0.0000000000
1.4668119633          578.4690141867      0.3790000000      13.5964274109      1.6079061258      0.0000000000
1.4758059028          556.1038373740      0.3810000000      13.5909580285      1.6188564053      0.0000000000
1.4847438225          534.7793747292      0.3830000000      13.5854517396      1.6297551289      0.0000000000
1.4936251383          514.4406717433      0.3850000000      13.5799080000      1.6406013727      0.0000000000
1.5024492936          495.0360052397      0.3870000000      13.5743263524      1.6513942430      0.0000000000
1.5112157602          476.5166059192      0.3890000000      13.5687063686      1.6621328755      0.0000000000
1.5199240372          458.8365225790      0.3910000000      13.5630476874      1.6728164356      0.0000000000
1.5285736504          441.9524507442      0.3930000000      13.5573499853      1.6834441180      0.0000000000
1.5371641529          425.8235141526      0.3950000000      13.5516129901      1.6940151464      0.0000000000
1.5456951234          410.4111844584      0.3970000000      13.5458364883      1.7045287732      0.0000000000
1.5541661668          395.6791154632      0.3990000000      13.5400202648      1.7149842793      0.0000000000
1.5625769131          381.5929785242      0.4010000000      13.5341641968      1.7253809741      0.0000000000
1.5709270178          368.1203539530      0.4030000000      13.5282681897      1.7357181948      0.0000000000
1.5792161601          355.2306690800      0.4050000000      13.5223321559      1.7459953059      0.0000000000
1.5874440440          342.8949940773      0.4070000000      13.5163560731      1.7562116997      0.0000000000
1.5956103967          331.0860095115      0.4090000000      13.5103399560      1.7663667954      0.0000000000
1.6037149686          319.7778836035      0.4110000000      13.5042838440      1.7764600385      0.0000000000
1.6117575328          308.9462037143      0.4130000000      13.4981878087      1.7864909009      0.0000000000
1.6197378845          298.5678827231      0.4150000000      13.4920519389      1.7964588802      0.0000000000
1.6276558406          288.6210637711      0.4170000000      13.4858763759      1.8063634997      0.0000000000
1.6355112394          279.0850648800      0.4190000000      13.4796612741      1.8162043077      0.0000000000
1.6433039397          269.9403184236      0.4210000000      13.4734068224      1.8259808772      0.0000000000
1.6510338206          261.1682837436      0.4230000000      13.4671132267      1.8356928054      0.0000000000
1.6587007811          252.7514058315      0.4250000000      13.4607807254      1.8453397134      0.0000000000
1.6663047396          244.6730559713      0.4270000000      13.4544095657      1.8549212458      0.0000000000
1.6738456309          236.9174596401      0.4290000000      13.4480000388      1.8644370677      0.0000000000
1.6813234144          229.4696892880      0.4310000000      13.4415524220      1.8738868742      0.0000000000
1.6887380614          222.3155580850      0.4330000000      13.4350670537      1.8832703753      0.0000000000
1.6960895625          215.4416385710      0.4350000000      13.4285442568      1.8925873050      0.0000000000
1.7033779252          208.8351731437      0.4370000000      13.4219843903      1.9018374188      0.0000000000
1.7106031734          202.4840600054      0.4390000000      13.4153878141      1.9110204930      0.0000000000
1.7177653472          196.3768124648      0.4410000000      13.4087549100      1.9201363244      0.0000000000
1.7248645018          190.5025266726      0.4430000000      13.4020860767      1.9291847296      0.0000000000
1.7319007079          184.8508394525      0.4450000000      13.3953817326      1.9381655450      0.0000000000
1.7388740503          179.4119172506      0.4470000000      13.3886422968      1.9470786260      0.0000000000
1.7457846287          174.1763816458      0.4490000000      13.3818681998      1.9559238471      0.0000000000
1.7526325557          169.1353606818      0.4510000000      13.3750598975      1.9647011005      0.0000000000
1.7594179577          164.2804003842      0.4530000000      13.3682178310      1.9734102965      0.0000000000
1.7661409737          159.6034531863      0.4550000000      13.3613424664      1.9820513629      0.0000000000
1.7728017554          155.0968668176      0.4570000000      13.3544342964      1.9906242446      0.0000000000
1.7794004662          150.7533738026      0.4590000000      13.3474937808      1.9991289026      0.0000000000
1.7859372812          146.5660415224      0.4610000000      13.3405214164      2.0075653144      0.0000000000
1.7924123867          142.5282716752      0.4630000000      13.3335177028      2.0159334734      0.0000000000
1.7988259800          138.6337832294      0.4650000000      13.3264831206      2.0242333880      0.0000000000
1.8051782684          134.8765959650      0.4670000000      13.3194182008      2.0324650817      0.0000000000
1.8114694695          131.2510073631      0.4690000000      13.3123234415      2.0406285923      0.0000000000
1.8176998104          127.7515868766      0.4710000000      13.3051993656      2.0487239721      0.0000000000
1.8238695276          124.3731489250      0.4730000000      13.2980464764      2.0567512866      0.0000000000
1.8299788665          121.1107630107      0.4750000000      13.2908653121      2.0647106153      0.0000000000
1.8360280809          117.9597151203      0.4770000000      13.2836563906      2.0726020500      0.0000000000
1.8420174329          114.9155153785      0.4790000000      13.2764202366      2.0804256955      0.0000000000
1.8479471924          111.9738706895      0.4810000000      13.2691573888      2.0881816686      0.0000000000
1.8538176370          109.1306927625      0.4830000000      13.2618683723      2.0958700981      0.0000000000
1.8596290512          106.3820720053      0.4850000000      13.2545537200      2.1034911239      0.0000000000
1.8653817267          103.7242794386      0.4870000000      13.2472139703      2.1110448975      0.0000000000
1.8710759613          101.1537546572      0.4890000000      13.2398496337      2.1185315805      0.0000000000
1.8767120596           98.6670932809      0.4910000000      13.2324612655      2.1259513455      0.0000000000
1.8822903319           96.2610333528      0.4930000000      13.2250493867      2.1333043752      0.0000000000
1.8878110941           93.9324775034      0.4950000000      13.2176145311      2.1405908613      0.0000000000
1.8932746675           91.6784455945      0.4970000000      13.2101572416      2.1478110057      0.0000000000
1.8986813786           89.4960972346      0.4990000000      13.2026780263      2.1549650189      0.0000000000
1.9040315586           87.3827132857      0.5010000000      13.1951774233      2.1620531203      0.0000000000
1.9093255435           85.3356928302      0.5030000000      13.1876559609      2.1690755378      0.0000000000
1.9145636733           83.3525466725      0.5050000000      13.1801141641      2.1760325072      0.0000000000
1.9197462923           81.4308912405      0.5070000000      13.1725525537      2.1829242724      0.0000000000
1.9248737485           79.5684453224      0.5090000000      13.1649716372      2.1897510849      0.0000000000
1.9299463936           77.7630265336      0.5110000000      13.1573719471      2.1965132031      0.0000000000
1.9349645823           76.0125455452      0.5130000000      13.1497539933      2.2032108926      0.0000000000
1.9399286729           74.3149896168      0.5150000000      13.1421182772      2.2098444258      0.0000000000
1.9448390263           72.6684467924      0.5170000000      13.1344653232      2.2164140812      0.0000000000
1.9496960061           71.0710722325      0.5190000000      13.1267956120      2.2229201437      0.0000000000
1.9544999786           69.5211031941      0.5210000000      13.1191096665      2.2293629042      0.0000000000
1.9592513121           68.0168492613      0.5230000000      13.1114079743      2.2357426588      0.0000000000
1.9639503773           66.5566851555      0.5250000000      13.1036910215      2.2420597095      0.0000000000
1.9685975465           65.1390564410      0.5270000000      13.0959593052      2.2483143632      0.0000000000
1.9731931940           63.7624692657      0.5290000000      13.0882133131      2.2545069318      0.0000000000
1.9777376953           62.4254910618      0.5310000000      13.0804535217      2.2606377318      0.0000000000
1.9822314278           61.1267472523      0.5330000000      13.0726804076      2.2667070842      0.0000000000
1.9866747694           59.8649167442      0.5350000000      13.0648944456      2.2727153143      0.0000000000
1.9910680998           58.6387303478      0.5370000000      13.0570960928      2.2786627514      0.0000000000
1.9954117992           57.4469728018      0.5390000000      13.0492858236      2.2845497287      0.0000000000
1.9997062484           56.2884746389      0.5410000000      13.0414640980      2.2903765828      0.0000000000
2.0039518291           55.1621079664      0.5430000000      13.0336313555      2.2961436538      0.0000000000
2.0081489233           54.0667973335      0.5450000000      13.0257880604      2.3018512853      0.0000000000
2.0122979135           53.0015019534      0.5470000000      13.0179346458      2.3074998234      0.0000000000
2.0163991821           51.9652240528      0.5490000000      13.0100715640      2.3130896177      0.0000000000
2.0204531118           50.9570037804      0.5510000000      13.0021992331      2.3186210199      0.0000000000
2.0244600852           49.9759197968      0.5530000000      12.9943180920      2.3240943843      0.0000000000
2.0284204846           49.0210815089      0.5550000000      12.9864285680      2.3295100680      0.0000000000
2.0323346922           48.0916364205      0.5570000000      12.9785310754      2.3348684297      0.0000000000
2.0362030898           47.1867614022      0.5590000000      12.9706260330      2.3401698305      0.0000000000
2.0400260583           46.3056655544      0.5610000000      12.9627138454      2.3454146329      0.0000000000
2.0438039787           45.4475873249      0.5630000000      12.9547949181      2.3506032016      0.0000000000
2.0475372307           44.6117929240      0.5650000000      12.9468696500      2.3557359025      0.0000000000
2.0512261934           43.7975765821      0.5670000000      12.9389384394      2.3608131030      0.0000000000
2.0548712451           43.0042569336      0.5690000000      12.9310016703      2.3658351719      0.0000000000
2.0584727632           42.2311788701      0.5710000000      12.9230597377      2.3708024789      0.0000000000
2.0620311237           41.4777101525      0.5730000000      12.9151129995      2.3757153948      0.0000000000
2.0655467019           40.7432422731      0.5750000000      12.9071618528      2.3805742914      0.0000000000
2.0690198715           40.0271895900      0.5770000000      12.8992066539      2.3853795411      0.0000000000
2.0724510053           39.3289845541      0.5790000000      12.8912477685      2.3901315170      0.0000000000
2.0758404744           38.6480837957      0.5810000000      12.8832855555      2.3948305927      0.0000000000
2.0791886487           37.9839595278      0.5830000000      12.8753203729      2.3994771422      0.0000000000
2.0824958966           37.3361052247      0.5850000000      12.8673525580      2.4040715396      0.0000000000
2.0857625849           36.7040301491      0.5870000000      12.8593824695      2.4086141597      0.0000000000
2.0889890789           36.0872633519      0.5890000000      12.8514104405      2.4131053771      0.0000000000
2.0921757421           35.4853483564      0.5910000000      12.8434367903      2.4175455659      0.0000000000
2.0953229364           34.8978443811      0.5930000000      12.8354618681      2.4219351012      0.0000000000
2.0984310219           34.3243268639      0.5950000000      12.8274859916      2.4262743568      0.0000000000
2.1015003570           33.7643861153      0.5970000000      12.8195094777      2.4305637069      0.0000000000
2.1045312980           33.2176255461      0.5990000000      12.8115326402      2.4348035251      0.0000000000
2.1075241997           32.6836626910      0.6010000000      12.8035557889      2.4389941846      0.0000000000
2.1104794145           32.1621277979      0.6030000000      12.7955792282      2.4431360580      0.0000000000
2.1133972933           31.6526638887      0.6050000000      12.7876032615      2.4472295173      0.0000000000
2.1162781846           31.1549246812      0.6070000000      12.7796281750      2.4512749338      0.0000000000
2.1191224350           30.6685769491      0.6090000000      12.7716542690      2.4552726783      0.0000000000
2.1219303894           30.1932987515      0.6110000000      12.7636818252      2.4592231206      0.0000000000
2.1247023898           29.7287781249      0.6130000000      12.7557111279      2.4631266293      0.0000000000
2.1274387768           29.2747131717      0.6150000000      12.7477424423      2.4669835725      0.0000000000
2.1301398884           28.8308125083      0.6170000000      12.7397760549      2.4707943171      0.0000000000
2.1328060606           28.3967939254      0.6190000000      12.7318122199      2.4745592289      0.0000000000
2.1354376273           27.9723842869      0.6210000000      12.7238512171      2.4782786727      0.0000000000
2.1380349200           27.5573200075      0.6230000000      12.7158932869      2.4819530121      0.0000000000
2.1405982680           27.1513447273      0.6250000000      12.7079387021      2.4855826092      0.0000000000
2.1431279982           26.7542118456      0.6270000000      12.6999876925      2.4891678249      0.0000000000
2.1456244355           26.3656816293      0.6290000000      12.6920405203      2.4927090193      0.0000000000
2.1480879022           25.9855227031      0.6310000000      12.6840974197      2.4962065502      0.0000000000
2.1505187185           25.6135101141      0.6330000000      12.6761586303      2.4996607747      0.0000000000
2.1529172023           25.2494266049      0.6350000000      12.6682243757      2.5030720480      0.0000000000
2.1552836690           24.8930609478      0.6370000000      12.6602949037      2.5064407243      0.0000000000
2.1576184317           24.5442101995      0.6390000000      12.6523704275      2.5097671558      0.0000000000
2.1599218011           24.2026766212      0.6410000000      12.6444511653      2.5130516929      0.0000000000
2.1621940858           23.8682682763      0.6430000000      12.6365373391      2.5162946850      0.0000000000
2.1644355917           23.5407996289      0.6450000000      12.6286291624      2.5194964796      0.0000000000
2.1666466225           23.2200907309      0.6470000000      12.6207268438      2.5226574225      0.0000000000
2.1688274794           22.9059672417      0.6490000000      12.6128305870      2.5257778576      0.0000000000
2.1709784614           22.5982601597      0.6510000000      12.6049405953      2.5288581272      0.0000000000
2.1730998650           22.2968057210      0.6530000000      12.5970570681      2.5318985720      0.0000000000
2.1751919842           22.0014447283      0.6550000000      12.5891801914      2.5348995305      0.0000000000
2.1772551107           21.7120222153      0.6570000000      12.5813101646      2.5378613398      0.0000000000
2.1792895341           21.4283896571      0.6590000000      12.5734471722      2.5407843350      0.0000000000
2.1812955411           21.1504014273      0.6610000000      12.5655914018      2.5436688490      0.0000000000
2.1832734163           20.8779164217      0.6630000000      12.5577430176      2.5465152135      0.0000000000
2.1852234419           20.6107981235      0.6650000000      12.5499022143      2.5493237576      0.0000000000
2.1871458978           20.3489139314      0.6670000000      12.5420691592      2.5520948091      0.0000000000
2.1890410612           20.0921350325      0.6690000000      12.5342440137      2.5548286929      0.0000000000
2.1909092071           19.8403363353      0.6710000000      12.5264269564      2.5575257331      0.0000000000
2.1927506085           19.5933962677      0.6730000000      12.5186181378      2.5601862513      0.0000000000
2.1945655355           19.3511970748      0.6750000000      12.5108177295      2.5628105670      0.0000000000
2.1963542560           19.1136241955      0.6770000000      12.5030258783      2.5653989976      0.0000000000
2.1981170356           18.8805663882      0.6790000000      12.4952427435      2.5679518589      0.0000000000
2.1998541376           18.6519156241      0.6810000000      12.4874684771      2.5704694644      0.0000000000
2.2015658230           18.4275666155      0.6830000000      12.4797032155      2.5729521257      0.0000000000
2.2032523503           18.2074177624      0.6850000000      12.4719471145      2.5754001523      0.0000000000
2.2049139757           17.9913694630      0.6870000000      12.4642003099      2.5778138514      0.0000000000
2.2065509532           17.7793259209      0.6890000000      12.4564629441      2.5801935287      0.0000000000
2.2081635345           17.5711927520      0.6910000000      12.4487351411      2.5825394872      0.0000000000
2.2097519691           17.3668793240      0.6930000000      12.4410170438      2.5848520285      0.0000000000
2.2113165039           17.1662969701      0.6950000000      12.4333087813      2.5871314516      0.0000000000
2.2128573838           16.9693596098      0.6970000000      12.4256104783      2.5893780534      0.0000000000
2.2143748513           16.7759834170      0.6990000000      12.4179222568      2.5915921291      0.0000000000
2.2158691469           16.5860869109      0.7010000000      12.4102442410      2.5937739718      0.0000000000
2.2173405085           16.3995909795      0.7030000000      12.4025765487      2.5959238721      0.0000000000
2.2187891721           16.2164184829      0.7050000000      12.3949192960      2.5980421189      0.0000000000
2.2202153714           16.0364943723      0.7070000000      12.3872725974      2.6001289988      0.0000000000
2.2216193377           15.8597456364      0.7090000000      12.3796365602      2.6021847963      0.0000000000
2.2230013003           15.6861013247      0.7110000000      12.3720112960      2.6042097939      0.0000000000
2.2243614864           15.5154923284      0.7130000000      12.3643969107      2.6062042722      0.0000000000
2.2257001210           15.3478511109      0.7150000000      12.3567935114      2.6081685093      0.0000000000
2.2270174267           15.1831120567      0.7170000000      12.3492011890      2.6101027816      0.0000000000
2.2283136245           15.0212119434      0.7190000000      12.3416200493      2.6120073633      0.0000000000
2.2295889326           14.8620881511      0.7210000000      12.3340501888      2.6138825262      0.0000000000
2.2308435678           14.7056806545      0.7230000000      12.3264917043      2.6157285405      0.0000000000
2.2320777442           14.5519295877      0.7250000000      12.3189446779      2.6175456741      0.0000000000
2.2332916743           14.4007786029      0.7270000000      12.3114092070      2.6193341929      0.0000000000
2.2344855682           14.2521714226      0.7290000000      12.3038853826      2.6210943606      0.0000000000
2.2356596342           14.1060531688      0.7310000000      12.2963732791      2.6228264392      0.0000000000
2.2368140785           13.9623713258      0.7330000000      12.2888729875      2.6245306882      0.0000000000
2.2379491050           13.8210739326      0.7350000000      12.2813845862      2.6262073649      0.0000000000
2.2390649162           13.6821106009      0.7370000000      12.2739081569      2.6278567257      0.0000000000
2.2401617120           13.5454322068      0.7390000000      12.2664437744      2.6294790235      0.0000000000
2.2412396907           13.4109906904      0.7410000000      12.2589915153      2.6310745103      0.0000000000
2.2422990486           13.2787396937      0.7430000000      12.2515514504      2.6326434356      0.0000000000
2.2433399800           13.1486333574      0.7450000000      12.2441236550      2.6341860467      0.0000000000
2.2443626772           13.0206274667      0.7470000000      12.2367081943      2.6357025892      0.0000000000
2.2453673307           12.8946787245      0.7490000000      12.2293051419      2.6371933067      0.0000000000
2.2463541291           12.7707447859      0.7510000000      12.2219145520      2.6386584410      0.0000000000
2.2473232590           12.6487848802      0.7530000000      12.2145364954      2.6400982310      0.0000000000
2.2482749054           12.5287583289      0.7550000000      12.2071710423      2.6415129149      0.0000000000
2.2492092512           12.4106260570      0.7570000000      12.1998182368      2.6429027281      0.0000000000
2.2501264776           12.2943502756      0.7590000000      12.1924781455      2.6442679043      0.0000000000
2.2510267638           12.1798929362      0.7610000000      12.1851508313      2.6456086754      0.0000000000
2.2519102876           12.0672184269      0.7630000000      12.1778363435      2.6469252711      0.0000000000
2.2527772245           11.9562903882      0.7650000000      12.1705347308      2.6482179194      0.0000000000
2.2536277486           11.8470749396      0.7670000000      12.1632460504      2.6494868461      0.0000000000
2.2544620322           11.7395378468      0.7690000000      12.1559703556      2.6507322755      0.0000000000
2.2552802455           11.6336459012      0.7710000000      12.1487076927      2.6519544296      0.0000000000
2.2560825576           11.5293671688      0.7730000000      12.1414581089      2.6531535288      0.0000000000
2.2568691354           11.4266700266      0.7750000000      12.1342216503      2.6543297917      0.0000000000
2.2576401442           11.3255236981      0.7770000000      12.1269983622      2.6554834346      0.0000000000
2.2583957479           11.2258981575      0.7790000000      12.1197882862      2.6566146725      0.0000000000
2.2591361082           11.1277640739      0.7810000000      12.1125914624      2.6577237181      0.0000000000
2.2598613856           11.0310927798      0.7830000000      12.1054079325      2.6588107824      0.0000000000
2.2605717390           10.9358562826      0.7850000000      12.0982377364      2.6598760751      0.0000000000
2.2612673253           10.8420272255      0.7870000000      12.0910809096      2.6609198032      0.0000000000
2.2619483001           10.7495789238      0.7890000000      12.0839374882      2.6619421725      0.0000000000
2.2626148173           10.6584852792      0.7910000000      12.0768075077      2.6629433869      0.0000000000
2.2632670293           10.5687207953      0.7930000000      12.0696910016      2.6639236486      0.0000000000
2.2639050867           10.4802605008      0.7950000000      12.0625880032      2.6648831577      0.0000000000
2.2645291390           10.3930800256      0.7970000000      12.0554985449      2.6658221130      0.0000000000
2.2651393337           10.3071555627      0.7990000000      12.0484226523      2.6667407114      0.0000000000
2.2657358171           10.2224640131      0.8010000000      12.0413603548      2.6676391479      0.0000000000
2.2663187339           10.1389822570      0.8030000000      12.0343116887      2.6685176159      0.0000000000
2.2668882272           10.0566880741      0.8050000000      12.0272766664      2.6693763072      0.0000000000
2.2674444388            9.9755602145      0.8070000000      12.0202553172      2.6702154118      0.0000000000
2.2679875090            9.8955769348      0.8090000000      12.0132476692      2.6710351181      0.0000000000
2.2685175768            9.8167178000      0.8110000000      12.0062537452      2.6718356132      0.0000000000
2.2690347792            9.7389617098      0.8130000000      11.9992735647      2.6726170813      0.0000000000
2.2695392525            9.6622896023      0.8150000000      11.9923071466      2.6733797065      0.0000000000
2.2700311312            9.5866817662      0.8170000000      11.9853545132      2.6741236702      0.0000000000
2.2705105484            9.5121189097      0.8190000000      11.9784156854      2.6748491527      0.0000000000
2.2709776359            9.4385826377      0.8210000000      11.9714906759      2.6755563324      0.0000000000
2.2714325244            9.3660547880      0.8230000000      11.9645795055      2.6762453867      0.0000000000
2.2718753427            9.2945171548      0.8250000000      11.9576821874      2.6769164902      0.0000000000
2.2723062188            9.2239527039      0.8270000000      11.9507987369      2.6775698175      0.0000000000
2.2727252790            9.1543442101      0.8290000000      11.9439291701      2.6782055404      0.0000000000
2.2731326485            9.0856748454      0.8310000000      11.9370734975      2.6788238297      0.0000000000
2.2735284512            9.0179285086      0.8330000000      11.9302317329      2.6794248546      0.0000000000
2.2739128096            8.9510887053      0.8350000000      11.9234038866      2.6800087827      0.0000000000
2.2742858450            8.8851404141      0.8370000000      11.9165899693      2.6805757803      0.0000000000
2.2746476774            8.8200675935      0.8390000000      11.9097899885      2.6811260117      0.0000000000
2.2749984257            8.7558559324      0.8410000000      11.9030039547      2.6816596402      0.0000000000
2.2753382073            8.6924899925      0.8430000000      11.8962318751      2.6821768276      0.0000000000
2.2756671387            8.6299561046      0.8450000000      11.8894737561      2.6826777340      0.0000000000
2.2759853349            8.5682394173      0.8470000000      11.8827296074      2.6831625181      0.0000000000
2.2762929100            8.5073267235      0.8490000000      11.8759994300      2.6836313374      0.0000000000
2.2765899766            8.4472041405      0.8510000000      11.8692832347      2.6840843476      0.0000000000
2.2768766465            8.3878584524      0.8530000000      11.8625810184      2.6845217033      0.0000000000
2.2771530299            8.3292768610      0.8550000000      11.8558927867      2.6849435576      0.0000000000
2.2774192362            8.2714463698      0.8570000000      11.8492185443      2.6853500622      0.0000000000
2.2776753736            8.2143547706      0.8590000000      11.8425582914      2.6857413671      0.0000000000
2.2779215489            8.1579896750      0.8610000000      11.8359120282      2.6861176213      0.0000000000
2.2781578683            8.1023391792      0.8630000000      11.8292797575      2.6864789727      0.0000000000
2.2783844366            8.0473915507      0.8650000000      11.8226614765      2.6868255672      0.0000000000
2.2786013574            7.9931353642      0.8670000000      11.8160571842      2.6871575499      0.0000000000
2.2788087333            7.9395592353      0.8690000000      11.8094668872      2.6874750640      0.0000000000
2.2790066661            7.8866521161      0.8710000000      11.8028905700      2.6877782521      0.0000000000
2.2791952561            7.8344033591      0.8730000000      11.7963282375      2.6880672550      0.0000000000
2.2793746031            7.7828022707      0.8750000000      11.7897798844      2.6883422124      0.0000000000
2.2795448053            7.7318383425      0.8770000000      11.7832455132      2.6886032625      0.0000000000
2.2797059601            7.6815015212      0.8790000000      11.7767251114      2.6888505424      0.0000000000
2.2798581642            7.6317816642      0.8810000000      11.7702186734      2.6890841882      0.0000000000
2.2800015128            7.5826691704      0.8830000000      11.7637261976      2.6893043342      0.0000000000
2.2801361005            7.5341543743      0.8850000000      11.7572476767      2.6895111139      0.0000000000
2.2802620206            7.4862276734      0.8870000000      11.7507831054      2.6897046593      0.0000000000
2.2803793656            7.4388799535      0.8890000000      11.7443324768      2.6898851014      0.0000000000
2.2804882272            7.3921021655      0.8910000000      11.7378957816      2.6900525699      0.0000000000
2.2805886959            7.3458854186      0.8930000000      11.7314730113      2.6902071933      0.0000000000
2.2806808612            7.3002209614      0.8950000000      11.7250641510      2.6903490988      0.0000000000
2.2807648120            7.2551002396      0.8970000000      11.7186692006      2.6904784126      0.0000000000
2.2808406361            7.2105148665      0.8990000000      11.7122881483      2.6905952599      0.0000000000
2.2809084202            7.1664566085      0.9010000000      11.7059209839      2.6906997642      0.0000000000
2.2809682503            7.1229173660      0.9030000000      11.6995676954      2.6907920481      0.0000000000
2.2810202118            7.0798892168      0.9050000000      11.6932282730      2.6908722337      0.0000000000
2.2810643885            7.0373643857      0.9070000000      11.6869027040      2.6909404407      0.0000000000
2.2811008641            6.9953352309      0.9090000000      11.6805909774      2.6909967892      0.0000000000
2.2811297208            6.9537942627      0.9110000000      11.6742930804      2.6910413967      0.0000000000
2.2811510404            6.9127341241      0.9130000000      11.6680090005      2.6910743807      0.0000000000
2.2811649037            6.8721475978      0.9150000000      11.6617387244      2.6910958572      0.0000000000
2.2811713904            6.8320276020      0.9170000000      11.6554822388      2.6911059410      0.0000000000
2.2811705799            6.7923671828      0.9190000000      11.6492395301      2.6911047461      0.0000000000
2.2811625504            6.7531594767      0.9210000000      11.6430105839      2.6910923852      0.0000000000
2.2811473793            6.7143977720      0.9230000000      11.6367953817      2.6910689703      0.0000000000
2.2811251435            6.6760755119      0.9250000000      11.6305939124      2.6910346120      0.0000000000
2.2810959188            6.6381863109      0.9270000000      11.6244061590      2.6909894203      0.0000000000
2.2810597802            6.6007237740      0.9290000000      11.6182321070      2.6909335034      0.0000000000
2.2810168022            6.5636816206      0.9310000000      11.6120717396      2.6908669693      0.0000000000
2.2809670584            6.5270537171      0.9330000000      11.6059250420      2.6907899249      0.0000000000
2.2809106215            6.4908341066      0.9350000000      11.5997919983      2.6907024756      0.0000000000
2.2808475636            6.4550168367      0.9370000000      11.5936725892      2.6906047262      0.0000000000
2.2807779560            6.4195960945      0.9390000000      11.5875667941      2.6904967804      0.0000000000
2.2807018694            6.3845663536      0.9410000000      11.5814745991      2.6903787413      0.0000000000
2.2806193736            6.3499218959      0.9430000000      11.5753959852      2.6902507104      0.0000000000
2.2805305377            6.3156571725      0.9450000000      11.5693309377      2.6901127887      0.0000000000
2.2804354303            6.2817667713      0.9470000000      11.5632794366      2.6899650764      0.0000000000
2.2803341189            6.2482454130      0.9490000000      11.5572414584      2.6898076722      0.0000000000
2.2802266706            6.2150880760      0.9510000000      11.5512169863      2.6896406741      0.0000000000
2.2801131520            6.1822894510      0.9530000000      11.5452060039      2.6894641800      0.0000000000
2.2799936284            6.1498444485      0.9550000000      11.5392084924      2.6892782854      0.0000000000
2.2798681650            6.1177481345      0.9570000000      11.5332244261      2.6890830862      0.0000000000
2.2797368261            6.0859959120      0.9590000000      11.5272537864      2.6888786768      0.0000000000
2.2795996754            6.0545827736      0.9610000000      11.5212965608      2.6886651508      0.0000000000
2.2794567757            6.0235038891      0.9630000000      11.5153527169      2.6884426009      0.0000000000
2.2793081896            5.9927548985      0.9650000000      11.5094222416      2.6882111192      0.0000000000
2.2791539788            5.9623312784      0.9670000000      11.5035051132      2.6879707964      0.0000000000
2.2789942043            5.9322283003      0.9690000000      11.4976013079      2.6877217232      0.0000000000
2.2788289267            5.9024417813      0.9710000000      11.4917108057      2.6874639887      0.0000000000
2.2786582057            5.8729674949      0.9730000000      11.4858335878      2.6871976814      0.0000000000
2.2784821007            5.8438009043      0.9750000000      11.4799696248      2.6869228892      0.0000000000
2.2783006702            5.8149381011      0.9770000000      11.4741189004      2.6866396988      0.0000000000
2.2781139723            5.7863748994      0.9790000000      11.4682813950      2.6863481964      0.0000000000
2.2779220644            5.7581072074      0.9810000000      11.4624570809      2.6860484674      0.0000000000
2.2777250035            5.7301312830      0.9830000000      11.4566459348      2.6857405962      0.0000000000
2.2775228457            5.7024428802      0.9850000000      11.4508479377      2.6854246664      0.0000000000
2.2773156468            5.6750384794      0.9870000000      11.4450630648      2.6851007612      0.0000000000
2.2771034620            5.6479141243      0.9890000000      11.4392912958      2.6847689627      0.0000000000
2.2768863457            5.6210661766      0.9910000000      11.4335326036      2.6844293522      0.0000000000
2.2766643521            5.5944910290      0.9930000000      11.4277869673      2.6840820105      0.0000000000
2.2764375345            5.5681849528      0.9950000000      11.4220543614      2.6837270174      0.0000000000
2.2762059460            5.5421446787      0.9970000000      11.4163347636      2.6833644522      0.0000000000
2.2759696389            5.5163663872      0.9990000000      11.4106281484      2.6829943930      0.0000000000
2.2757286650            5.4908470431      1.0010000000      11.4049344939      2.6826169179      0.0000000000
2.2754830758            5.4655828655      1.0030000000      11.3992537740      2.6822321037      0.0000000000
2.2752329219            5.4405709856      1.0050000000      11.3935859663      2.6818400266      0.0000000000
2.2749782538            5.4158077056      1.0070000000      11.3879310449      2.6814407625      0.0000000000
2.2747191212            5.3912902631      1.0090000000      11.3822889862      2.6810343859      0.0000000000
2.2744555734            5.3670150860      1.0110000000      11.3766597653      2.6806209712      0.0000000000
2.2741876591            5.3429794750      1.0130000000      11.3710433570      2.6802005915      0.0000000000
2.2739154266            5.3191800287      1.0150000000      11.3654397369      2.6797733201      0.0000000000
2.2736389238            5.2956140345      1.0170000000      11.3598488790      2.6793392288      0.0000000000
2.2733581980            5.2722783409      1.0190000000      11.3542707596      2.6788983892      0.0000000000
2.2730732959            5.2491701020      1.0210000000      11.3487053529      2.6784508720      0.0000000000
2.2727842640            5.2262865527      1.0230000000      11.3431526348      2.6779967474      0.0000000000
2.2724911483            5.2036245535      1.0250000000      11.3376125771      2.6775360850      0.0000000000
2.2721939940            5.1811817351      1.0270000000      11.3320851565      2.6770689534      0.0000000000
2.2718928462            5.1589550566      1.0290000000      11.3265703469      2.6765954210      0.0000000000
2.2715877495            5.1369420623      1.0310000000      11.3210681216      2.6761155555      0.0000000000
2.2712787478            5.1151400047      1.0330000000      11.3155784579      2.6756294233      0.0000000000
2.2709658848            5.0935460938      1.0350000000      11.3101013251      2.6751370913      0.0000000000
2.2706492036            5.0721580808      1.0370000000      11.3046367004      2.6746386249      0.0000000000
2.2703287472            5.0509732848      1.0390000000      11.2991845591      2.6741340894      0.0000000000
2.2700045578            5.0299891505      1.0410000000      11.2937448708      2.6736235493      0.0000000000
2.2696766773            5.0092033455      1.0430000000      11.2883176134      2.6731070684      0.0000000000
2.2693451472            4.9886133958      1.0450000000      11.2829027604      2.6725847101      0.0000000000
2.2690100086            4.9682169195      1.0470000000      11.2775002811      2.6720565370      0.0000000000
2.2686713020            4.9480116086      1.0490000000      11.2721101543      2.6715226116      0.0000000000
2.2683290678            4.9279951641      1.0510000000      11.2667323539      2.6709829950      0.0000000000
2.2679833457            4.9081652028      1.0530000000      11.2613668464      2.6704377485      0.0000000000
2.2676341754            4.8885196375      1.0550000000      11.2560136119      2.6698869325      0.0000000000
2.2672815957            4.8690562145      1.0570000000      11.2506726227      2.6693306070      0.0000000000
2.2669256455            4.8497726526      1.0590000000      11.2453438526      2.6687688315      0.0000000000
2.2665663628            4.8306669798      1.0610000000      11.2400272711      2.6682016641      0.0000000000
2.2662037856            4.8117370149      1.0630000000      11.2347228545      2.6676291636      0.0000000000
2.2658379516            4.7929806814      1.0650000000      11.2294305796      2.6670513877      0.0000000000
2.2654688976            4.7743958571      1.0670000000      11.2241504109      2.6664683934      0.0000000000
2.2650966607            4.7559806708      1.0690000000      11.2188823282      2.6658802375      0.0000000000
2.2647212770            4.7377330590      1.0710000000      11.2136263016      2.6652869759      0.0000000000
2.2643427827            4.7196510868      1.0730000000      11.2083823086      2.6646886644      0.0000000000
2.2639612137            4.7017327279      1.0750000000      11.2031503175      2.6640853584      0.0000000000
2.2635766049            4.6839762249      1.0770000000      11.1979303009      2.6634771119      0.0000000000
2.2631889916            4.6663796354      1.0790000000      11.1927222363      2.6628639795      0.0000000000
2.2627984082            4.6489411705      1.0810000000      11.1875260916      2.6622460142      0.0000000000
2.2624048891            4.6316588767      1.0830000000      11.1823418488      2.6616232698      0.0000000000
2.2620084683            4.6145310429      1.0850000000      11.1771694677      2.6609957983      0.0000000000
2.2616091793            4.5975559309      1.0870000000      11.1720089291      2.6603636523      0.0000000000
2.2612070554            4.5807317761      1.0890000000      11.1668602069      2.6597268832      0.0000000000
2.2608021295            4.5640568851      1.0910000000      11.1617232686      2.6590855421      0.0000000000
2.2603944344            4.5475294851      1.0930000000      11.1565980941      2.6584396800      0.0000000000
2.2599840023            4.5311479407      1.0950000000      11.1514846550      2.6577893471      0.0000000000
2.2595708649            4.5149106391      1.0970000000      11.1463829138      2.6571345927      0.0000000000
2.2591550543            4.4988159321      1.0990000000      11.1412928536      2.6564754666      0.0000000000
2.2587366016            4.4828622440      1.1010000000      11.1362144464      2.6558120176      0.0000000000
2.2583155379            4.4670480131      1.1030000000      11.1311476628      2.6551442941      0.0000000000
2.2578918938            4.4513716295      1.1050000000      11.1260924746      2.6544723437      0.0000000000
2.2574656999            4.4358315445      1.1070000000      11.1210488596      2.6537962146      0.0000000000
2.2570369863            4.4204262863      1.1090000000      11.1160167878      2.6531159533      0.0000000000
2.2566057827            4.4051543946      1.1110000000      11.1109962309      2.6524316069      0.0000000000
2.2561721188            4.3900143436      1.1130000000      11.1059871581      2.6517432214      0.0000000000
2.2557360238            4.3750047126      1.1150000000      11.1009895470      2.6510508426      0.0000000000
2.2552975265            4.3601240653      1.1170000000      11.0960033719      2.6503545159      0.0000000000
2.2548566558            4.3453709989      1.1190000000      11.0910286036      2.6496542864      0.0000000000
2.2544134399            4.3307441144      1.1210000000      11.0860652147      2.6489501986      0.0000000000
2.2539679071            4.3162420537      1.1230000000      11.0811131775      2.6482422966      0.0000000000
2.2535200850            4.3018634303      1.1250000000      11.0761724650      2.6475306243      0.0000000000
2.2530700014            4.2876069330      1.1270000000      11.0712430508      2.6468152249      0.0000000000
2.2526176834            4.2734712210      1.1290000000      11.0663249087      2.6460961413      0.0000000000
2.2521631581            4.2594550069      1.1310000000      11.0614180113      2.6453734164      0.0000000000
2.2517064523            4.2455570180      1.1330000000      11.0565223303      2.6446470920      0.0000000000
2.2512475924            4.2317759897      1.1350000000      11.0516378389      2.6439172100      0.0000000000
2.2507866048            4.2181106755      1.1370000000      11.0467645101      2.6431838120      0.0000000000
2.2503235152            4.2045598475      1.1390000000      11.0419023164      2.6424469387      0.0000000000
2.2498583496            4.1911222939      1.1410000000      11.0370512313      2.6417066310      0.0000000000
2.2493911333            4.1777968155      1.1430000000      11.0322112272      2.6409629290      0.0000000000
2.2489218916            4.1645822226      1.1450000000      11.0273822777      2.6402158728      0.0000000000
2.2484506495            4.1514773481      1.1470000000      11.0225643558      2.6394655018      0.0000000000
2.2479774319            4.1384810406      1.1490000000      11.0177574347      2.6387118556      0.0000000000
2.2475022628            4.1255921649      1.1510000000      11.0129614868      2.6379549723      0.0000000000
2.2470251668            4.1128096001      1.1530000000      11.0081764856      2.6371948907      0.0000000000
2.2465461680            4.1001322400      1.1550000000      11.0034024046      2.6364316493      0.0000000000
2.2460652899            4.0875589942      1.1570000000      10.9986392162      2.6356652852      0.0000000000
2.2455825563            4.0750887896      1.1590000000      10.9938868944      2.6348958365      0.0000000000
2.2450979904            4.0627205662      1.1610000000      10.9891454115      2.6341233399      0.0000000000
2.2446116153            4.0504532692      1.1630000000      10.9844147411      2.6333478321      0.0000000000
2.2441234539            4.0382858641      1.1650000000      10.9796948565      2.6325693497      0.0000000000
2.2436335289            4.0262173287      1.1670000000      10.9749857317      2.6317879289      0.0000000000
2.2431418625            4.0142466563      1.1690000000      10.9702873390      2.6310036050      0.0000000000
2.2426484773            4.0023728338      1.1710000000      10.9655996535      2.6302164139      0.0000000000
2.2421533949            3.9905948639      1.1730000000      10.9609226478      2.6294263907      0.0000000000
2.2416566372            3.9789118046      1.1750000000      10.9562562937      2.6286335696      0.0000000000
2.2411582261            3.9673226920      1.1770000000      10.9516005669      2.6278379859      0.0000000000
2.2406581824            3.9558265902      1.1790000000      10.9469554391      2.6270396731      0.0000000000
2.2401565277            3.9444225684      1.1810000000      10.9423208849      2.6262386654      0.0000000000
2.2396532827            3.9331097000      1.1830000000      10.9376968783      2.6254349963      0.0000000000
2.2391484683            3.9218870292      1.1850000000      10.9330833924      2.6246286988      0.0000000000
2.2386421050            3.9107536797      1.1870000000      10.9284803988      2.6238198063      0.0000000000
2.2381342131            3.8997087840      1.1890000000      10.9238878734      2.6230083511      0.0000000000
2.2376248127            3.8887515008      1.1910000000      10.9193057882      2.6221943655      0.0000000000
2.2371139239            3.8778809353      1.1930000000      10.9147341188      2.6213778816      0.0000000000
2.2366015664            3.8670961582      1.1950000000      10.9101728401      2.6205589313      0.0000000000
2.2360877596            3.8563963738      1.1970000000      10.9056219244      2.6197375458      0.0000000000
2.2355725233            3.8457807860      1.1990000000      10.9010813458      2.6189137566      0.0000000000
